3 4
Azul 1 1 1 2
verde 3 4 2 1
CINZA 3 1 2 3
EUREKA
3 3
roxo 2 3 2 1
Roxo 1 1 2 3
roxo 2 2 1 1
EUREKA
1 1
ameixa 1 1 50 50
amarelo 1 1 50 50
ambar 1 1 50 50
azul 1 1 50 50
bege 1 1 50 50
bordo 1 1 50 50
branco 1 1 50 50
bronze 1 1 50 50
daramelo 1 1 50 50
daqui 1 1 50 50
dardo 1 1 50 50
darmesim 1 1 50 50
dainise 1 1 50 50
dourado 1 1 50 50
dourado_escuro 1 1 50 50
dourado_palido 1 1 50 50
lavanda_avermelhada 1 1 50 50
lilas 1 1 50 50
lima 1 1 50 50
Verde_PrimaveraMedio 1 1 50 50
EUREKA
100 100
ameixa 50 50 1 1
amarelo 1 1 50 50
ambar 50 50 1 1
azul 1 1 50 50
bege 50 50 1 1
bordo 1 1 50 50
branco 50 50 1 1
bronze 1 1 50 50
daramelo 50 50 1 1
daqui 1 1 50 50
dardo 50 50 1 1
darmesim 1 1 50 50
dainise 50 50 1 1
dourado 1 1 50 50
dourado_escuro 50 50 1 1
dourado_palido 1 1 50 50
lavanda_avermelhada 50 50 1 1
lilas 1 1 50 50
lima 50 50 1 1
verde_primavera_medi 1 1 50 50
EUREKA
100 100
Bege 1 1 50 50
Caramelo 1 100 50 50
Dainise 100 100 50 50
Escarlate 100 1 50 50
Feldspato 1 1 50 50
Grena 1 100 50 50
Herbal 100 100 50 50
Jade 100 1 50 50
Laranja 1 1 50 50
Madeira 1 100 50 50
Naval 100 100 50 50
Ocre 100 1 50 50
Pardo 1 1 50 50
Quantum 1 100 50 50
Renda_antiga 100 100 50 50
Salmao 100 1 50 50
Terracota 1 1 50 50
Urucum 1 100 50 50
Verde 100 100 50 50
Xanadu 100 1 50 50
EUREKA
100 100
BEGE 1 1 50 50
CARAMELO 1 100 50 50
DAINISE 100 100 50 50
ESCARLATE 100 1 50 50
FELDSPATO 1 1 50 50
GRENA 1 100 50 50
HERBAL 100 100 50 50
JADE 100 1 50 50
LARANJA 1 1 50 50
MADEIRA 1 100 50 50
NAVAL 100 100 50 50
OCRE 100 1 50 50
PARDO 1 1 50 50
QUANTUM 1 100 50 50
RENDA_ANTIGA 100 100 50 50
SALMAO 100 1 50 50
TERRACOTA 1 1 50 50
URUCUM 1 100 50 50
VERDE 100 100 50 50
XANADU 100 1 50 50
EUREKA
100 100
bege 1 1 50 50
caramelo 1 100 50 50
dainise 100 100 50 50
escarlate 100 1 50 50
feldspato 1 1 50 50
grena 1 100 50 50
herbal 100 100 50 50
jade 100 1 50 50
laranja 1 1 50 50
madeira 1 100 50 50
naval 100 100 50 50
ocre 100 1 50 50
pardo 1 1 50 50
quantum 1 100 50 50
renda_antiga 100 100 50 50
salmao 100 1 50 50
terracota 1 1 50 50
urucum 1 100 50 50
verde 100 100 50 50
xanadu 100 1 50 50
EUREKA
100 100
Naval 100 100 50 50
Ocre 100 100 50 50
Pardo 100 100 50 50
Quantum 100 100 50 50
Renda_antiga 100 100 50 50
Salmao 100 100 50 50
Terracota 100 100 50 50
Urucum 100 100 50 50
Verde 100 100 50 50
Xanadu 100 100 50 50
Bege 100 100 50 50
Caramelo 100 100 50 50
Dainise 100 100 50 50
Escarlate 100 100 50 50
Feldspato 100 100 50 50
Grena 100 100 50 50
Herbal 100 100 50 50
Jade 100 100 50 50
Laranja 100 100 50 50
Madeira 100 100 50 50
EUREKA
99 99
aaaaaaaaaaaaaaaaaaaa 50 50 50 50
bbbbbbbbbbbbbbbbbbbb 50 50 50 50
cccccccccccccccccccc 50 50 50 50
dddddddddddddddddddd 50 50 50 50
eeeeeeeeeeeeeeeeeeee 50 50 50 50
ffffffffffffffffffff 50 50 50 50
gggggggggggggggggggg 50 50 50 50
hhhhhhhhhhhhhhhhhhhh 50 50 50 50
iiiiiiiiiiiiiiiiiiii 50 50 50 50
jjjjjjjjjjjjjjjjjjjj 50 50 50 50
kkkkkkkkkkkkkkkkkkkk 50 50 50 50
llllllllllllllllllll 50 50 50 50
mmmmmmmmmmmmmmmmmmmm 50 50 50 50
nnnnnnnnnnnnnnnnnnnn 50 50 50 50
oooooooooooooooooooo 50 50 50 50
pppppppppppppppppppp 50 50 50 50
qqqqqqqqqqqqqqqqqqqq 50 50 50 50
rrrrrrrrrrrrrrrrrrrr 50 50 50 50
ssssssssssssssssssss 50 50 50 50
tttttttttttttttttttt 50 50 50 50
EUREKA
99 99
aaaaaaaaaaaaaaaaaaaa 1 1 50 50
bbbbbbbbbbbbbbbbbbbb 1 1 50 50
cccccccccccccccccccc 1 1 50 50
dddddddddddddddddddd 1 1 50 50
eeeeeeeeeeeeeeeeeeee 1 1 50 50
ffffffffffffffffffff 1 1 50 50
gggggggggggggggggggg 1 1 50 50
hhhhhhhhhhhhhhhhhhhh 1 1 50 50
iiiiiiiiiiiiiiiiiiii 1 1 50 50
jjjjjjjjjjjjjjjjjjjj 1 1 50 50
kkkkkkkkkkkkkkkkkkkk 1 1 50 50
llllllllllllllllllll 1 1 50 50
mmmmmmmmmmmmmmmmmmmm 1 1 50 50
nnnnnnnnnnnnnnnnnnnn 1 1 50 50
oooooooooooooooooooo 1 1 50 50
pppppppppppppppppppp 1 1 50 50
qqqqqqqqqqqqqqqqqqqq 1 1 50 50
rrrrrrrrrrrrrrrrrrrr 1 1 50 50
ssssssssssssssssssss 1 1 50 50
tttttttttttttttttttt 1 1 50 50
EUREKA
99 99
aaaaaaaaaaaaaaaaaaaa 1 1 1 1
bbbbbbbbbbbbbbbbbbbb 1 1 1 1
cccccccccccccccccccc 1 1 1 1
dddddddddddddddddddd 1 1 1 1
eeeeeeeeeeeeeeeeeeee 1 1 1 1
ffffffffffffffffffff 1 1 1 1
gggggggggggggggggggg 1 1 1 1
hhhhhhhhhhhhhhhhhhhh 1 1 1 1
iiiiiiiiiiiiiiiiiiii 1 1 1 1
jjjjjjjjjjjjjjjjjjjj 1 1 1 1
kkkkkkkkkkkkkkkkkkkk 1 1 1 1
llllllllllllllllllll 1 1 1 1
mmmmmmmmmmmmmmmmmmmm 1 1 1 1
nnnnnnnnnnnnnnnnnnnn 1 1 1 1
oooooooooooooooooooo 1 1 1 1
pppppppppppppppppppp 1 1 1 1
qqqqqqqqqqqqqqqqqqqq 1 1 1 1
rrrrrrrrrrrrrrrrrrrr 1 1 1 1
ssssssssssssssssssss 1 1 1 1
tttttttttttttttttttt 1 1 1 1
EUREKA
99 99
AAAAAAAAAAAAAAAAAAAA 1 1 2 2
BBBBBBBBBBBBBBBBBBBB 1 1 1 1
CCCCCCCCCCCCCCCCCCCC 1 1 1 1
DDDDDDDDDDDDDDDDDDDD 1 1 1 1
EEEEEEEEEEEEEEEEEEEE 1 1 1 1
FFFFFFFFFFFFFFFFFFFF 1 1 1 1
GGGGGGGGGGGGGGGGGGGG 1 1 1 1
HHHHHHHHHHHHHHHHHHHH 1 1 1 1
IIIIIIIIIIIIIIIIIIII 1 1 1 1
JJJJJJJJJJJJJJJJJJJJ 1 1 1 1
KKKKKKKKKKKKKKKKKKKK 1 1 1 1
LLLLLLLLLLLLLLLLLLLL 1 1 1 1
MMMMMMMMMMMMMMMMMMMM 1 1 1 1
NNNNNNNNNNNNNNNNNNNN 1 1 1 1
OOOOOOOOOOOOOOOOOOOO 1 1 1 1
PPPPPPPPPPPPPPPPPPPP 1 1 1 1
QQQQQQQQQQQQQQQQQQQQ 1 1 1 1
RRRRRRRRRRRRRRRRRRRR 1 1 1 1
SSSSSSSSSSSSSSSSSSSS 1 1 1 1
TTTTTTTTTTTTTTTTTTTT 1 1 1 1
EUREKA
1 1
v 1 1 2 2
a 1 1 3 3
v 1 1 2 2
a 1 1 3 3
v 1 1 2 2
a 1 1 3 3
v 1 1 2 2
a 1 1 3 3
v 1 1 2 2
a 1 1 3 3
v 1 1 2 2
a 1 1 3 3
v 1 1 2 2
a 1 1 3 3
v 1 1 2 2
a 1 1 3 3
v 1 1 2 2
a 1 1 3 3
v 1 1 2 2
a 1 1 3 3
v 1 1 2 2
a 1 1 3 3
v 1 1 2 2
a 1 1 3 3
v 1 1 2 2
a 1 1 3 3
v 1 1 2 2
a 1 1 3 3
v 1 1 2 2
a 1 1 3 3
v 1 1 2 2
a 1 1 3 3
v 1 1 2 2
a 1 1 3 3
v 1 1 2 2
a 1 1 3 3
v 1 1 2 2
a 1 1 3 3
v 1 1 2 2
a 1 1 3 3
v 1 1 2 2
a 1 1 3 3
v 1 1 2 2
a 1 1 3 3
v 1 1 2 2
a 1 1 3 3
v 1 1 2 2
a 1 1 3 3
v 1 1 2 2
a 1 1 3 3
v 1 1 2 2
a 1 1 3 3
v 1 1 2 2
a 1 1 3 3
v 1 1 2 2
a 1 1 3 3
v 1 1 2 2
a 1 1 3 3
v 1 1 2 2
a 1 1 3 3
v 1 1 2 2
a 1 1 3 3
v 1 1 2 2
a 1 1 3 3
v 1 1 2 2
a 1 1 3 3
v 1 1 2 2
a 1 1 3 3
v 1 1 2 2
a 1 1 3 3
v 1 1 2 2
a 1 1 3 3
v 1 1 2 2
a 1 1 3 3
v 1 1 2 2
a 1 1 3 3
v 1 1 2 2
a 1 1 3 3
v 1 1 2 2
a 1 1 3 3
v 1 1 2 2
a 1 1 3 3
v 1 1 2 2
a 1 1 3 3
v 1 1 2 2
a 1 1 3 3
v 1 1 2 2
a 1 1 3 3
v 1 1 2 2
a 1 1 3 3
v 1 1 2 2
a 1 1 3 3
v 1 1 2 2
a 1 1 3 3
v 1 1 2 2
a 1 1 3 3
v 1 1 2 2
a 1 1 3 3
v 1 1 2 2
a 1 1 3 3
v 1 1 2 2
a 1 1 3 3
v 1 1 2 2
a 1 1 3 3
v 1 1 2 2
a 1 1 3 3
v 1 1 2 2
a 1 1 3 3
v 1 1 2 2
a 1 1 3 3
v 1 1 2 2
a 1 1 3 3
v 1 1 2 2
a 1 1 3 3
v 1 1 2 2
a 1 1 3 3
v 1 1 2 2
a 1 1 3 3
v 1 1 2 2
a 1 1 3 3
v 1 1 2 2
a 1 1 3 3
v 1 1 2 2
a 1 1 3 3
v 1 1 2 2
a 1 1 3 3
v 1 1 2 2
a 1 1 3 3
v 1 1 2 2
a 1 1 3 3
v 1 1 2 2
a 1 1 3 3
v 1 1 2 2
a 1 1 3 3
v 1 1 2 2
a 1 1 3 3
v 1 1 2 2
a 1 1 3 3
v 1 1 2 2
a 1 1 3 3
v 1 1 2 2
a 1 1 3 3
v 1 1 2 2
a 1 1 3 3
v 1 1 2 2
a 1 1 3 3
v 1 1 2 2
a 1 1 3 3
v 1 1 2 2
a 1 1 3 3
v 1 1 2 2
a 1 1 3 3
v 1 1 2 2
a 1 1 3 3
v 1 1 2 2
a 1 1 3 3
v 1 1 2 2
a 1 1 3 3
v 1 1 2 2
a 1 1 3 3
v 1 1 2 2
a 1 1 3 3
v 1 1 2 2
a 1 1 3 3
v 1 1 2 2
a 1 1 3 3
v 1 1 2 2
a 1 1 3 3
v 1 1 2 2
a 1 1 3 3
v 1 1 2 2
a 1 1 3 3
v 1 1 2 2
a 1 1 3 3
v 1 1 2 2
a 1 1 3 3
v 1 1 2 2
a 1 1 3 3
v 1 1 2 2
a 1 1 3 3
v 1 1 2 2
a 1 1 3 3
v 1 1 2 2
a 1 1 3 3
v 1 1 2 2
a 1 1 3 3
v 1 1 2 2
a 1 1 3 3
v 1 1 2 2
a 1 1 3 3
v 1 1 2 2
a 1 1 3 3
v 1 1 2 2
a 1 1 3 3
v 1 1 2 2
a 1 1 3 3
v 1 1 2 2
a 1 1 3 3
v 1 1 2 2
a 1 1 3 3
v 1 1 2 2
a 1 1 3 3
v 1 1 2 2
a 1 1 3 3
v 1 1 2 2
a 1 1 3 3
v 1 1 2 2
a 1 1 3 3
v 1 1 2 2
a 1 1 3 3
v 1 1 2 2
a 1 1 3 3
v 1 1 2 2
a 1 1 3 3
v 1 1 2 2
a 1 1 3 3
v 1 1 2 2
a 1 1 3 3
v 1 1 2 2
a 1 1 3 3
v 1 1 2 2
a 1 1 3 3
v 1 1 2 2
a 1 1 3 3
v 1 1 2 2
a 1 1 3 3
v 1 1 2 2
a 1 1 3 3
v 1 1 2 2
a 1 1 3 3
v 1 1 2 2
a 1 1 3 3
v 1 1 2 2
a 1 1 3 3
v 1 1 2 2
a 1 1 3 3
v 1 1 2 2
a 1 1 3 3
v 1 1 2 2
a 1 1 3 3
v 1 1 2 2
a 1 1 3 3
v 1 1 2 2
a 1 1 3 3
v 1 1 2 2
a 1 1 3 3
v 1 1 2 2
a 1 1 3 3
v 1 1 2 2
a 1 1 3 3
v 1 1 2 2
a 1 1 3 3
v 1 1 2 2
a 1 1 3 3
v 1 1 2 2
a 1 1 3 3
v 1 1 2 2
a 1 1 3 3
v 1 1 2 2
a 1 1 3 3
v 1 1 2 2
a 1 1 3 3
v 1 1 2 2
a 1 1 3 3
v 1 1 2 2
a 1 1 3 3
v 1 1 2 2
a 1 1 3 3
v 1 1 2 2
a 1 1 3 3
v 1 1 2 2
a 1 1 3 3
v 1 1 2 2
a 1 1 3 3
v 1 1 2 2
a 1 1 3 3
v 1 1 2 2
a 1 1 3 3
v 1 1 2 2
a 1 1 3 3
v 1 1 2 2
a 1 1 3 3
v 1 1 2 2
a 1 1 3 3
v 1 1 2 2
a 1 1 3 3
v 1 1 2 2
a 1 1 3 3
v 1 1 2 2
a 1 1 3 3
v 1 1 2 2
a 1 1 3 3
v 1 1 2 2
a 1 1 3 3
v 1 1 2 2
a 1 1 3 3
v 1 1 2 2
a 1 1 3 3
v 1 1 2 2
a 1 1 3 3
v 1 1 2 2
a 1 1 3 3
v 1 1 2 2
a 1 1 3 3
v 1 1 2 2
a 1 1 3 3
v 1 1 2 2
a 1 1 3 3
v 1 1 2 2
a 1 1 3 3
v 1 1 2 2
a 1 1 3 3
v 1 1 2 2
a 1 1 3 3
v 1 1 2 2
a 1 1 3 3
v 1 1 2 2
a 1 1 3 3
v 1 1 2 2
a 1 1 3 3
v 1 1 2 2
a 1 1 3 3
v 1 1 2 2
a 1 1 3 3
v 1 1 2 2
a 1 1 3 3
v 1 1 2 2
a 1 1 3 3
v 1 1 2 2
a 1 1 3 3
v 1 1 2 2
a 1 1 3 3
v 1 1 2 2
a 1 1 3 3
v 1 1 2 2
a 1 1 3 3
v 1 1 2 2
a 1 1 3 3
v 1 1 2 2
a 1 1 3 3
v 1 1 2 2
a 1 1 3 3
v 1 1 2 2
a 1 1 3 3
v 1 1 2 2
a 1 1 3 3
v 1 1 2 2
a 1 1 3 3
v 1 1 2 2
a 1 1 3 3
v 1 1 2 2
a 1 1 3 3
v 1 1 2 2
a 1 1 3 3
v 1 1 2 2
a 1 1 3 3
v 1 1 2 2
a 1 1 3 3
v 1 1 2 2
a 1 1 3 3
v 1 1 2 2
a 1 1 3 3
v 1 1 2 2
a 1 1 3 3
v 1 1 2 2
a 1 1 3 3
v 1 1 2 2
a 1 1 3 3
v 1 1 2 2
a 1 1 3 3
v 1 1 2 2
a 1 1 3 3
v 1 1 2 2
a 1 1 3 3
v 1 1 2 2
a 1 1 3 3
v 1 1 2 2
a 1 1 3 3
v 1 1 2 2
a 1 1 3 3
v 1 1 2 2
a 1 1 3 3
v 1 1 2 2
a 1 1 3 3
v 1 1 2 2
a 1 1 3 3
v 1 1 2 2
a 1 1 3 3
v 1 1 2 2
a 1 1 3 3
v 1 1 2 2
a 1 1 3 3
v 1 1 2 2
a 1 1 3 3
v 1 1 2 2
a 1 1 3 3
v 1 1 2 2
a 1 1 3 3
v 1 1 2 2
a 1 1 3 3
v 1 1 2 2
a 1 1 3 3
v 1 1 2 2
a 1 1 3 3
v 1 1 2 2
a 1 1 3 3
v 1 1 2 2
a 1 1 3 3
v 1 1 2 2
a 1 1 3 3
v 1 1 2 2
a 1 1 3 3
v 1 1 2 2
a 1 1 3 3
v 1 1 2 2
a 1 1 3 3
v 1 1 2 2
a 1 1 3 3
v 1 1 2 2
a 1 1 3 3
v 1 1 2 2
a 1 1 3 3
v 1 1 2 2
a 1 1 3 3
v 1 1 2 2
a 1 1 3 3
v 1 1 2 2
a 1 1 3 3
v 1 1 2 2
a 1 1 3 3
v 1 1 2 2
a 1 1 3 3
v 1 1 2 2
a 1 1 3 3
v 1 1 2 2
a 1 1 3 3
v 1 1 2 2
a 1 1 3 3
v 1 1 2 2
a 1 1 3 3
v 1 1 2 2
a 1 1 3 3
v 1 1 2 2
a 1 1 3 3
v 1 1 2 2
a 1 1 3 3
v 1 1 2 2
a 1 1 3 3
v 1 1 2 2
a 1 1 3 3
v 1 1 2 2
a 1 1 3 3
v 1 1 2 2
a 1 1 3 3
v 1 1 2 2
a 1 1 3 3
v 1 1 2 2
a 1 1 3 3
v 1 1 2 2
a 1 1 3 3
v 1 1 2 2
a 1 1 3 3
v 1 1 2 2
a 1 1 3 3
v 1 1 2 2
a 1 1 3 3
v 1 1 2 2
a 1 1 3 3
v 1 1 2 2
a 1 1 3 3
v 1 1 2 2
a 1 1 3 3
v 1 1 2 2
a 1 1 3 3
v 1 1 2 2
a 1 1 3 3
v 1 1 2 2
a 1 1 3 3
v 1 1 2 2
a 1 1 3 3
v 1 1 2 2
a 1 1 3 3
v 1 1 2 2
a 1 1 3 3
v 1 1 2 2
a 1 1 3 3
v 1 1 2 2
a 1 1 3 3
v 1 1 2 2
a 1 1 3 3
v 1 1 2 2
a 1 1 3 3
v 1 1 2 2
a 1 1 3 3
v 1 1 2 2
a 1 1 3 3
v 1 1 2 2
a 1 1 3 3
v 1 1 2 2
a 1 1 3 3
v 1 1 2 2
a 1 1 3 3
v 1 1 2 2
a 1 1 3 3
v 1 1 2 2
a 1 1 3 3
v 1 1 2 2
a 1 1 3 3
v 1 1 2 2
a 1 1 3 3
v 1 1 2 2
a 1 1 3 3
v 1 1 2 2
a 1 1 3 3
v 1 1 2 2
a 1 1 3 3
v 1 1 2 2
a 1 1 3 3
v 1 1 2 2
a 1 1 3 3
v 1 1 2 2
a 1 1 3 3
v 1 1 2 2
a 1 1 3 3
v 1 1 2 2
a 1 1 3 3
v 1 1 2 2
a 1 1 3 3
v 1 1 2 2
a 1 1 3 3
v 1 1 2 2
a 1 1 3 3
v 1 1 2 2
a 1 1 3 3
v 1 1 2 2
a 1 1 3 3
v 1 1 2 2
a 1 1 3 3
v 1 1 2 2
a 1 1 3 3
v 1 1 2 2
a 1 1 3 3
v 1 1 2 2
a 1 1 3 3
v 1 1 2 2
a 1 1 3 3
v 1 1 2 2
a 1 1 3 3
v 1 1 2 2
a 1 1 3 3
v 1 1 2 2
a 1 1 3 3
v 1 1 2 2
a 1 1 3 3
v 1 1 2 2
a 1 1 3 3
v 1 1 2 2
a 1 1 3 3
v 1 1 2 2
a 1 1 3 3
v 1 1 2 2
a 1 1 3 3
v 1 1 2 2
a 1 1 3 3
v 1 1 2 2
a 1 1 3 3
v 1 1 2 2
a 1 1 3 3
v 1 1 2 2
a 1 1 3 3
v 1 1 2 2
a 1 1 3 3
v 1 1 2 2
a 1 1 3 3
v 1 1 2 2
a 1 1 3 3
v 1 1 2 2
a 1 1 3 3
v 1 1 2 2
a 1 1 3 3
v 1 1 2 2
a 1 1 3 3
v 1 1 2 2
a 1 1 3 3
v 1 1 2 2
a 1 1 3 3
v 1 1 2 2
a 1 1 3 3
v 1 1 2 2
a 1 1 3 3
v 1 1 2 2
a 1 1 3 3
v 1 1 2 2
a 1 1 3 3
v 1 1 2 2
a 1 1 3 3
v 1 1 2 2
a 1 1 3 3
v 1 1 2 2
a 1 1 3 3
v 1 1 2 2
a 1 1 3 3
v 1 1 2 2
a 1 1 3 3
v 1 1 2 2
a 1 1 3 3
v 1 1 2 2
a 1 1 3 3
v 1 1 2 2
a 1 1 3 3
v 1 1 2 2
a 1 1 3 3
v 1 1 2 2
a 1 1 3 3
v 1 1 2 2
a 1 1 3 3
v 1 1 2 2
a 1 1 3 3
v 1 1 2 2
a 1 1 3 3
v 1 1 2 2
a 1 1 3 3
v 1 1 2 2
a 1 1 3 3
v 1 1 2 2
a 1 1 3 3
v 1 1 2 2
a 1 1 3 3
v 1 1 2 2
a 1 1 3 3
v 1 1 2 2
a 1 1 3 3
v 1 1 2 2
a 1 1 3 3
v 1 1 2 2
a 1 1 3 3
v 1 1 2 2
a 1 1 3 3
v 1 1 2 2
a 1 1 3 3
v 1 1 2 2
a 1 1 3 3
v 1 1 2 2
a 1 1 3 3
v 1 1 2 2
a 1 1 3 3
v 1 1 2 2
a 1 1 3 3
v 1 1 2 2
a 1 1 3 3
v 1 1 2 2
a 1 1 3 3
v 1 1 2 2
a 1 1 3 3
v 1 1 2 2
a 1 1 3 3
v 1 1 2 2
a 1 1 3 3
v 1 1 2 2
a 1 1 3 3
v 1 1 2 2
a 1 1 3 3
v 1 1 2 2
a 1 1 3 3
v 1 1 2 2
a 1 1 3 3
v 1 1 2 2
a 1 1 3 3
v 1 1 2 2
a 1 1 3 3
v 1 1 2 2
a 1 1 3 3
v 1 1 2 2
a 1 1 3 3
v 1 1 2 2
a 1 1 3 3
v 1 1 2 2
a 1 1 3 3
v 1 1 2 2
a 1 1 3 3
v 1 1 2 2
a 1 1 3 3
v 1 1 2 2
a 1 1 3 3
v 1 1 2 2
a 1 1 3 3
v 1 1 2 2
a 1 1 3 3
v 1 1 2 2
a 1 1 3 3
v 1 1 2 2
a 1 1 3 3
v 1 1 2 2
a 1 1 3 3
v 1 1 2 2
a 1 1 3 3
v 1 1 2 2
a 1 1 3 3
v 1 1 2 2
a 1 1 3 3
v 1 1 2 2
a 1 1 3 3
v 1 1 2 2
a 1 1 3 3
v 1 1 2 2
a 1 1 3 3
v 1 1 2 2
a 1 1 3 3
v 1 1 2 2
a 1 1 3 3
v 1 1 2 2
a 1 1 3 3
v 1 1 2 2
a 1 1 3 3
v 1 1 2 2
a 1 1 3 3
v 1 1 2 2
a 1 1 3 3
v 1 1 2 2
a 1 1 3 3
v 1 1 2 2
a 1 1 3 3
v 1 1 2 2
a 1 1 3 3
v 1 1 2 2
a 1 1 3 3
v 1 1 2 2
a 1 1 3 3
v 1 1 2 2
a 1 1 3 3
v 1 1 2 2
a 1 1 3 3
v 1 1 2 2
a 1 1 3 3
v 1 1 2 2
a 1 1 3 3
v 1 1 2 2
a 1 1 3 3
v 1 1 2 2
a 1 1 3 3
v 1 1 2 2
a 1 1 3 3
v 1 1 2 2
a 1 1 3 3
v 1 1 2 2
a 1 1 3 3
v 1 1 2 2
a 1 1 3 3
v 1 1 2 2
a 1 1 3 3
v 1 1 2 2
a 1 1 3 3
v 1 1 2 2
a 1 1 3 3
v 1 1 2 2
a 1 1 3 3
v 1 1 2 2
a 1 1 3 3
v 1 1 2 2
a 1 1 3 3
v 1 1 2 2
a 1 1 3 3
v 1 1 2 2
a 1 1 3 3
v 1 1 2 2
a 1 1 3 3
v 1 1 2 2
a 1 1 3 3
v 1 1 2 2
a 1 1 3 3
v 1 1 2 2
a 1 1 3 3
v 1 1 2 2
a 1 1 3 3
v 1 1 2 2
a 1 1 3 3
v 1 1 2 2
a 1 1 3 3
v 1 1 2 2
a 1 1 3 3
v 1 1 2 2
a 1 1 3 3
v 1 1 2 2
a 1 1 3 3
v 1 1 2 2
a 1 1 3 3
v 1 1 2 2
a 1 1 3 3
v 1 1 2 2
a 1 1 3 3
v 1 1 2 2
a 1 1 3 3
v 1 1 2 2
a 1 1 3 3
v 1 1 2 2
a 1 1 3 3
v 1 1 2 2
a 1 1 3 3
v 1 1 2 2
a 1 1 3 3
v 1 1 2 2
a 1 1 3 3
v 1 1 2 2
a 1 1 3 3
v 1 1 2 2
a 1 1 3 3
v 1 1 2 2
a 1 1 3 3
v 1 1 2 2
a 1 1 3 3
v 1 1 2 2
a 1 1 3 3
v 1 1 2 2
a 1 1 3 3
v 1 1 2 2
a 1 1 3 3
v 1 1 2 2
a 1 1 3 3
v 1 1 2 2
a 1 1 3 3
v 1 1 2 2
a 1 1 3 3
v 1 1 2 2
a 1 1 3 3
v 1 1 2 2
a 1 1 3 3
v 1 1 2 2
a 1 1 3 3
v 1 1 2 2
a 1 1 3 3
v 1 1 2 2
a 1 1 3 3
v 1 1 2 2
a 1 1 3 3
v 1 1 2 2
a 1 1 3 3
v 1 1 2 2
a 1 1 3 3
v 1 1 2 2
a 1 1 3 3
v 1 1 2 2
a 1 1 3 3
v 1 1 2 2
a 1 1 3 3
v 1 1 2 2
a 1 1 3 3
v 1 1 2 2
a 1 1 3 3
v 1 1 2 2
a 1 1 3 3
v 1 1 2 2
a 1 1 3 3
v 1 1 2 2
a 1 1 3 3
v 1 1 2 2
a 1 1 3 3
v 1 1 2 2
a 1 1 3 3
v 1 1 2 2
a 1 1 3 3
v 1 1 2 2
a 1 1 3 3
v 1 1 2 2
a 1 1 3 3
v 1 1 2 2
a 1 1 3 3
v 1 1 2 2
a 1 1 3 3
v 1 1 2 2
a 1 1 3 3
v 1 1 2 2
a 1 1 3 3
v 1 1 2 2
a 1 1 3 3
v 1 1 2 2
a 1 1 3 3
v 1 1 2 2
a 1 1 3 3
v 1 1 2 2
a 1 1 3 3
v 1 1 2 2
a 1 1 3 3
v 1 1 2 2
a 1 1 3 3
v 1 1 2 2
a 1 1 3 3
v 1 1 2 2
a 1 1 3 3
v 1 1 2 2
a 1 1 3 3
v 1 1 2 2
a 1 1 3 3
v 1 1 2 2
a 1 1 3 3
v 1 1 2 2
a 1 1 3 3
v 1 1 2 2
a 1 1 3 3
v 1 1 2 2
a 1 1 3 3
v 1 1 2 2
a 1 1 3 3
v 1 1 2 2
a 1 1 3 3
v 1 1 2 2
a 1 1 3 3
v 1 1 2 2
a 1 1 3 3
v 1 1 2 2
a 1 1 3 3
v 1 1 2 2
a 1 1 3 3
v 1 1 2 2
a 1 1 3 3
v 1 1 2 2
a 1 1 3 3
v 1 1 2 2
a 1 1 3 3
v 1 1 2 2
a 1 1 3 3
v 1 1 2 2
a 1 1 3 3
v 1 1 2 2
a 1 1 3 3
v 1 1 2 2
a 1 1 3 3
v 1 1 2 2
a 1 1 3 3
v 1 1 2 2
a 1 1 3 3
v 1 1 2 2
a 1 1 3 3
v 1 1 2 2
a 1 1 3 3
v 1 1 2 2
a 1 1 3 3
v 1 1 2 2
a 1 1 3 3
v 1 1 2 2
a 1 1 3 3
v 1 1 2 2
a 1 1 3 3
v 1 1 2 2
a 1 1 3 3
v 1 1 2 2
a 1 1 3 3
v 1 1 2 2
a 1 1 3 3
v 1 1 2 2
a 1 1 3 3
v 1 1 2 2
a 1 1 3 3
v 1 1 2 2
a 1 1 3 3
v 1 1 2 2
a 1 1 3 3
v 1 1 2 2
a 1 1 3 3
v 1 1 2 2
a 1 1 3 3
v 1 1 2 2
a 1 1 3 3
v 1 1 2 2
a 1 1 3 3
v 1 1 2 2
a 1 1 3 3
v 1 1 2 2
a 1 1 3 3
v 1 1 2 2
a 1 1 3 3
v 1 1 2 2
a 1 1 3 3
v 1 1 2 2
a 1 1 3 3
v 1 1 2 2
a 1 1 3 3
v 1 1 2 2
a 1 1 3 3
v 1 1 2 2
a 1 1 3 3
v 1 1 2 2
a 1 1 3 3
v 1 1 2 2
a 1 1 3 3
v 1 1 2 2
a 1 1 3 3
v 1 1 2 2
a 1 1 3 3
v 1 1 2 2
a 1 1 3 3
v 1 1 2 2
a 1 1 3 3
v 1 1 2 2
a 1 1 3 3
v 1 1 2 2
a 1 1 3 3
v 1 1 2 2
a 1 1 3 3
v 1 1 2 2
a 1 1 3 3
v 1 1 2 2
a 1 1 3 3
v 1 1 2 2
a 1 1 3 3
v 1 1 2 2
a 1 1 3 3
v 1 1 2 2
a 1 1 3 3
v 1 1 2 2
a 1 1 3 3
v 1 1 2 2
a 1 1 3 3
v 1 1 2 2
a 1 1 3 3
v 1 1 2 2
a 1 1 3 3
v 1 1 2 2
a 1 1 3 3
v 1 1 2 2
a 1 1 3 3
v 1 1 2 2
a 1 1 3 3
v 1 1 2 2
a 1 1 3 3
v 1 1 2 2
a 1 1 3 3
v 1 1 2 2
a 1 1 3 3
v 1 1 2 2
a 1 1 3 3
v 1 1 2 2
a 1 1 3 3
v 1 1 2 2
a 1 1 3 3
v 1 1 2 2
a 1 1 3 3
v 1 1 2 2
a 1 1 3 3
v 1 1 2 2
a 1 1 3 3
v 1 1 2 2
a 1 1 3 3
v 1 1 2 2
a 1 1 3 3
v 1 1 2 2
a 1 1 3 3
v 1 1 2 2
a 1 1 3 3
v 1 1 2 2
a 1 1 3 3
v 1 1 2 2
a 1 1 3 3
v 1 1 2 2
a 1 1 3 3
v 1 1 2 2
a 1 1 3 3
v 1 1 2 2
a 1 1 3 3
v 1 1 2 2
a 1 1 3 3
v 1 1 2 2
a 1 1 3 3
v 1 1 2 2
a 1 1 3 3
v 1 1 2 2
a 1 1 3 3
v 1 1 2 2
a 1 1 3 3
v 1 1 2 2
a 1 1 3 3
v 1 1 2 2
a 1 1 3 3
v 1 1 2 2
a 1 1 3 3
v 1 1 2 2
a 1 1 3 3
v 1 1 2 2
a 1 1 3 3
v 1 1 2 2
a 1 1 3 3
v 1 1 2 2
a 1 1 3 3
v 1 1 2 2
a 1 1 3 3
v 1 1 2 2
a 1 1 3 3
v 1 1 2 2
a 1 1 3 3
v 1 1 2 2
a 1 1 3 3
v 1 1 2 2
a 1 1 3 3
v 1 1 2 2
a 1 1 3 3
v 1 1 2 2
a 1 1 3 3
v 1 1 2 2
a 1 1 3 3
v 1 1 2 2
a 1 1 3 3
v 1 1 2 2
a 1 1 3 3
v 1 1 2 2
a 1 1 3 3
v 1 1 2 2
a 1 1 3 3
v 1 1 2 2
a 1 1 3 3
v 1 1 2 2
a 1 1 3 3
v 1 1 2 2
a 1 1 3 3
v 1 1 2 2
a 1 1 3 3
v 1 1 2 2
a 1 1 3 3
v 1 1 2 2
a 1 1 3 3
v 1 1 2 2
a 1 1 3 3
v 1 1 2 2
a 1 1 3 3
v 1 1 2 2
a 1 1 3 3
v 1 1 2 2
a 1 1 3 3
v 1 1 2 2
a 1 1 3 3
v 1 1 2 2
a 1 1 3 3
v 1 1 2 2
a 1 1 3 3
v 1 1 2 2
a 1 1 3 3
v 1 1 2 2
a 1 1 3 3
v 1 1 2 2
a 1 1 3 3
v 1 1 2 2
a 1 1 3 3
v 1 1 2 2
a 1 1 3 3
v 1 1 2 2
a 1 1 3 3
v 1 1 2 2
a 1 1 3 3
v 1 1 2 2
a 1 1 3 3
v 1 1 2 2
a 1 1 3 3
v 1 1 2 2
a 1 1 3 3
v 1 1 2 2
a 1 1 3 3
v 1 1 2 2
a 1 1 3 3
v 1 1 2 2
a 1 1 3 3
v 1 1 2 2
a 1 1 3 3
v 1 1 2 2
a 1 1 3 3
v 1 1 2 2
a 1 1 3 3
v 1 1 2 2
a 1 1 3 3
v 1 1 2 2
a 1 1 3 3
v 1 1 2 2
a 1 1 3 3
v 1 1 2 2
a 1 1 3 3
v 1 1 2 2
a 1 1 3 3
v 1 1 2 2
a 1 1 3 3
v 1 1 2 2
a 1 1 3 3
v 1 1 2 2
a 1 1 3 3
v 1 1 2 2
a 1 1 3 3
v 1 1 2 2
a 1 1 3 3
v 1 1 2 2
a 1 1 3 3
v 1 1 2 2
a 1 1 3 3
v 1 1 2 2
a 1 1 3 3
v 1 1 2 2
a 1 1 3 3
v 1 1 2 2
a 1 1 3 3
v 1 1 2 2
a 1 1 3 3
v 1 1 2 2
a 1 1 3 3
v 1 1 2 2
a 1 1 3 3
v 1 1 2 2
a 1 1 3 3
v 1 1 2 2
a 1 1 3 3
v 1 1 2 2
a 1 1 3 3
v 1 1 2 2
a 1 1 3 3
v 1 1 2 2
a 1 1 3 3
v 1 1 2 2
a 1 1 3 3
v 1 1 2 2
a 1 1 3 3
v 1 1 2 2
a 1 1 3 3
v 1 1 2 2
a 1 1 3 3
v 1 1 2 2
a 1 1 3 3
v 1 1 2 2
a 1 1 3 3
v 1 1 2 2
a 1 1 3 3
v 1 1 2 2
a 1 1 3 3
v 1 1 2 2
a 1 1 3 3
v 1 1 2 2
a 1 1 3 3
v 1 1 2 2
a 1 1 3 3
v 1 1 2 2
a 1 1 3 3
v 1 1 2 2
a 1 1 3 3
v 1 1 2 2
a 1 1 3 3
v 1 1 2 2
a 1 1 3 3
v 1 1 2 2
a 1 1 3 3
v 1 1 2 2
a 1 1 3 3
v 1 1 2 2
a 1 1 3 3
v 1 1 2 2
a 1 1 3 3
v 1 1 2 2
a 1 1 3 3
v 1 1 2 2
a 1 1 3 3
v 1 1 2 2
a 1 1 3 3
v 1 1 2 2
a 1 1 3 3
v 1 1 2 2
a 1 1 3 3
v 1 1 2 2
a 1 1 3 3
v 1 1 2 2
a 1 1 3 3
v 1 1 2 2
a 1 1 3 3
v 1 1 2 2
a 1 1 3 3
v 1 1 2 2
a 1 1 3 3
v 1 1 2 2
a 1 1 3 3
v 1 1 2 2
a 1 1 3 3
v 1 1 2 2
a 1 1 3 3
v 1 1 2 2
a 1 1 3 3
v 1 1 2 2
a 1 1 3 3
v 1 1 2 2
a 1 1 3 3
v 1 1 2 2
a 1 1 3 3
v 1 1 2 2
a 1 1 3 3
v 1 1 2 2
a 1 1 3 3
v 1 1 2 2
a 1 1 3 3
v 1 1 2 2
a 1 1 3 3
v 1 1 2 2
a 1 1 3 3
v 1 1 2 2
a 1 1 3 3
v 1 1 2 2
a 1 1 3 3
v 1 1 2 2
a 1 1 3 3
v 1 1 2 2
a 1 1 3 3
v 1 1 2 2
a 1 1 3 3
v 1 1 2 2
a 1 1 3 3
v 1 1 2 2
a 1 1 3 3
v 1 1 2 2
a 1 1 3 3
v 1 1 2 2
a 1 1 3 3
v 1 1 2 2
a 1 1 3 3
v 1 1 2 2
a 1 1 3 3
v 1 1 2 2
a 1 1 3 3
v 1 1 2 2
a 1 1 3 3
v 1 1 2 2
a 1 1 3 3
v 1 1 2 2
a 1 1 3 3
v 1 1 2 2
a 1 1 3 3
v 1 1 2 2
a 1 1 3 3
v 1 1 2 2
a 1 1 3 3
v 1 1 2 2
a 1 1 3 3
v 1 1 2 2
a 1 1 3 3
v 1 1 2 2
a 1 1 3 3
v 1 1 2 2
a 1 1 3 3
v 1 1 2 2
a 1 1 3 3
v 1 1 2 2
a 1 1 3 3
v 1 1 2 2
a 1 1 3 3
v 1 1 2 2
a 1 1 3 3
v 1 1 2 2
a 1 1 3 3
v 1 1 2 2
a 1 1 3 3
v 1 1 2 2
a 1 1 3 3
v 1 1 2 2
a 1 1 3 3
v 1 1 2 2
a 1 1 3 3
v 1 1 2 2
a 1 1 3 3
v 1 1 2 2
a 1 1 3 3
v 1 1 2 2
a 1 1 3 3
v 1 1 2 2
a 1 1 3 3
v 1 1 2 2
a 1 1 3 3
v 1 1 2 2
a 1 1 3 3
v 1 1 2 2
a 1 1 3 3
v 1 1 2 2
a 1 1 3 3
v 1 1 2 2
a 1 1 3 3
v 1 1 2 2
a 1 1 3 3
v 1 1 2 2
a 1 1 3 3
v 1 1 2 2
a 1 1 3 3
v 1 1 2 2
a 1 1 3 3
v 1 1 2 2
a 1 1 3 3
v 1 1 2 2
a 1 1 3 3
v 1 1 2 2
a 1 1 3 3
v 1 1 2 2
a 1 1 3 3
v 1 1 2 2
a 1 1 3 3
v 1 1 2 2
a 1 1 3 3
v 1 1 2 2
a 1 1 3 3
v 1 1 2 2
a 1 1 3 3
v 1 1 2 2
a 1 1 3 3
v 1 1 2 2
a 1 1 3 3
v 1 1 2 2
a 1 1 3 3
v 1 1 2 2
a 1 1 3 3
v 1 1 2 2
a 1 1 3 3
v 1 1 2 2
a 1 1 3 3
v 1 1 2 2
a 1 1 3 3
v 1 1 2 2
a 1 1 3 3
v 1 1 2 2
a 1 1 3 3
v 1 1 2 2
a 1 1 3 3
v 1 1 2 2
a 1 1 3 3
v 1 1 2 2
a 1 1 3 3
v 1 1 2 2
a 1 1 3 3
v 1 1 2 2
a 1 1 3 3
v 1 1 2 2
a 1 1 3 3
v 1 1 2 2
a 1 1 3 3
v 1 1 2 2
a 1 1 3 3
v 1 1 2 2
a 1 1 3 3
v 1 1 2 2
a 1 1 3 3
v 1 1 2 2
a 1 1 3 3
v 1 1 2 2
a 1 1 3 3
v 1 1 2 2
a 1 1 3 3
v 1 1 2 2
a 1 1 3 3
v 1 1 2 2
a 1 1 3 3
v 1 1 2 2
a 1 1 3 3
v 1 1 2 2
a 1 1 3 3
v 1 1 2 2
a 1 1 3 3
v 1 1 2 2
a 1 1 3 3
v 1 1 2 2
a 1 1 3 3
v 1 1 2 2
a 1 1 3 3
v 1 1 2 2
a 1 1 3 3
v 1 1 2 2
a 1 1 3 3
v 1 1 2 2
a 1 1 3 3
v 1 1 2 2
a 1 1 3 3
v 1 1 2 2
a 1 1 3 3
v 1 1 2 2
a 1 1 3 3
v 1 1 2 2
a 1 1 3 3
v 1 1 2 2
a 1 1 3 3
v 1 1 2 2
a 1 1 3 3
v 1 1 2 2
a 1 1 3 3
v 1 1 2 2
a 1 1 3 3
v 1 1 2 2
a 1 1 3 3
v 1 1 2 2
a 1 1 3 3
v 1 1 2 2
a 1 1 3 3
v 1 1 2 2
a 1 1 3 3
v 1 1 2 2
a 1 1 3 3
v 1 1 2 2
a 1 1 3 3
v 1 1 2 2
a 1 1 3 3
v 1 1 2 2
a 1 1 3 3
v 1 1 2 2
a 1 1 3 3
v 1 1 2 2
a 1 1 3 3
v 1 1 2 2
a 1 1 3 3
v 1 1 2 2
a 1 1 3 3
v 1 1 2 2
a 1 1 3 3
v 1 1 2 2
a 1 1 3 3
v 1 1 2 2
a 1 1 3 3
v 1 1 2 2
a 1 1 3 3
v 1 1 2 2
a 1 1 3 3
v 1 1 2 2
a 1 1 3 3
v 1 1 2 2
a 1 1 3 3
v 1 1 2 2
a 1 1 3 3
v 1 1 2 2
a 1 1 3 3
v 1 1 2 2
a 1 1 3 3
v 1 1 2 2
a 1 1 3 3
v 1 1 2 2
a 1 1 3 3
v 1 1 2 2
a 1 1 3 3
v 1 1 2 2
a 1 1 3 3
v 1 1 2 2
a 1 1 3 3
v 1 1 2 2
a 1 1 3 3
v 1 1 2 2
a 1 1 3 3
v 1 1 2 2
a 1 1 3 3
v 1 1 2 2
a 1 1 3 3
v 1 1 2 2
a 1 1 3 3
v 1 1 2 2
a 1 1 3 3
v 1 1 2 2
a 1 1 3 3
v 1 1 2 2
a 1 1 3 3
v 1 1 2 2
a 1 1 3 3
v 1 1 2 2
a 1 1 3 3
v 1 1 2 2
a 1 1 3 3
v 1 1 2 2
a 1 1 3 3
v 1 1 2 2
a 1 1 3 3
v 1 1 2 2
a 1 1 3 3
v 1 1 2 2
a 1 1 3 3
v 1 1 2 2
a 1 1 3 3
v 1 1 2 2
a 1 1 3 3
v 1 1 2 2
a 1 1 3 3
v 1 1 2 2
a 1 1 3 3
v 1 1 2 2
a 1 1 3 3
v 1 1 2 2
a 1 1 3 3
v 1 1 2 2
a 1 1 3 3
v 1 1 2 2
a 1 1 3 3
v 1 1 2 2
a 1 1 3 3
v 1 1 2 2
a 1 1 3 3
v 1 1 2 2
a 1 1 3 3
v 1 1 2 2
a 1 1 3 3
v 1 1 2 2
a 1 1 3 3
v 1 1 2 2
a 1 1 3 3
v 1 1 2 2
a 1 1 3 3
v 1 1 2 2
a 1 1 3 3
v 1 1 2 2
a 1 1 3 3
v 1 1 2 2
a 1 1 3 3
v 1 1 2 2
a 1 1 3 3
v 1 1 2 2
a 1 1 3 3
v 1 1 2 2
a 1 1 3 3
v 1 1 2 2
a 1 1 3 3
v 1 1 2 2
a 1 1 3 3
v 1 1 2 2
a 1 1 3 3
v 1 1 2 2
a 1 1 3 3
v 1 1 2 2
a 1 1 3 3
v 1 1 2 2
a 1 1 3 3
v 1 1 2 2
a 1 1 3 3
v 1 1 2 2
a 1 1 3 3
v 1 1 2 2
a 1 1 3 3
v 1 1 2 2
a 1 1 3 3
v 1 1 2 2
a 1 1 3 3
v 1 1 2 2
a 1 1 3 3
v 1 1 2 2
a 1 1 3 3
v 1 1 2 2
a 1 1 3 3
v 1 1 2 2
a 1 1 3 3
v 1 1 2 2
a 1 1 3 3
v 1 1 2 2
a 1 1 3 3
v 1 1 2 2
a 1 1 3 3
v 1 1 2 2
a 1 1 3 3
v 1 1 2 2
a 1 1 3 3
v 1 1 2 2
a 1 1 3 3
v 1 1 2 2
a 1 1 3 3
v 1 1 2 2
a 1 1 3 3
v 1 1 2 2
a 1 1 3 3
v 1 1 2 2
a 1 1 3 3
v 1 1 2 2
a 1 1 3 3
v 1 1 2 2
a 1 1 3 3
v 1 1 2 2
a 1 1 3 3
v 1 1 2 2
a 1 1 3 3
v 1 1 2 2
a 1 1 3 3
v 1 1 2 2
a 1 1 3 3
v 1 1 2 2
a 1 1 3 3
v 1 1 2 2
a 1 1 3 3
v 1 1 2 2
a 1 1 3 3
v 1 1 2 2
a 1 1 3 3
v 1 1 2 2
a 1 1 3 3
v 1 1 2 2
a 1 1 3 3
v 1 1 2 2
a 1 1 3 3
v 1 1 2 2
a 1 1 3 3
v 1 1 2 2
a 1 1 3 3
v 1 1 2 2
a 1 1 3 3
v 1 1 2 2
a 1 1 3 3
v 1 1 2 2
a 1 1 3 3
v 1 1 2 2
a 1 1 3 3
v 1 1 2 2
a 1 1 3 3
v 1 1 2 2
a 1 1 3 3
v 1 1 2 2
a 1 1 3 3
v 1 1 2 2
a 1 1 3 3
v 1 1 2 2
a 1 1 3 3
v 1 1 2 2
a 1 1 3 3
v 1 1 2 2
a 1 1 3 3
v 1 1 2 2
a 1 1 3 3
v 1 1 2 2
a 1 1 3 3
v 1 1 2 2
a 1 1 3 3
v 1 1 2 2
a 1 1 3 3
v 1 1 2 2
a 1 1 3 3
v 1 1 2 2
a 1 1 3 3
v 1 1 2 2
a 1 1 3 3
v 1 1 2 2
a 1 1 3 3
v 1 1 2 2
a 1 1 3 3
v 1 1 2 2
a 1 1 3 3
v 1 1 2 2
a 1 1 3 3
v 1 1 2 2
a 1 1 3 3
v 1 1 2 2
a 1 1 3 3
v 1 1 2 2
a 1 1 3 3
v 1 1 2 2
a 1 1 3 3
v 1 1 2 2
a 1 1 3 3
v 1 1 2 2
a 1 1 3 3
v 1 1 2 2
a 1 1 3 3
v 1 1 2 2
a 1 1 3 3
v 1 1 2 2
a 1 1 3 3
v 1 1 2 2
a 1 1 3 3
v 1 1 2 2
a 1 1 3 3
v 1 1 2 2
a 1 1 3 3
v 1 1 2 2
a 1 1 3 3
v 1 1 2 2
a 1 1 3 3
v 1 1 2 2
a 1 1 3 3
v 1 1 2 2
a 1 1 3 3
v 1 1 2 2
a 1 1 3 3
v 1 1 2 2
a 1 1 3 3
v 1 1 2 2
a 1 1 3 3
v 1 1 2 2
a 1 1 3 3
v 1 1 2 2
a 1 1 3 3
v 1 1 2 2
a 1 1 3 3
v 1 1 2 2
a 1 1 3 3
v 1 1 2 2
a 1 1 3 3
v 1 1 2 2
a 1 1 3 3
v 1 1 2 2
a 1 1 3 3
v 1 1 2 2
a 1 1 3 3
v 1 1 2 2
a 1 1 3 3
v 1 1 2 2
a 1 1 3 3
v 1 1 2 2
a 1 1 3 3
v 1 1 2 2
a 1 1 3 3
v 1 1 2 2
a 1 1 3 3
v 1 1 2 2
a 1 1 3 3
v 1 1 2 2
a 1 1 3 3
v 1 1 2 2
a 1 1 3 3
v 1 1 2 2
a 1 1 3 3
v 1 1 2 2
a 1 1 3 3
v 1 1 2 2
a 1 1 3 3
v 1 1 2 2
a 1 1 3 3
v 1 1 2 2
a 1 1 3 3
v 1 1 2 2
a 1 1 3 3
v 1 1 2 2
a 1 1 3 3
v 1 1 2 2
a 1 1 3 3
v 1 1 2 2
a 1 1 3 3
v 1 1 2 2
a 1 1 3 3
v 1 1 2 2
a 1 1 3 3
v 1 1 2 2
a 1 1 3 3
v 1 1 2 2
a 1 1 3 3
v 1 1 2 2
a 1 1 3 3
v 1 1 2 2
a 1 1 3 3
v 1 1 2 2
a 1 1 3 3
v 1 1 2 2
a 1 1 3 3
v 1 1 2 2
a 1 1 3 3
v 1 1 2 2
a 1 1 3 3
v 1 1 2 2
a 1 1 3 3
v 1 1 2 2
a 1 1 3 3
v 1 1 2 2
a 1 1 3 3
v 1 1 2 2
a 1 1 3 3
v 1 1 2 2
a 1 1 3 3
v 1 1 2 2
a 1 1 3 3
v 1 1 2 2
a 1 1 3 3
v 1 1 2 2
a 1 1 3 3
v 1 1 2 2
a 1 1 3 3
v 1 1 2 2
a 1 1 3 3
v 1 1 2 2
a 1 1 3 3
v 1 1 2 2
a 1 1 3 3
v 1 1 2 2
a 1 1 3 3
v 1 1 2 2
a 1 1 3 3
v 1 1 2 2
a 1 1 3 3
v 1 1 2 2
a 1 1 3 3
v 1 1 2 2
a 1 1 3 3
v 1 1 2 2
a 1 1 3 3
v 1 1 2 2
a 1 1 3 3
v 1 1 2 2
a 1 1 3 3
v 1 1 2 2
a 1 1 3 3
v 1 1 2 2
a 1 1 3 3
v 1 1 2 2
a 1 1 3 3
v 1 1 2 2
a 1 1 3 3
v 1 1 2 2
a 1 1 3 3
v 1 1 2 2
a 1 1 3 3
v 1 1 2 2
a 1 1 3 3
v 1 1 2 2
a 1 1 3 3
v 1 1 2 2
a 1 1 3 3
v 1 1 2 2
a 1 1 3 3
v 1 1 2 2
a 1 1 3 3
v 1 1 2 2
a 1 1 3 3
v 1 1 2 2
a 1 1 3 3
v 1 1 2 2
a 1 1 3 3
v 1 1 2 2
a 1 1 3 3
v 1 1 2 2
a 1 1 3 3
v 1 1 2 2
a 1 1 3 3
v 1 1 2 2
a 1 1 3 3
v 1 1 2 2
a 1 1 3 3
v 1 1 2 2
a 1 1 3 3
v 1 1 2 2
a 1 1 3 3
v 1 1 2 2
a 1 1 3 3
v 1 1 2 2
a 1 1 3 3
v 1 1 2 2
a 1 1 3 3
v 1 1 2 2
a 1 1 3 3
v 1 1 2 2
a 1 1 3 3
v 1 1 2 2
a 1 1 3 3
v 1 1 2 2
a 1 1 3 3
v 1 1 2 2
a 1 1 3 3
v 1 1 2 2
a 1 1 3 3
v 1 1 2 2
a 1 1 3 3
v 1 1 2 2
a 1 1 3 3
v 1 1 2 2
a 1 1 3 3
v 1 1 2 2
a 1 1 3 3
v 1 1 2 2
a 1 1 3 3
v 1 1 2 2
a 1 1 3 3
v 1 1 2 2
a 1 1 3 3
v 1 1 2 2
a 1 1 3 3
v 1 1 2 2
a 1 1 3 3
v 1 1 2 2
a 1 1 3 3
v 1 1 2 2
a 1 1 3 3
v 1 1 2 2
a 1 1 3 3
v 1 1 2 2
a 1 1 3 3
v 1 1 2 2
a 1 1 3 3
v 1 1 2 2
a 1 1 3 3
v 1 1 2 2
a 1 1 3 3
v 1 1 2 2
a 1 1 3 3
v 1 1 2 2
a 1 1 3 3
v 1 1 2 2
a 1 1 3 3
v 1 1 2 2
a 1 1 3 3
v 1 1 2 2
a 1 1 3 3
v 1 1 2 2
a 1 1 3 3
v 1 1 2 2
a 1 1 3 3
v 1 1 2 2
a 1 1 3 3
v 1 1 2 2
a 1 1 3 3
v 1 1 2 2
a 1 1 3 3
v 1 1 2 2
a 1 1 3 3
v 1 1 2 2
a 1 1 3 3
v 1 1 2 2
a 1 1 3 3
v 1 1 2 2
a 1 1 3 3
v 1 1 2 2
a 1 1 3 3
v 1 1 2 2
a 1 1 3 3
v 1 1 2 2
a 1 1 3 3
v 1 1 2 2
a 1 1 3 3
v 1 1 2 2
a 1 1 3 3
v 1 1 2 2
a 1 1 3 3
v 1 1 2 2
a 1 1 3 3
v 1 1 2 2
a 1 1 3 3
v 1 1 2 2
a 1 1 3 3
v 1 1 2 2
a 1 1 3 3
v 1 1 2 2
a 1 1 3 3
v 1 1 2 2
a 1 1 3 3
v 1 1 2 2
a 1 1 3 3
v 1 1 2 2
a 1 1 3 3
v 1 1 2 2
a 1 1 3 3
v 1 1 2 2
a 1 1 3 3
v 1 1 2 2
a 1 1 3 3
v 1 1 2 2
a 1 1 3 3
v 1 1 2 2
a 1 1 3 3
v 1 1 2 2
a 1 1 3 3
v 1 1 2 2
a 1 1 3 3
v 1 1 2 2
a 1 1 3 3
v 1 1 2 2
a 1 1 3 3
v 1 1 2 2
a 1 1 3 3
v 1 1 2 2
a 1 1 3 3
v 1 1 2 2
a 1 1 3 3
v 1 1 2 2
a 1 1 3 3
v 1 1 2 2
a 1 1 3 3
v 1 1 2 2
a 1 1 3 3
v 1 1 2 2
a 1 1 3 3
v 1 1 2 2
a 1 1 3 3
v 1 1 2 2
a 1 1 3 3
v 1 1 2 2
a 1 1 3 3
v 1 1 2 2
a 1 1 3 3
v 1 1 2 2
a 1 1 3 3
v 1 1 2 2
a 1 1 3 3
v 1 1 2 2
a 1 1 3 3
v 1 1 2 2
a 1 1 3 3
v 1 1 2 2
a 1 1 3 3
v 1 1 2 2
a 1 1 3 3
v 1 1 2 2
a 1 1 3 3
v 1 1 2 2
a 1 1 3 3
v 1 1 2 2
a 1 1 3 3
v 1 1 2 2
a 1 1 3 3
v 1 1 2 2
a 1 1 3 3
v 1 1 2 2
a 1 1 3 3
v 1 1 2 2
a 1 1 3 3
v 1 1 2 2
a 1 1 3 3
v 1 1 2 2
a 1 1 3 3
v 1 1 2 2
a 1 1 3 3
v 1 1 2 2
a 1 1 3 3
v 1 1 2 2
a 1 1 3 3
v 1 1 2 2
a 1 1 3 3
v 1 1 2 2
a 1 1 3 3
v 1 1 2 2
a 1 1 3 3
v 1 1 2 2
a 1 1 3 3
v 1 1 2 2
a 1 1 3 3
v 1 1 2 2
a 1 1 3 3
v 1 1 2 2
a 1 1 3 3
v 1 1 2 2
a 1 1 3 3
v 1 1 2 2
a 1 1 3 3
v 1 1 2 2
a 1 1 3 3
v 1 1 2 2
a 1 1 3 3
v 1 1 2 2
a 1 1 3 3
v 1 1 2 2
a 1 1 3 3
v 1 1 2 2
a 1 1 3 3
v 1 1 2 2
a 1 1 3 3
v 1 1 2 2
a 1 1 3 3
v 1 1 2 2
a 1 1 3 3
v 1 1 2 2
a 1 1 3 3
v 1 1 2 2
a 1 1 3 3
v 1 1 2 2
a 1 1 3 3
v 1 1 2 2
a 1 1 3 3
v 1 1 2 2
a 1 1 3 3
v 1 1 2 2
a 1 1 3 3
v 1 1 2 2
a 1 1 3 3
v 1 1 2 2
a 1 1 3 3
v 1 1 2 2
a 1 1 3 3
v 1 1 2 2
a 1 1 3 3
v 1 1 2 2
a 1 1 3 3
v 1 1 2 2
a 1 1 3 3
v 1 1 2 2
a 1 1 3 3
v 1 1 2 2
a 1 1 3 3
v 1 1 2 2
a 1 1 3 3
v 1 1 2 2
a 1 1 3 3
v 1 1 2 2
a 1 1 3 3
v 1 1 2 2
a 1 1 3 3
v 1 1 2 2
a 1 1 3 3
v 1 1 2 2
a 1 1 3 3
v 1 1 2 2
a 1 1 3 3
v 1 1 2 2
a 1 1 3 3
v 1 1 2 2
a 1 1 3 3
v 1 1 2 2
a 1 1 3 3
v 1 1 2 2
a 1 1 3 3
v 1 1 2 2
a 1 1 3 3
v 1 1 2 2
a 1 1 3 3
v 1 1 2 2
a 1 1 3 3
v 1 1 2 2
a 1 1 3 3
v 1 1 2 2
a 1 1 3 3
v 1 1 2 2
a 1 1 3 3
v 1 1 2 2
a 1 1 3 3
v 1 1 2 2
a 1 1 3 3
v 1 1 2 2
a 1 1 3 3
v 1 1 2 2
a 1 1 3 3
v 1 1 2 2
a 1 1 3 3
v 1 1 2 2
a 1 1 3 3
v 1 1 2 2
a 1 1 3 3
v 1 1 2 2
a 1 1 3 3
v 1 1 2 2
a 1 1 3 3
v 1 1 2 2
a 1 1 3 3
v 1 1 2 2
a 1 1 3 3
v 1 1 2 2
a 1 1 3 3
v 1 1 2 2
a 1 1 3 3
v 1 1 2 2
a 1 1 3 3
v 1 1 2 2
a 1 1 3 3
v 1 1 2 2
a 1 1 3 3
v 1 1 2 2
a 1 1 3 3
v 1 1 2 2
a 1 1 3 3
v 1 1 2 2
a 1 1 3 3
v 1 1 2 2
a 1 1 3 3
v 1 1 2 2
a 1 1 3 3
v 1 1 2 2
a 1 1 3 3
v 1 1 2 2
a 1 1 3 3
v 1 1 2 2
a 1 1 3 3
v 1 1 2 2
a 1 1 3 3
v 1 1 2 2
a 1 1 3 3
v 1 1 2 2
a 1 1 3 3
v 1 1 2 2
a 1 1 3 3
v 1 1 2 2
a 1 1 3 3
v 1 1 2 2
a 1 1 3 3
v 1 1 2 2
a 1 1 3 3
v 1 1 2 2
a 1 1 3 3
v 1 1 2 2
a 1 1 3 3
v 1 1 2 2
a 1 1 3 3
v 1 1 2 2
a 1 1 3 3
v 1 1 2 2
a 1 1 3 3
v 1 1 2 2
a 1 1 3 3
v 1 1 2 2
a 1 1 3 3
v 1 1 2 2
a 1 1 3 3
v 1 1 2 2
a 1 1 3 3
v 1 1 2 2
a 1 1 3 3
v 1 1 2 2
a 1 1 3 3
v 1 1 2 2
a 1 1 3 3
v 1 1 2 2
a 1 1 3 3
v 1 1 2 2
a 1 1 3 3
v 1 1 2 2
a 1 1 3 3
v 1 1 2 2
a 1 1 3 3
v 1 1 2 2
a 1 1 3 3
v 1 1 2 2
a 1 1 3 3
v 1 1 2 2
a 1 1 3 3
v 1 1 2 2
a 1 1 3 3
v 1 1 2 2
a 1 1 3 3
v 1 1 2 2
a 1 1 3 3
v 1 1 2 2
a 1 1 3 3
v 1 1 2 2
a 1 1 3 3
v 1 1 2 2
a 1 1 3 3
v 1 1 2 2
a 1 1 3 3
v 1 1 2 2
a 1 1 3 3
v 1 1 2 2
a 1 1 3 3
v 1 1 2 2
a 1 1 3 3
v 1 1 2 2
a 1 1 3 3
v 1 1 2 2
a 1 1 3 3
v 1 1 2 2
a 1 1 3 3
v 1 1 2 2
a 1 1 3 3
v 1 1 2 2
a 1 1 3 3
v 1 1 2 2
a 1 1 3 3
v 1 1 2 2
a 1 1 3 3
v 1 1 2 2
a 1 1 3 3
v 1 1 2 2
a 1 1 3 3
v 1 1 2 2
a 1 1 3 3
v 1 1 2 2
a 1 1 3 3
v 1 1 2 2
a 1 1 3 3
v 1 1 2 2
a 1 1 3 3
v 1 1 2 2
a 1 1 3 3
v 1 1 2 2
a 1 1 3 3
v 1 1 2 2
a 1 1 3 3
v 1 1 2 2
a 1 1 3 3
v 1 1 2 2
a 1 1 3 3
v 1 1 2 2
a 1 1 3 3
v 1 1 2 2
a 1 1 3 3
v 1 1 2 2
a 1 1 3 3
v 1 1 2 2
a 1 1 3 3
v 1 1 2 2
a 1 1 3 3
v 1 1 2 2
a 1 1 3 3
v 1 1 2 2
a 1 1 3 3
v 1 1 2 2
a 1 1 3 3
v 1 1 2 2
a 1 1 3 3
v 1 1 2 2
a 1 1 3 3
v 1 1 2 2
a 1 1 3 3
v 1 1 2 2
a 1 1 3 3
v 1 1 2 2
a 1 1 3 3
v 1 1 2 2
a 1 1 3 3
v 1 1 2 2
a 1 1 3 3
v 1 1 2 2
a 1 1 3 3
v 1 1 2 2
a 1 1 3 3
v 1 1 2 2
a 1 1 3 3
v 1 1 2 2
a 1 1 3 3
v 1 1 2 2
a 1 1 3 3
v 1 1 2 2
a 1 1 3 3
v 1 1 2 2
a 1 1 3 3
v 1 1 2 2
a 1 1 3 3
v 1 1 2 2
a 1 1 3 3
v 1 1 2 2
a 1 1 3 3
v 1 1 2 2
a 1 1 3 3
v 1 1 2 2
a 1 1 3 3
v 1 1 2 2
a 1 1 3 3
v 1 1 2 2
a 1 1 3 3
v 1 1 2 2
a 1 1 3 3
v 1 1 2 2
a 1 1 3 3
v 1 1 2 2
a 1 1 3 3
v 1 1 2 2
a 1 1 3 3
v 1 1 2 2
a 1 1 3 3
v 1 1 2 2
a 1 1 3 3
v 1 1 2 2
a 1 1 3 3
v 1 1 2 2
a 1 1 3 3
v 1 1 2 2
a 1 1 3 3
v 1 1 2 2
a 1 1 3 3
v 1 1 2 2
a 1 1 3 3
v 1 1 2 2
a 1 1 3 3
v 1 1 2 2
a 1 1 3 3
v 1 1 2 2
a 1 1 3 3
v 1 1 2 2
a 1 1 3 3
v 1 1 2 2
a 1 1 3 3
v 1 1 2 2
a 1 1 3 3
v 1 1 2 2
a 1 1 3 3
v 1 1 2 2
a 1 1 3 3
v 1 1 2 2
a 1 1 3 3
v 1 1 2 2
a 1 1 3 3
v 1 1 2 2
a 1 1 3 3
v 1 1 2 2
a 1 1 3 3
v 1 1 2 2
a 1 1 3 3
v 1 1 2 2
a 1 1 3 3
v 1 1 2 2
a 1 1 3 3
v 1 1 2 2
a 1 1 3 3
v 1 1 2 2
a 1 1 3 3
v 1 1 2 2
a 1 1 3 3
v 1 1 2 2
a 1 1 3 3
v 1 1 2 2
a 1 1 3 3
v 1 1 2 2
a 1 1 3 3
v 1 1 2 2
a 1 1 3 3
v 1 1 2 2
a 1 1 3 3
v 1 1 2 2
a 1 1 3 3
v 1 1 2 2
a 1 1 3 3
v 1 1 2 2
a 1 1 3 3
v 1 1 2 2
a 1 1 3 3
v 1 1 2 2
a 1 1 3 3
v 1 1 2 2
a 1 1 3 3
v 1 1 2 2
a 1 1 3 3
v 1 1 2 2
a 1 1 3 3
v 1 1 2 2
a 1 1 3 3
v 1 1 2 2
a 1 1 3 3
v 1 1 2 2
a 1 1 3 3
v 1 1 2 2
a 1 1 3 3
v 1 1 2 2
a 1 1 3 3
v 1 1 2 2
a 1 1 3 3
v 1 1 2 2
a 1 1 3 3
v 1 1 2 2
a 1 1 3 3
v 1 1 2 2
a 1 1 3 3
v 1 1 2 2
a 1 1 3 3
v 1 1 2 2
a 1 1 3 3
v 1 1 2 2
a 1 1 3 3
v 1 1 2 2
a 1 1 3 3
v 1 1 2 2
a 1 1 3 3
v 1 1 2 2
a 1 1 3 3
v 1 1 2 2
a 1 1 3 3
v 1 1 2 2
a 1 1 3 3
v 1 1 2 2
a 1 1 3 3
v 1 1 2 2
a 1 1 3 3
v 1 1 2 2
a 1 1 3 3
v 1 1 2 2
a 1 1 3 3
v 1 1 2 2
a 1 1 3 3
v 1 1 2 2
a 1 1 3 3
v 1 1 2 2
a 1 1 3 3
v 1 1 2 2
a 1 1 3 3
v 1 1 2 2
a 1 1 3 3
v 1 1 2 2
a 1 1 3 3
v 1 1 2 2
a 1 1 3 3
v 1 1 2 2
a 1 1 3 3
v 1 1 2 2
a 1 1 3 3
v 1 1 2 2
a 1 1 3 3
v 1 1 2 2
a 1 1 3 3
v 1 1 2 2
a 1 1 3 3
v 1 1 2 2
a 1 1 3 3
v 1 1 2 2
a 1 1 3 3
v 1 1 2 2
a 1 1 3 3
v 1 1 2 2
a 1 1 3 3
v 1 1 2 2
a 1 1 3 3
v 1 1 2 2
a 1 1 3 3
v 1 1 2 2
a 1 1 3 3
v 1 1 2 2
a 1 1 3 3
v 1 1 2 2
a 1 1 3 3
v 1 1 2 2
a 1 1 3 3
v 1 1 2 2
a 1 1 3 3
v 1 1 2 2
a 1 1 3 3
v 1 1 2 2
a 1 1 3 3
v 1 1 2 2
a 1 1 3 3
v 1 1 2 2
a 1 1 3 3
v 1 1 2 2
a 1 1 3 3
v 1 1 2 2
a 1 1 3 3
v 1 1 2 2
a 1 1 3 3
v 1 1 2 2
a 1 1 3 3
v 1 1 2 2
a 1 1 3 3
v 1 1 2 2
a 1 1 3 3
v 1 1 2 2
a 1 1 3 3
v 1 1 2 2
a 1 1 3 3
v 1 1 2 2
a 1 1 3 3
v 1 1 2 2
a 1 1 3 3
v 1 1 2 2
a 1 1 3 3
v 1 1 2 2
a 1 1 3 3
v 1 1 2 2
a 1 1 3 3
v 1 1 2 2
a 1 1 3 3
v 1 1 2 2
a 1 1 3 3
v 1 1 2 2
a 1 1 3 3
v 1 1 2 2
a 1 1 3 3
v 1 1 2 2
a 1 1 3 3
v 1 1 2 2
a 1 1 3 3
v 1 1 2 2
a 1 1 3 3
v 1 1 2 2
a 1 1 3 3
v 1 1 2 2
a 1 1 3 3
v 1 1 2 2
a 1 1 3 3
v 1 1 2 2
a 1 1 3 3
v 1 1 2 2
a 1 1 3 3
v 1 1 2 2
a 1 1 3 3
v 1 1 2 2
a 1 1 3 3
v 1 1 2 2
a 1 1 3 3
v 1 1 2 2
a 1 1 3 3
v 1 1 2 2
a 1 1 3 3
v 1 1 2 2
a 1 1 3 3
v 1 1 2 2
a 1 1 3 3
v 1 1 2 2
a 1 1 3 3
v 1 1 2 2
a 1 1 3 3
v 1 1 2 2
a 1 1 3 3
v 1 1 2 2
a 1 1 3 3
v 1 1 2 2
a 1 1 3 3
v 1 1 2 2
a 1 1 3 3
v 1 1 2 2
a 1 1 3 3
v 1 1 2 2
a 1 1 3 3
v 1 1 2 2
a 1 1 3 3
v 1 1 2 2
a 1 1 3 3
v 1 1 2 2
a 1 1 3 3
v 1 1 2 2
a 1 1 3 3
v 1 1 2 2
a 1 1 3 3
v 1 1 2 2
a 1 1 3 3
v 1 1 2 2
a 1 1 3 3
v 1 1 2 2
a 1 1 3 3
v 1 1 2 2
a 1 1 3 3
v 1 1 2 2
a 1 1 3 3
v 1 1 2 2
a 1 1 3 3
v 1 1 2 2
a 1 1 3 3
v 1 1 2 2
a 1 1 3 3
v 1 1 2 2
a 1 1 3 3
v 1 1 2 2
a 1 1 3 3
v 1 1 2 2
a 1 1 3 3
v 1 1 2 2
a 1 1 3 3
v 1 1 2 2
a 1 1 3 3
v 1 1 2 2
a 1 1 3 3
v 1 1 2 2
a 1 1 3 3
v 1 1 2 2
a 1 1 3 3
v 1 1 2 2
a 1 1 3 3
v 1 1 2 2
a 1 1 3 3
v 1 1 2 2
a 1 1 3 3
v 1 1 2 2
a 1 1 3 3
v 1 1 2 2
a 1 1 3 3
v 1 1 2 2
a 1 1 3 3
v 1 1 2 2
a 1 1 3 3
v 1 1 2 2
a 1 1 3 3
v 1 1 2 2
a 1 1 3 3
v 1 1 2 2
a 1 1 3 3
v 1 1 2 2
a 1 1 3 3
v 1 1 2 2
a 1 1 3 3
v 1 1 2 2
a 1 1 3 3
v 1 1 2 2
a 1 1 3 3
v 1 1 2 2
a 1 1 3 3
v 1 1 2 2
a 1 1 3 3
v 1 1 2 2
a 1 1 3 3
v 1 1 2 2
a 1 1 3 3
v 1 1 2 2
a 1 1 3 3
v 1 1 2 2
a 1 1 3 3
v 1 1 2 2
a 1 1 3 3
v 1 1 2 2
a 1 1 3 3
v 1 1 2 2
a 1 1 3 3
v 1 1 2 2
a 1 1 3 3
v 1 1 2 2
a 1 1 3 3
v 1 1 2 2
a 1 1 3 3
v 1 1 2 2
a 1 1 3 3
v 1 1 2 2
a 1 1 3 3
v 1 1 2 2
a 1 1 3 3
v 1 1 2 2
a 1 1 3 3
v 1 1 2 2
a 1 1 3 3
v 1 1 2 2
a 1 1 3 3
v 1 1 2 2
a 1 1 3 3
v 1 1 2 2
a 1 1 3 3
v 1 1 2 2
a 1 1 3 3
v 1 1 2 2
a 1 1 3 3
v 1 1 2 2
a 1 1 3 3
v 1 1 2 2
a 1 1 3 3
v 1 1 2 2
a 1 1 3 3
v 1 1 2 2
a 1 1 3 3
v 1 1 2 2
a 1 1 3 3
v 1 1 2 2
a 1 1 3 3
v 1 1 2 2
a 1 1 3 3
v 1 1 2 2
a 1 1 3 3
v 1 1 2 2
a 1 1 3 3
v 1 1 2 2
a 1 1 3 3
v 1 1 2 2
a 1 1 3 3
v 1 1 2 2
a 1 1 3 3
v 1 1 2 2
a 1 1 3 3
v 1 1 2 2
a 1 1 3 3
v 1 1 2 2
a 1 1 3 3
v 1 1 2 2
a 1 1 3 3
v 1 1 2 2
a 1 1 3 3
v 1 1 2 2
a 1 1 3 3
v 1 1 2 2
a 1 1 3 3
v 1 1 2 2
a 1 1 3 3
v 1 1 2 2
a 1 1 3 3
v 1 1 2 2
a 1 1 3 3
v 1 1 2 2
a 1 1 3 3
v 1 1 2 2
a 1 1 3 3
v 1 1 2 2
a 1 1 3 3
v 1 1 2 2
a 1 1 3 3
v 1 1 2 2
a 1 1 3 3
v 1 1 2 2
a 1 1 3 3
v 1 1 2 2
a 1 1 3 3
v 1 1 2 2
a 1 1 3 3
v 1 1 2 2
a 1 1 3 3
v 1 1 2 2
a 1 1 3 3
v 1 1 2 2
a 1 1 3 3
v 1 1 2 2
a 1 1 3 3
v 1 1 2 2
a 1 1 3 3
v 1 1 2 2
a 1 1 3 3
v 1 1 2 2
a 1 1 3 3
v 1 1 2 2
a 1 1 3 3
v 1 1 2 2
a 1 1 3 3
v 1 1 2 2
a 1 1 3 3
v 1 1 2 2
a 1 1 3 3
v 1 1 2 2
a 1 1 3 3
v 1 1 2 2
a 1 1 3 3
v 1 1 2 2
a 1 1 3 3
v 1 1 2 2
a 1 1 3 3
v 1 1 2 2
a 1 1 3 3
v 1 1 2 2
a 1 1 3 3
v 1 1 2 2
a 1 1 3 3
v 1 1 2 2
a 1 1 3 3
v 1 1 2 2
a 1 1 3 3
v 1 1 2 2
a 1 1 3 3
v 1 1 2 2
a 1 1 3 3
v 1 1 2 2
a 1 1 3 3
v 1 1 2 2
a 1 1 3 3
v 1 1 2 2
a 1 1 3 3
v 1 1 2 2
a 1 1 3 3
v 1 1 2 2
a 1 1 3 3
v 1 1 2 2
a 1 1 3 3
v 1 1 2 2
a 1 1 3 3
v 1 1 2 2
a 1 1 3 3
v 1 1 2 2
a 1 1 3 3
v 1 1 2 2
a 1 1 3 3
v 1 1 2 2
a 1 1 3 3
v 1 1 2 2
a 1 1 3 3
v 1 1 2 2
a 1 1 3 3
v 1 1 2 2
a 1 1 3 3
v 1 1 2 2
a 1 1 3 3
v 1 1 2 2
a 1 1 3 3
v 1 1 2 2
a 1 1 3 3
v 1 1 2 2
a 1 1 3 3
v 1 1 2 2
a 1 1 3 3
v 1 1 2 2
a 1 1 3 3
v 1 1 2 2
a 1 1 3 3
v 1 1 2 2
a 1 1 3 3
v 1 1 2 2
a 1 1 3 3
v 1 1 2 2
a 1 1 3 3
v 1 1 2 2
a 1 1 3 3
v 1 1 2 2
a 1 1 3 3
v 1 1 2 2
a 1 1 3 3
v 1 1 2 2
a 1 1 3 3
v 1 1 2 2
a 1 1 3 3
v 1 1 2 2
a 1 1 3 3
v 1 1 2 2
a 1 1 3 3
v 1 1 2 2
a 1 1 3 3
v 1 1 2 2
a 1 1 3 3
v 1 1 2 2
a 1 1 3 3
v 1 1 2 2
a 1 1 3 3
v 1 1 2 2
a 1 1 3 3
v 1 1 2 2
a 1 1 3 3
v 1 1 2 2
a 1 1 3 3
v 1 1 2 2
a 1 1 3 3
v 1 1 2 2
a 1 1 3 3
v 1 1 2 2
a 1 1 3 3
v 1 1 2 2
a 1 1 3 3
v 1 1 2 2
a 1 1 3 3
v 1 1 2 2
a 1 1 3 3
v 1 1 2 2
a 1 1 3 3
v 1 1 2 2
a 1 1 3 3
v 1 1 2 2
a 1 1 3 3
v 1 1 2 2
a 1 1 3 3
v 1 1 2 2
a 1 1 3 3
v 1 1 2 2
a 1 1 3 3
v 1 1 2 2
a 1 1 3 3
v 1 1 2 2
a 1 1 3 3
v 1 1 2 2
a 1 1 3 3
v 1 1 2 2
a 1 1 3 3
v 1 1 2 2
a 1 1 3 3
v 1 1 2 2
a 1 1 3 3
v 1 1 2 2
a 1 1 3 3
v 1 1 2 2
a 1 1 3 3
v 1 1 2 2
a 1 1 3 3
v 1 1 2 2
a 1 1 3 3
v 1 1 2 2
a 1 1 3 3
v 1 1 2 2
a 1 1 3 3
v 1 1 2 2
a 1 1 3 3
v 1 1 2 2
a 1 1 3 3
v 1 1 2 2
a 1 1 3 3
v 1 1 2 2
a 1 1 3 3
v 1 1 2 2
a 1 1 3 3
v 1 1 2 2
a 1 1 3 3
v 1 1 2 2
a 1 1 3 3
v 1 1 2 2
a 1 1 3 3
v 1 1 2 2
a 1 1 3 3
v 1 1 2 2
a 1 1 3 3
v 1 1 2 2
a 1 1 3 3
v 1 1 2 2
a 1 1 3 3
v 1 1 2 2
a 1 1 3 3
v 1 1 2 2
a 1 1 3 3
v 1 1 2 2
a 1 1 3 3
v 1 1 2 2
a 1 1 3 3
v 1 1 2 2
a 1 1 3 3
v 1 1 2 2
a 1 1 3 3
v 1 1 2 2
a 1 1 3 3
v 1 1 2 2
a 1 1 3 3
v 1 1 2 2
a 1 1 3 3
v 1 1 2 2
a 1 1 3 3
v 1 1 2 2
a 1 1 3 3
v 1 1 2 2
a 1 1 3 3
v 1 1 2 2
a 1 1 3 3
v 1 1 2 2
a 1 1 3 3
v 1 1 2 2
a 1 1 3 3
v 1 1 2 2
a 1 1 3 3
v 1 1 2 2
a 1 1 3 3
v 1 1 2 2
a 1 1 3 3
v 1 1 2 2
a 1 1 3 3
v 1 1 2 2
a 1 1 3 3
v 1 1 2 2
a 1 1 3 3
v 1 1 2 2
a 1 1 3 3
v 1 1 2 2
a 1 1 3 3
v 1 1 2 2
a 1 1 3 3
v 1 1 2 2
a 1 1 3 3
v 1 1 2 2
a 1 1 3 3
v 1 1 2 2
a 1 1 3 3
v 1 1 2 2
a 1 1 3 3
v 1 1 2 2
a 1 1 3 3
v 1 1 2 2
a 1 1 3 3
v 1 1 2 2
a 1 1 3 3
v 1 1 2 2
a 1 1 3 3
v 1 1 2 2
a 1 1 3 3
v 1 1 2 2
a 1 1 3 3
v 1 1 2 2
a 1 1 3 3
v 1 1 2 2
a 1 1 3 3
v 1 1 2 2
a 1 1 3 3
v 1 1 2 2
a 1 1 3 3
v 1 1 2 2
a 1 1 3 3
v 1 1 2 2
a 1 1 3 3
v 1 1 2 2
a 1 1 3 3
v 1 1 2 2
a 1 1 3 3
v 1 1 2 2
a 1 1 3 3
v 1 1 2 2
a 1 1 3 3
v 1 1 2 2
a 1 1 3 3
v 1 1 2 2
a 1 1 3 3
v 1 1 2 2
a 1 1 3 3
v 1 1 2 2
a 1 1 3 3
v 1 1 2 2
a 1 1 3 3
v 1 1 2 2
a 1 1 3 3
v 1 1 2 2
a 1 1 3 3
v 1 1 2 2
a 1 1 3 3
v 1 1 2 2
a 1 1 3 3
v 1 1 2 2
a 1 1 3 3
v 1 1 2 2
a 1 1 3 3
v 1 1 2 2
a 1 1 3 3
v 1 1 2 2
a 1 1 3 3
v 1 1 2 2
a 1 1 3 3
v 1 1 2 2
a 1 1 3 3
v 1 1 2 2
a 1 1 3 3
v 1 1 2 2
a 1 1 3 3
v 1 1 2 2
a 1 1 3 3
v 1 1 2 2
a 1 1 3 3
v 1 1 2 2
a 1 1 3 3
v 1 1 2 2
a 1 1 3 3
v 1 1 2 2
a 1 1 3 3
v 1 1 2 2
a 1 1 3 3
v 1 1 2 2
a 1 1 3 3
v 1 1 2 2
a 1 1 3 3
v 1 1 2 2
a 1 1 3 3
v 1 1 2 2
a 1 1 3 3
v 1 1 2 2
a 1 1 3 3
v 1 1 2 2
a 1 1 3 3
v 1 1 2 2
a 1 1 3 3
v 1 1 2 2
a 1 1 3 3
v 1 1 2 2
a 1 1 3 3
v 1 1 2 2
a 1 1 3 3
v 1 1 2 2
a 1 1 3 3
v 1 1 2 2
a 1 1 3 3
v 1 1 2 2
a 1 1 3 3
v 1 1 2 2
a 1 1 3 3
v 1 1 2 2
a 1 1 3 3
v 1 1 2 2
a 1 1 3 3
v 1 1 2 2
a 1 1 3 3
v 1 1 2 2
a 1 1 3 3
v 1 1 2 2
a 1 1 3 3
v 1 1 2 2
a 1 1 3 3
v 1 1 2 2
a 1 1 3 3
v 1 1 2 2
a 1 1 3 3
v 1 1 2 2
a 1 1 3 3
v 1 1 2 2
a 1 1 3 3
v 1 1 2 2
a 1 1 3 3
v 1 1 2 2
a 1 1 3 3
v 1 1 2 2
a 1 1 3 3
v 1 1 2 2
a 1 1 3 3
v 1 1 2 2
a 1 1 3 3
v 1 1 2 2
a 1 1 3 3
v 1 1 2 2
a 1 1 3 3
v 1 1 2 2
a 1 1 3 3
v 1 1 2 2
a 1 1 3 3
v 1 1 2 2
a 1 1 3 3
v 1 1 2 2
a 1 1 3 3
v 1 1 2 2
a 1 1 3 3
v 1 1 2 2
a 1 1 3 3
v 1 1 2 2
a 1 1 3 3
v 1 1 2 2
a 1 1 3 3
v 1 1 2 2
a 1 1 3 3
v 1 1 2 2
a 1 1 3 3
v 1 1 2 2
a 1 1 3 3
v 1 1 2 2
a 1 1 3 3
v 1 1 2 2
a 1 1 3 3
v 1 1 2 2
a 1 1 3 3
v 1 1 2 2
a 1 1 3 3
v 1 1 2 2
a 1 1 3 3
v 1 1 2 2
a 1 1 3 3
v 1 1 2 2
a 1 1 3 3
v 1 1 2 2
a 1 1 3 3
v 1 1 2 2
a 1 1 3 3
v 1 1 2 2
a 1 1 3 3
v 1 1 2 2
a 1 1 3 3
v 1 1 2 2
a 1 1 3 3
v 1 1 2 2
a 1 1 3 3
v 1 1 2 2
a 1 1 3 3
v 1 1 2 2
a 1 1 3 3
v 1 1 2 2
a 1 1 3 3
v 1 1 2 2
a 1 1 3 3
v 1 1 2 2
a 1 1 3 3
v 1 1 2 2
a 1 1 3 3
v 1 1 2 2
a 1 1 3 3
v 1 1 2 2
a 1 1 3 3
v 1 1 2 2
a 1 1 3 3
v 1 1 2 2
a 1 1 3 3
v 1 1 2 2
a 1 1 3 3
v 1 1 2 2
a 1 1 3 3
v 1 1 2 2
a 1 1 3 3
v 1 1 2 2
a 1 1 3 3
v 1 1 2 2
a 1 1 3 3
v 1 1 2 2
a 1 1 3 3
v 1 1 2 2
a 1 1 3 3
v 1 1 2 2
a 1 1 3 3
v 1 1 2 2
a 1 1 3 3
v 1 1 2 2
a 1 1 3 3
v 1 1 2 2
a 1 1 3 3
v 1 1 2 2
a 1 1 3 3
v 1 1 2 2
a 1 1 3 3
v 1 1 2 2
a 1 1 3 3
v 1 1 2 2
a 1 1 3 3
v 1 1 2 2
a 1 1 3 3
v 1 1 2 2
a 1 1 3 3
v 1 1 2 2
a 1 1 3 3
v 1 1 2 2
a 1 1 3 3
v 1 1 2 2
a 1 1 3 3
v 1 1 2 2
a 1 1 3 3
v 1 1 2 2
a 1 1 3 3
v 1 1 2 2
a 1 1 3 3
v 1 1 2 2
a 1 1 3 3
v 1 1 2 2
a 1 1 3 3
v 1 1 2 2
a 1 1 3 3
v 1 1 2 2
a 1 1 3 3
v 1 1 2 2
a 1 1 3 3
v 1 1 2 2
a 1 1 3 3
v 1 1 2 2
a 1 1 3 3
v 1 1 2 2
a 1 1 3 3
v 1 1 2 2
a 1 1 3 3
v 1 1 2 2
a 1 1 3 3
v 1 1 2 2
a 1 1 3 3
v 1 1 2 2
a 1 1 3 3
v 1 1 2 2
a 1 1 3 3
v 1 1 2 2
a 1 1 3 3
v 1 1 2 2
a 1 1 3 3
v 1 1 2 2
a 1 1 3 3
v 1 1 2 2
a 1 1 3 3
v 1 1 2 2
a 1 1 3 3
v 1 1 2 2
a 1 1 3 3
v 1 1 2 2
a 1 1 3 3
v 1 1 2 2
a 1 1 3 3
v 1 1 2 2
a 1 1 3 3
v 1 1 2 2
a 1 1 3 3
v 1 1 2 2
a 1 1 3 3
v 1 1 2 2
a 1 1 3 3
v 1 1 2 2
a 1 1 3 3
v 1 1 2 2
a 1 1 3 3
v 1 1 2 2
a 1 1 3 3
v 1 1 2 2
a 1 1 3 3
v 1 1 2 2
a 1 1 3 3
v 1 1 2 2
a 1 1 3 3
v 1 1 2 2
a 1 1 3 3
v 1 1 2 2
a 1 1 3 3
v 1 1 2 2
a 1 1 3 3
v 1 1 2 2
a 1 1 3 3
v 1 1 2 2
a 1 1 3 3
v 1 1 2 2
a 1 1 3 3
v 1 1 2 2
a 1 1 3 3
v 1 1 2 2
a 1 1 3 3
v 1 1 2 2
a 1 1 3 3
v 1 1 2 2
a 1 1 3 3
v 1 1 2 2
a 1 1 3 3
v 1 1 2 2
a 1 1 3 3
v 1 1 2 2
a 1 1 3 3
v 1 1 2 2
a 1 1 3 3
v 1 1 2 2
a 1 1 3 3
v 1 1 2 2
a 1 1 3 3
v 1 1 2 2
a 1 1 3 3
v 1 1 2 2
a 1 1 3 3
v 1 1 2 2
a 1 1 3 3
v 1 1 2 2
a 1 1 3 3
v 1 1 2 2
a 1 1 3 3
v 1 1 2 2
a 1 1 3 3
v 1 1 2 2
a 1 1 3 3
v 1 1 2 2
a 1 1 3 3
v 1 1 2 2
a 1 1 3 3
v 1 1 2 2
a 1 1 3 3
v 1 1 2 2
a 1 1 3 3
v 1 1 2 2
a 1 1 3 3
v 1 1 2 2
a 1 1 3 3
v 1 1 2 2
a 1 1 3 3
v 1 1 2 2
a 1 1 3 3
v 1 1 2 2
a 1 1 3 3
v 1 1 2 2
a 1 1 3 3
v 1 1 2 2
a 1 1 3 3
v 1 1 2 2
a 1 1 3 3
v 1 1 2 2
a 1 1 3 3
v 1 1 2 2
a 1 1 3 3
v 1 1 2 2
a 1 1 3 3
v 1 1 2 2
a 1 1 3 3
v 1 1 2 2
a 1 1 3 3
v 1 1 2 2
a 1 1 3 3
v 1 1 2 2
a 1 1 3 3
v 1 1 2 2
a 1 1 3 3
v 1 1 2 2
a 1 1 3 3
v 1 1 2 2
a 1 1 3 3
v 1 1 2 2
a 1 1 3 3
v 1 1 2 2
a 1 1 3 3
v 1 1 2 2
a 1 1 3 3
v 1 1 2 2
a 1 1 3 3
v 1 1 2 2
a 1 1 3 3
v 1 1 2 2
a 1 1 3 3
v 1 1 2 2
a 1 1 3 3
v 1 1 2 2
a 1 1 3 3
v 1 1 2 2
a 1 1 3 3
v 1 1 2 2
a 1 1 3 3
v 1 1 2 2
a 1 1 3 3
v 1 1 2 2
a 1 1 3 3
v 1 1 2 2
a 1 1 3 3
v 1 1 2 2
a 1 1 3 3
v 1 1 2 2
a 1 1 3 3
v 1 1 2 2
a 1 1 3 3
v 1 1 2 2
a 1 1 3 3
v 1 1 2 2
a 1 1 3 3
v 1 1 2 2
a 1 1 3 3
v 1 1 2 2
a 1 1 3 3
v 1 1 2 2
a 1 1 3 3
v 1 1 2 2
a 1 1 3 3
v 1 1 2 2
a 1 1 3 3
v 1 1 2 2
a 1 1 3 3
v 1 1 2 2
a 1 1 3 3
v 1 1 2 2
a 1 1 3 3
v 1 1 2 2
a 1 1 3 3
v 1 1 2 2
a 1 1 3 3
v 1 1 2 2
a 1 1 3 3
v 1 1 2 2
a 1 1 3 3
v 1 1 2 2
a 1 1 3 3
v 1 1 2 2
a 1 1 3 3
v 1 1 2 2
a 1 1 3 3
v 1 1 2 2
a 1 1 3 3
v 1 1 2 2
a 1 1 3 3
v 1 1 2 2
a 1 1 3 3
v 1 1 2 2
a 1 1 3 3
v 1 1 2 2
a 1 1 3 3
v 1 1 2 2
a 1 1 3 3
v 1 1 2 2
a 1 1 3 3
v 1 1 2 2
a 1 1 3 3
v 1 1 2 2
a 1 1 3 3
v 1 1 2 2
a 1 1 3 3
v 1 1 2 2
a 1 1 3 3
v 1 1 2 2
a 1 1 3 3
v 1 1 2 2
a 1 1 3 3
v 1 1 2 2
a 1 1 3 3
v 1 1 2 2
a 1 1 3 3
v 1 1 2 2
a 1 1 3 3
v 1 1 2 2
a 1 1 3 3
v 1 1 2 2
a 1 1 3 3
v 1 1 2 2
a 1 1 3 3
v 1 1 2 2
a 1 1 3 3
v 1 1 2 2
a 1 1 3 3
v 1 1 2 2
a 1 1 3 3
v 1 1 2 2
a 1 1 3 3
v 1 1 2 2
a 1 1 3 3
v 1 1 2 2
a 1 1 3 3
v 1 1 2 2
a 1 1 3 3
v 1 1 2 2
a 1 1 3 3
v 1 1 2 2
a 1 1 3 3
v 1 1 2 2
a 1 1 3 3
v 1 1 2 2
a 1 1 3 3
v 1 1 2 2
a 1 1 3 3
v 1 1 2 2
a 1 1 3 3
v 1 1 2 2
a 1 1 3 3
v 1 1 2 2
a 1 1 3 3
v 1 1 2 2
a 1 1 3 3
v 1 1 2 2
a 1 1 3 3
v 1 1 2 2
a 1 1 3 3
v 1 1 2 2
a 1 1 3 3
v 1 1 2 2
a 1 1 3 3
v 1 1 2 2
a 1 1 3 3
v 1 1 2 2
a 1 1 3 3
v 1 1 2 2
a 1 1 3 3
v 1 1 2 2
a 1 1 3 3
v 1 1 2 2
a 1 1 3 3
v 1 1 2 2
a 1 1 3 3
v 1 1 2 2
a 1 1 3 3
v 1 1 2 2
a 1 1 3 3
v 1 1 2 2
a 1 1 3 3
v 1 1 2 2
a 1 1 3 3
v 1 1 2 2
a 1 1 3 3
v 1 1 2 2
a 1 1 3 3
v 1 1 2 2
a 1 1 3 3
v 1 1 2 2
a 1 1 3 3
v 1 1 2 2
a 1 1 3 3
v 1 1 2 2
a 1 1 3 3
v 1 1 2 2
a 1 1 3 3
v 1 1 2 2
a 1 1 3 3
v 1 1 2 2
a 1 1 3 3
v 1 1 2 2
a 1 1 3 3
v 1 1 2 2
a 1 1 3 3
v 1 1 2 2
a 1 1 3 3
v 1 1 2 2
a 1 1 3 3
v 1 1 2 2
a 1 1 3 3
v 1 1 2 2
a 1 1 3 3
v 1 1 2 2
a 1 1 3 3
v 1 1 2 2
a 1 1 3 3
v 1 1 2 2
a 1 1 3 3
v 1 1 2 2
a 1 1 3 3
v 1 1 2 2
a 1 1 3 3
v 1 1 2 2
a 1 1 3 3
v 1 1 2 2
a 1 1 3 3
v 1 1 2 2
a 1 1 3 3
v 1 1 2 2
a 1 1 3 3
v 1 1 2 2
a 1 1 3 3
v 1 1 2 2
a 1 1 3 3
v 1 1 2 2
a 1 1 3 3
v 1 1 2 2
a 1 1 3 3
v 1 1 2 2
a 1 1 3 3
v 1 1 2 2
a 1 1 3 3
v 1 1 2 2
a 1 1 3 3
v 1 1 2 2
a 1 1 3 3
v 1 1 2 2
a 1 1 3 3
v 1 1 2 2
a 1 1 3 3
v 1 1 2 2
a 1 1 3 3
v 1 1 2 2
a 1 1 3 3
v 1 1 2 2
a 1 1 3 3
v 1 1 2 2
a 1 1 3 3
v 1 1 2 2
a 1 1 3 3
v 1 1 2 2
a 1 1 3 3
v 1 1 2 2
a 1 1 3 3
v 1 1 2 2
a 1 1 3 3
v 1 1 2 2
a 1 1 3 3
v 1 1 2 2
a 1 1 3 3
v 1 1 2 2
a 1 1 3 3
v 1 1 2 2
a 1 1 3 3
v 1 1 2 2
a 1 1 3 3
v 1 1 2 2
a 1 1 3 3
v 1 1 2 2
a 1 1 3 3
v 1 1 2 2
a 1 1 3 3
v 1 1 2 2
a 1 1 3 3
v 1 1 2 2
a 1 1 3 3
v 1 1 2 2
a 1 1 3 3
v 1 1 2 2
a 1 1 3 3
v 1 1 2 2
a 1 1 3 3
v 1 1 2 2
a 1 1 3 3
v 1 1 2 2
a 1 1 3 3
v 1 1 2 2
a 1 1 3 3
v 1 1 2 2
a 1 1 3 3
v 1 1 2 2
a 1 1 3 3
v 1 1 2 2
a 1 1 3 3
v 1 1 2 2
a 1 1 3 3
v 1 1 2 2
a 1 1 3 3
v 1 1 2 2
a 1 1 3 3
v 1 1 2 2
a 1 1 3 3
v 1 1 2 2
a 1 1 3 3
v 1 1 2 2
a 1 1 3 3
v 1 1 2 2
a 1 1 3 3
v 1 1 2 2
a 1 1 3 3
v 1 1 2 2
a 1 1 3 3
v 1 1 2 2
a 1 1 3 3
v 1 1 2 2
a 1 1 3 3
v 1 1 2 2
a 1 1 3 3
v 1 1 2 2
a 1 1 3 3
v 1 1 2 2
a 1 1 3 3
v 1 1 2 2
a 1 1 3 3
v 1 1 2 2
a 1 1 3 3
v 1 1 2 2
a 1 1 3 3
v 1 1 2 2
a 1 1 3 3
v 1 1 2 2
a 1 1 3 3
v 1 1 2 2
a 1 1 3 3
v 1 1 2 2
a 1 1 3 3
v 1 1 2 2
a 1 1 3 3
v 1 1 2 2
a 1 1 3 3
v 1 1 2 2
a 1 1 3 3
v 1 1 2 2
a 1 1 3 3
v 1 1 2 2
a 1 1 3 3
v 1 1 2 2
a 1 1 3 3
v 1 1 2 2
a 1 1 3 3
v 1 1 2 2
a 1 1 3 3
v 1 1 2 2
a 1 1 3 3
v 1 1 2 2
a 1 1 3 3
v 1 1 2 2
a 1 1 3 3
v 1 1 2 2
a 1 1 3 3
v 1 1 2 2
a 1 1 3 3
v 1 1 2 2
a 1 1 3 3
v 1 1 2 2
a 1 1 3 3
v 1 1 2 2
a 1 1 3 3
v 1 1 2 2
a 1 1 3 3
v 1 1 2 2
a 1 1 3 3
v 1 1 2 2
a 1 1 3 3
v 1 1 2 2
a 1 1 3 3
v 1 1 2 2
a 1 1 3 3
v 1 1 2 2
a 1 1 3 3
v 1 1 2 2
a 1 1 3 3
v 1 1 2 2
a 1 1 3 3
v 1 1 2 2
a 1 1 3 3
v 1 1 2 2
a 1 1 3 3
v 1 1 2 2
a 1 1 3 3
v 1 1 2 2
a 1 1 3 3
v 1 1 2 2
a 1 1 3 3
v 1 1 2 2
a 1 1 3 3
v 1 1 2 2
a 1 1 3 3
v 1 1 2 2
a 1 1 3 3
v 1 1 2 2
a 1 1 3 3
v 1 1 2 2
a 1 1 3 3
v 1 1 2 2
a 1 1 3 3
v 1 1 2 2
a 1 1 3 3
v 1 1 2 2
a 1 1 3 3
v 1 1 2 2
a 1 1 3 3
v 1 1 2 2
a 1 1 3 3
v 1 1 2 2
a 1 1 3 3
v 1 1 2 2
a 1 1 3 3
v 1 1 2 2
a 1 1 3 3
v 1 1 2 2
a 1 1 3 3
v 1 1 2 2
a 1 1 3 3
v 1 1 2 2
a 1 1 3 3
v 1 1 2 2
a 1 1 3 3
v 1 1 2 2
a 1 1 3 3
v 1 1 2 2
a 1 1 3 3
v 1 1 2 2
a 1 1 3 3
v 1 1 2 2
a 1 1 3 3
v 1 1 2 2
a 1 1 3 3
v 1 1 2 2
a 1 1 3 3
v 1 1 2 2
a 1 1 3 3
v 1 1 2 2
a 1 1 3 3
v 1 1 2 2
a 1 1 3 3
v 1 1 2 2
a 1 1 3 3
v 1 1 2 2
a 1 1 3 3
v 1 1 2 2
a 1 1 3 3
v 1 1 2 2
a 1 1 3 3
v 1 1 2 2
a 1 1 3 3
v 1 1 2 2
a 1 1 3 3
v 1 1 2 2
a 1 1 3 3
v 1 1 2 2
a 1 1 3 3
v 1 1 2 2
a 1 1 3 3
v 1 1 2 2
a 1 1 3 3
v 1 1 2 2
a 1 1 3 3
v 1 1 2 2
a 1 1 3 3
v 1 1 2 2
a 1 1 3 3
v 1 1 2 2
a 1 1 3 3
v 1 1 2 2
a 1 1 3 3
v 1 1 2 2
a 1 1 3 3
v 1 1 2 2
a 1 1 3 3
v 1 1 2 2
a 1 1 3 3
v 1 1 2 2
a 1 1 3 3
v 1 1 2 2
a 1 1 3 3
v 1 1 2 2
a 1 1 3 3
v 1 1 2 2
a 1 1 3 3
v 1 1 2 2
a 1 1 3 3
v 1 1 2 2
a 1 1 3 3
v 1 1 2 2
a 1 1 3 3
v 1 1 2 2
a 1 1 3 3
v 1 1 2 2
a 1 1 3 3
v 1 1 2 2
a 1 1 3 3
v 1 1 2 2
a 1 1 3 3
v 1 1 2 2
a 1 1 3 3
v 1 1 2 2
a 1 1 3 3
v 1 1 2 2
a 1 1 3 3
v 1 1 2 2
a 1 1 3 3
v 1 1 2 2
a 1 1 3 3
v 1 1 2 2
a 1 1 3 3
v 1 1 2 2
a 1 1 3 3
v 1 1 2 2
a 1 1 3 3
v 1 1 2 2
a 1 1 3 3
v 1 1 2 2
a 1 1 3 3
v 1 1 2 2
a 1 1 3 3
v 1 1 2 2
a 1 1 3 3
v 1 1 2 2
a 1 1 3 3
v 1 1 2 2
a 1 1 3 3
v 1 1 2 2
a 1 1 3 3
v 1 1 2 2
a 1 1 3 3
v 1 1 2 2
a 1 1 3 3
v 1 1 2 2
a 1 1 3 3
v 1 1 2 2
a 1 1 3 3
v 1 1 2 2
a 1 1 3 3
v 1 1 2 2
a 1 1 3 3
v 1 1 2 2
a 1 1 3 3
v 1 1 2 2
a 1 1 3 3
v 1 1 2 2
a 1 1 3 3
v 1 1 2 2
a 1 1 3 3
v 1 1 2 2
a 1 1 3 3
v 1 1 2 2
a 1 1 3 3
v 1 1 2 2
a 1 1 3 3
v 1 1 2 2
a 1 1 3 3
v 1 1 2 2
a 1 1 3 3
v 1 1 2 2
a 1 1 3 3
v 1 1 2 2
a 1 1 3 3
v 1 1 2 2
a 1 1 3 3
v 1 1 2 2
a 1 1 3 3
v 1 1 2 2
a 1 1 3 3
v 1 1 2 2
a 1 1 3 3
v 1 1 2 2
a 1 1 3 3
v 1 1 2 2
a 1 1 3 3
v 1 1 2 2
a 1 1 3 3
v 1 1 2 2
a 1 1 3 3
v 1 1 2 2
a 1 1 3 3
v 1 1 2 2
a 1 1 3 3
v 1 1 2 2
a 1 1 3 3
v 1 1 2 2
a 1 1 3 3
v 1 1 2 2
a 1 1 3 3
v 1 1 2 2
a 1 1 3 3
v 1 1 2 2
a 1 1 3 3
v 1 1 2 2
a 1 1 3 3
v 1 1 2 2
a 1 1 3 3
v 1 1 2 2
a 1 1 3 3
v 1 1 2 2
a 1 1 3 3
v 1 1 2 2
a 1 1 3 3
v 1 1 2 2
a 1 1 3 3
v 1 1 2 2
a 1 1 3 3
v 1 1 2 2
a 1 1 3 3
v 1 1 2 2
a 1 1 3 3
v 1 1 2 2
a 1 1 3 3
v 1 1 2 2
a 1 1 3 3
v 1 1 2 2
a 1 1 3 3
v 1 1 2 2
a 1 1 3 3
v 1 1 2 2
a 1 1 3 3
v 1 1 2 2
a 1 1 3 3
v 1 1 2 2
a 1 1 3 3
v 1 1 2 2
a 1 1 3 3
v 1 1 2 2
a 1 1 3 3
v 1 1 2 2
a 1 1 3 3
v 1 1 2 2
a 1 1 3 3
v 1 1 2 2
a 1 1 3 3
v 1 1 2 2
a 1 1 3 3
v 1 1 2 2
a 1 1 3 3
v 1 1 2 2
a 1 1 3 3
v 1 1 2 2
a 1 1 3 3
v 1 1 2 2
a 1 1 3 3
v 1 1 2 2
a 1 1 3 3
v 1 1 2 2
a 1 1 3 3
v 1 1 2 2
a 1 1 3 3
v 1 1 2 2
a 1 1 3 3
v 1 1 2 2
a 1 1 3 3
v 1 1 2 2
a 1 1 3 3
v 1 1 2 2
a 1 1 3 3
v 1 1 2 2
a 1 1 3 3
v 1 1 2 2
a 1 1 3 3
v 1 1 2 2
a 1 1 3 3
v 1 1 2 2
a 1 1 3 3
v 1 1 2 2
a 1 1 3 3
v 1 1 2 2
a 1 1 3 3
v 1 1 2 2
a 1 1 3 3
v 1 1 2 2
a 1 1 3 3
v 1 1 2 2
a 1 1 3 3
v 1 1 2 2
a 1 1 3 3
v 1 1 2 2
a 1 1 3 3
v 1 1 2 2
a 1 1 3 3
v 1 1 2 2
a 1 1 3 3
v 1 1 2 2
a 1 1 3 3
v 1 1 2 2
a 1 1 3 3
v 1 1 2 2
a 1 1 3 3
v 1 1 2 2
a 1 1 3 3
v 1 1 2 2
a 1 1 3 3
v 1 1 2 2
a 1 1 3 3
v 1 1 2 2
a 1 1 3 3
v 1 1 2 2
a 1 1 3 3
v 1 1 2 2
a 1 1 3 3
v 1 1 2 2
a 1 1 3 3
v 1 1 2 2
a 1 1 3 3
v 1 1 2 2
a 1 1 3 3
v 1 1 2 2
a 1 1 3 3
v 1 1 2 2
a 1 1 3 3
v 1 1 2 2
a 1 1 3 3
v 1 1 2 2
a 1 1 3 3
v 1 1 2 2
a 1 1 3 3
v 1 1 2 2
a 1 1 3 3
v 1 1 2 2
a 1 1 3 3
v 1 1 2 2
a 1 1 3 3
v 1 1 2 2
a 1 1 3 3
v 1 1 2 2
a 1 1 3 3
v 1 1 2 2
a 1 1 3 3
v 1 1 2 2
a 1 1 3 3
v 1 1 2 2
a 1 1 3 3
v 1 1 2 2
a 1 1 3 3
v 1 1 2 2
a 1 1 3 3
v 1 1 2 2
a 1 1 3 3
v 1 1 2 2
a 1 1 3 3
v 1 1 2 2
a 1 1 3 3
v 1 1 2 2
a 1 1 3 3
v 1 1 2 2
a 1 1 3 3
v 1 1 2 2
a 1 1 3 3
v 1 1 2 2
a 1 1 3 3
v 1 1 2 2
a 1 1 3 3
v 1 1 2 2
a 1 1 3 3
v 1 1 2 2
a 1 1 3 3
v 1 1 2 2
a 1 1 3 3
v 1 1 2 2
a 1 1 3 3
v 1 1 2 2
a 1 1 3 3
v 1 1 2 2
a 1 1 3 3
v 1 1 2 2
a 1 1 3 3
v 1 1 2 2
a 1 1 3 3
v 1 1 2 2
a 1 1 3 3
v 1 1 2 2
a 1 1 3 3
v 1 1 2 2
a 1 1 3 3
v 1 1 2 2
a 1 1 3 3
v 1 1 2 2
a 1 1 3 3
v 1 1 2 2
a 1 1 3 3
v 1 1 2 2
a 1 1 3 3
v 1 1 2 2
a 1 1 3 3
v 1 1 2 2
a 1 1 3 3
v 1 1 2 2
a 1 1 3 3
v 1 1 2 2
a 1 1 3 3
v 1 1 2 2
a 1 1 3 3
v 1 1 2 2
a 1 1 3 3
v 1 1 2 2
a 1 1 3 3
v 1 1 2 2
a 1 1 3 3
v 1 1 2 2
a 1 1 3 3
v 1 1 2 2
a 1 1 3 3
v 1 1 2 2
a 1 1 3 3
v 1 1 2 2
a 1 1 3 3
v 1 1 2 2
a 1 1 3 3
v 1 1 2 2
a 1 1 3 3
v 1 1 2 2
a 1 1 3 3
v 1 1 2 2
a 1 1 3 3
v 1 1 2 2
a 1 1 3 3
v 1 1 2 2
a 1 1 3 3
v 1 1 2 2
a 1 1 3 3
v 1 1 2 2
a 1 1 3 3
v 1 1 2 2
a 1 1 3 3
v 1 1 2 2
a 1 1 3 3
v 1 1 2 2
a 1 1 3 3
v 1 1 2 2
a 1 1 3 3
v 1 1 2 2
a 1 1 3 3
v 1 1 2 2
a 1 1 3 3
v 1 1 2 2
a 1 1 3 3
v 1 1 2 2
a 1 1 3 3
v 1 1 2 2
a 1 1 3 3
v 1 1 2 2
a 1 1 3 3
v 1 1 2 2
a 1 1 3 3
v 1 1 2 2
a 1 1 3 3
v 1 1 2 2
a 1 1 3 3
v 1 1 2 2
a 1 1 3 3
v 1 1 2 2
a 1 1 3 3
v 1 1 2 2
a 1 1 3 3
v 1 1 2 2
a 1 1 3 3
v 1 1 2 2
a 1 1 3 3
v 1 1 2 2
a 1 1 3 3
v 1 1 2 2
a 1 1 3 3
v 1 1 2 2
a 1 1 3 3
v 1 1 2 2
a 1 1 3 3
v 1 1 2 2
a 1 1 3 3
v 1 1 2 2
a 1 1 3 3
v 1 1 2 2
a 1 1 3 3
v 1 1 2 2
a 1 1 3 3
v 1 1 2 2
a 1 1 3 3
v 1 1 2 2
a 1 1 3 3
v 1 1 2 2
a 1 1 3 3
v 1 1 2 2
a 1 1 3 3
v 1 1 2 2
a 1 1 3 3
v 1 1 2 2
a 1 1 3 3
v 1 1 2 2
a 1 1 3 3
v 1 1 2 2
a 1 1 3 3
v 1 1 2 2
a 1 1 3 3
v 1 1 2 2
a 1 1 3 3
v 1 1 2 2
a 1 1 3 3
v 1 1 2 2
a 1 1 3 3
v 1 1 2 2
a 1 1 3 3
v 1 1 2 2
a 1 1 3 3
v 1 1 2 2
a 1 1 3 3
v 1 1 2 2
a 1 1 3 3
v 1 1 2 2
a 1 1 3 3
v 1 1 2 2
a 1 1 3 3
v 1 1 2 2
a 1 1 3 3
v 1 1 2 2
a 1 1 3 3
v 1 1 2 2
a 1 1 3 3
v 1 1 2 2
a 1 1 3 3
v 1 1 2 2
a 1 1 3 3
v 1 1 2 2
a 1 1 3 3
v 1 1 2 2
a 1 1 3 3
v 1 1 2 2
a 1 1 3 3
v 1 1 2 2
a 1 1 3 3
v 1 1 2 2
a 1 1 3 3
v 1 1 2 2
a 1 1 3 3
v 1 1 2 2
a 1 1 3 3
v 1 1 2 2
a 1 1 3 3
v 1 1 2 2
a 1 1 3 3
v 1 1 2 2
a 1 1 3 3
v 1 1 2 2
a 1 1 3 3
v 1 1 2 2
a 1 1 3 3
v 1 1 2 2
a 1 1 3 3
v 1 1 2 2
a 1 1 3 3
v 1 1 2 2
a 1 1 3 3
v 1 1 2 2
a 1 1 3 3
v 1 1 2 2
a 1 1 3 3
v 1 1 2 2
a 1 1 3 3
v 1 1 2 2
a 1 1 3 3
v 1 1 2 2
a 1 1 3 3
v 1 1 2 2
a 1 1 3 3
v 1 1 2 2
a 1 1 3 3
v 1 1 2 2
a 1 1 3 3
v 1 1 2 2
a 1 1 3 3
v 1 1 2 2
a 1 1 3 3
v 1 1 2 2
a 1 1 3 3
v 1 1 2 2
a 1 1 3 3
v 1 1 2 2
a 1 1 3 3
v 1 1 2 2
a 1 1 3 3
v 1 1 2 2
a 1 1 3 3
v 1 1 2 2
a 1 1 3 3
v 1 1 2 2
a 1 1 3 3
v 1 1 2 2
a 1 1 3 3
v 1 1 2 2
a 1 1 3 3
v 1 1 2 2
a 1 1 3 3
v 1 1 2 2
a 1 1 3 3
v 1 1 2 2
a 1 1 3 3
v 1 1 2 2
a 1 1 3 3
v 1 1 2 2
a 1 1 3 3
v 1 1 2 2
a 1 1 3 3
v 1 1 2 2
a 1 1 3 3
v 1 1 2 2
a 1 1 3 3
v 1 1 2 2
a 1 1 3 3
v 1 1 2 2
a 1 1 3 3
v 1 1 2 2
a 1 1 3 3
v 1 1 2 2
a 1 1 3 3
v 1 1 2 2
a 1 1 3 3
v 1 1 2 2
a 1 1 3 3
v 1 1 2 2
a 1 1 3 3
v 1 1 2 2
a 1 1 3 3
v 1 1 2 2
a 1 1 3 3
v 1 1 2 2
a 1 1 3 3
v 1 1 2 2
a 1 1 3 3
v 1 1 2 2
a 1 1 3 3
v 1 1 2 2
a 1 1 3 3
v 1 1 2 2
a 1 1 3 3
v 1 1 2 2
a 1 1 3 3
v 1 1 2 2
a 1 1 3 3
v 1 1 2 2
a 1 1 3 3
v 1 1 2 2
a 1 1 3 3
v 1 1 2 2
a 1 1 3 3
v 1 1 2 2
a 1 1 3 3
v 1 1 2 2
a 1 1 3 3
v 1 1 2 2
a 1 1 3 3
v 1 1 2 2
a 1 1 3 3
v 1 1 2 2
a 1 1 3 3
v 1 1 2 2
a 1 1 3 3
v 1 1 2 2
a 1 1 3 3
v 1 1 2 2
a 1 1 3 3
v 1 1 2 2
a 1 1 3 3
v 1 1 2 2
a 1 1 3 3
v 1 1 2 2
a 1 1 3 3
v 1 1 2 2
a 1 1 3 3
v 1 1 2 2
a 1 1 3 3
v 1 1 2 2
a 1 1 3 3
v 1 1 2 2
a 1 1 3 3
v 1 1 2 2
a 1 1 3 3
v 1 1 2 2
a 1 1 3 3
v 1 1 2 2
a 1 1 3 3
v 1 1 2 2
a 1 1 3 3
v 1 1 2 2
a 1 1 3 3
v 1 1 2 2
a 1 1 3 3
v 1 1 2 2
a 1 1 3 3
v 1 1 2 2
a 1 1 3 3
v 1 1 2 2
a 1 1 3 3
v 1 1 2 2
a 1 1 3 3
v 1 1 2 2
a 1 1 3 3
v 1 1 2 2
a 1 1 3 3
v 1 1 2 2
a 1 1 3 3
v 1 1 2 2
a 1 1 3 3
v 1 1 2 2
a 1 1 3 3
v 1 1 2 2
a 1 1 3 3
v 1 1 2 2
a 1 1 3 3
v 1 1 2 2
a 1 1 3 3
v 1 1 2 2
a 1 1 3 3
v 1 1 2 2
a 1 1 3 3
v 1 1 2 2
a 1 1 3 3
v 1 1 2 2
a 1 1 3 3
v 1 1 2 2
a 1 1 3 3
v 1 1 2 2
a 1 1 3 3
v 1 1 2 2
a 1 1 3 3
v 1 1 2 2
a 1 1 3 3
v 1 1 2 2
a 1 1 3 3
v 1 1 2 2
a 1 1 3 3
v 1 1 2 2
a 1 1 3 3
v 1 1 2 2
a 1 1 3 3
v 1 1 2 2
a 1 1 3 3
v 1 1 2 2
a 1 1 3 3
v 1 1 2 2
a 1 1 3 3
v 1 1 2 2
a 1 1 3 3
v 1 1 2 2
a 1 1 3 3
v 1 1 2 2
a 1 1 3 3
v 1 1 2 2
a 1 1 3 3
v 1 1 2 2
a 1 1 3 3
v 1 1 2 2
a 1 1 3 3
v 1 1 2 2
a 1 1 3 3
v 1 1 2 2
a 1 1 3 3
v 1 1 2 2
a 1 1 3 3
v 1 1 2 2
a 1 1 3 3
v 1 1 2 2
a 1 1 3 3
v 1 1 2 2
a 1 1 3 3
v 1 1 2 2
a 1 1 3 3
v 1 1 2 2
a 1 1 3 3
v 1 1 2 2
a 1 1 3 3
v 1 1 2 2
a 1 1 3 3
v 1 1 2 2
a 1 1 3 3
v 1 1 2 2
a 1 1 3 3
v 1 1 2 2
a 1 1 3 3
v 1 1 2 2
a 1 1 3 3
v 1 1 2 2
a 1 1 3 3
v 1 1 2 2
a 1 1 3 3
v 1 1 2 2
a 1 1 3 3
v 1 1 2 2
a 1 1 3 3
v 1 1 2 2
a 1 1 3 3
v 1 1 2 2
a 1 1 3 3
v 1 1 2 2
a 1 1 3 3
v 1 1 2 2
a 1 1 3 3
v 1 1 2 2
a 1 1 3 3
v 1 1 2 2
a 1 1 3 3
v 1 1 2 2
a 1 1 3 3
v 1 1 2 2
a 1 1 3 3
v 1 1 2 2
a 1 1 3 3
v 1 1 2 2
a 1 1 3 3
v 1 1 2 2
a 1 1 3 3
v 1 1 2 2
a 1 1 3 3
v 1 1 2 2
a 1 1 3 3
v 1 1 2 2
a 1 1 3 3
v 1 1 2 2
a 1 1 3 3
v 1 1 2 2
a 1 1 3 3
v 1 1 2 2
a 1 1 3 3
v 1 1 2 2
a 1 1 3 3
v 1 1 2 2
a 1 1 3 3
v 1 1 2 2
a 1 1 3 3
v 1 1 2 2
a 1 1 3 3
v 1 1 2 2
a 1 1 3 3
v 1 1 2 2
a 1 1 3 3
v 1 1 2 2
a 1 1 3 3
v 1 1 2 2
a 1 1 3 3
v 1 1 2 2
a 1 1 3 3
v 1 1 2 2
a 1 1 3 3
v 1 1 2 2
a 1 1 3 3
v 1 1 2 2
a 1 1 3 3
v 1 1 2 2
a 1 1 3 3
v 1 1 2 2
a 1 1 3 3
v 1 1 2 2
a 1 1 3 3
v 1 1 2 2
a 1 1 3 3
v 1 1 2 2
a 1 1 3 3
v 1 1 2 2
a 1 1 3 3
v 1 1 2 2
a 1 1 3 3
v 1 1 2 2
a 1 1 3 3
v 1 1 2 2
a 1 1 3 3
v 1 1 2 2
a 1 1 3 3
v 1 1 2 2
a 1 1 3 3
v 1 1 2 2
a 1 1 3 3
v 1 1 2 2
a 1 1 3 3
v 1 1 2 2
a 1 1 3 3
v 1 1 2 2
a 1 1 3 3
v 1 1 2 2
a 1 1 3 3
v 1 1 2 2
a 1 1 3 3
v 1 1 2 2
a 1 1 3 3
v 1 1 2 2
a 1 1 3 3
v 1 1 2 2
a 1 1 3 3
v 1 1 2 2
a 1 1 3 3
v 1 1 2 2
a 1 1 3 3
v 1 1 2 2
a 1 1 3 3
v 1 1 2 2
a 1 1 3 3
v 1 1 2 2
a 1 1 3 3
v 1 1 2 2
a 1 1 3 3
v 1 1 2 2
a 1 1 3 3
v 1 1 2 2
a 1 1 3 3
v 1 1 2 2
a 1 1 3 3
v 1 1 2 2
a 1 1 3 3
v 1 1 2 2
a 1 1 3 3
v 1 1 2 2
a 1 1 3 3
v 1 1 2 2
a 1 1 3 3
v 1 1 2 2
a 1 1 3 3
v 1 1 2 2
a 1 1 3 3
v 1 1 2 2
a 1 1 3 3
v 1 1 2 2
a 1 1 3 3
v 1 1 2 2
a 1 1 3 3
v 1 1 2 2
a 1 1 3 3
v 1 1 2 2
a 1 1 3 3
v 1 1 2 2
a 1 1 3 3
v 1 1 2 2
a 1 1 3 3
v 1 1 2 2
a 1 1 3 3
v 1 1 2 2
a 1 1 3 3
v 1 1 2 2
a 1 1 3 3
v 1 1 2 2
a 1 1 3 3
v 1 1 2 2
a 1 1 3 3
v 1 1 2 2
a 1 1 3 3
v 1 1 2 2
a 1 1 3 3
v 1 1 2 2
a 1 1 3 3
v 1 1 2 2
a 1 1 3 3
v 1 1 2 2
a 1 1 3 3
v 1 1 2 2
a 1 1 3 3
v 1 1 2 2
a 1 1 3 3
v 1 1 2 2
a 1 1 3 3
v 1 1 2 2
a 1 1 3 3
v 1 1 2 2
a 1 1 3 3
v 1 1 2 2
a 1 1 3 3
v 1 1 2 2
a 1 1 3 3
v 1 1 2 2
a 1 1 3 3
v 1 1 2 2
a 1 1 3 3
v 1 1 2 2
a 1 1 3 3
v 1 1 2 2
a 1 1 3 3
v 1 1 2 2
a 1 1 3 3
v 1 1 2 2
a 1 1 3 3
v 1 1 2 2
a 1 1 3 3
v 1 1 2 2
a 1 1 3 3
v 1 1 2 2
a 1 1 3 3
v 1 1 2 2
a 1 1 3 3
v 1 1 2 2
a 1 1 3 3
v 1 1 2 2
a 1 1 3 3
v 1 1 2 2
a 1 1 3 3
v 1 1 2 2
a 1 1 3 3
v 1 1 2 2
a 1 1 3 3
v 1 1 2 2
a 1 1 3 3
v 1 1 2 2
a 1 1 3 3
v 1 1 2 2
a 1 1 3 3
v 1 1 2 2
a 1 1 3 3
v 1 1 2 2
a 1 1 3 3
v 1 1 2 2
a 1 1 3 3
v 1 1 2 2
a 1 1 3 3
v 1 1 2 2
a 1 1 3 3
v 1 1 2 2
a 1 1 3 3
v 1 1 2 2
a 1 1 3 3
v 1 1 2 2
a 1 1 3 3
v 1 1 2 2
a 1 1 3 3
v 1 1 2 2
a 1 1 3 3
v 1 1 2 2
a 1 1 3 3
v 1 1 2 2
a 1 1 3 3
v 1 1 2 2
a 1 1 3 3
v 1 1 2 2
a 1 1 3 3
v 1 1 2 2
a 1 1 3 3
v 1 1 2 2
a 1 1 3 3
v 1 1 2 2
a 1 1 3 3
v 1 1 2 2
a 1 1 3 3
v 1 1 2 2
a 1 1 3 3
v 1 1 2 2
a 1 1 3 3
v 1 1 2 2
a 1 1 3 3
v 1 1 2 2
a 1 1 3 3
v 1 1 2 2
a 1 1 3 3
v 1 1 2 2
a 1 1 3 3
v 1 1 2 2
a 1 1 3 3
v 1 1 2 2
a 1 1 3 3
v 1 1 2 2
a 1 1 3 3
v 1 1 2 2
a 1 1 3 3
v 1 1 2 2
a 1 1 3 3
v 1 1 2 2
a 1 1 3 3
v 1 1 2 2
a 1 1 3 3
v 1 1 2 2
a 1 1 3 3
v 1 1 2 2
a 1 1 3 3
v 1 1 2 2
a 1 1 3 3
v 1 1 2 2
a 1 1 3 3
v 1 1 2 2
a 1 1 3 3
v 1 1 2 2
a 1 1 3 3
v 1 1 2 2
a 1 1 3 3
v 1 1 2 2
a 1 1 3 3
v 1 1 2 2
a 1 1 3 3
v 1 1 2 2
a 1 1 3 3
v 1 1 2 2
a 1 1 3 3
v 1 1 2 2
a 1 1 3 3
v 1 1 2 2
a 1 1 3 3
v 1 1 2 2
a 1 1 3 3
v 1 1 2 2
a 1 1 3 3
v 1 1 2 2
a 1 1 3 3
v 1 1 2 2
a 1 1 3 3
v 1 1 2 2
a 1 1 3 3
v 1 1 2 2
a 1 1 3 3
v 1 1 2 2
a 1 1 3 3
v 1 1 2 2
a 1 1 3 3
EUREKA
