4
b c#
# #b
c# #
#bc c
3
5 2 1 3 2 4
5 1 2 2 3 4
2 3 2
4
a ba
bba aaa
aab b
ab bba
1
3 1 2 3
3
b bbb
babbb ba
ba a
2
4 2 1 1 3
3 3 2 2
3
1 111
10111 10
10 0
8
4 2 1 1 3
3 1 1 2
3 1 2 3
3 1 3 2
3 2 1 3
3 2 3 1
3 3 1 2
3 3 2 1
3
b bbb
babbb ba
ba a
5
1 1
2 1 2
3 1 2 3
4 2 1 1 3
3 1 1 1
4
b ca
a ab
ca a
abc c
2
5 2 1 3 2 4
5 4 2 3 1 2
4
ring ing
sast str
si isisa
thi th
2
4 1 2 3 4
4 4 3 2 1
3
00 1
0 100
1 00
6
3 1 2 3
3 1 3 2
3 2 1 3
3 2 3 1
3 3 1 2
3 3 2 1
3
100 1
0 100
1 00
7
3 1 2 3
3 1 3 2
3 2 1 3
3 2 3 1
3 3 1 2
3 3 2 1
7 1 3 1 1 3 2 2
4
01 0
110010 0
1 1111
11 01
5
6 1 3 2 4 4 3
12 1 3 2 4 4 3 1 3 2 4 4 3
18 1 3 2 4 4 3 1 3 2 4 4 3 1 3 2 4 4 3
24 1 3 2 4 4 3 1 3 2 4 4 3 1 3 2 4 4 3 1 3 2 4 4 3
30 1 3 2 4 4 3 1 3 2 4 4 3 1 3 2 4 4 3 1 3 2 4 4 3 1 3 2 4 4 3
3
BB B
AB BA
C BC
8
3 1 2 3
4 1 2 2 3
5 1 2 2 2 3
6 1 2 2 2 2 3
7 1 2 2 2 2 2 3
8 1 2 2 2 2 2 2 3
9 1 2 2 2 2 2 2 2 3
10 1 2 2 2 2 2 2 2 2 3
3
a baa
ab aa
bba bb
3
4 3 2 3 1
4 1 2 3 3
8 3 2 3 1 3 2 3 1
4
1 10
0 10
010 01
11 1
1
6 1 2 1 3 3 4
4
11 1
1 111
0111 10
10 0
1
4 3 2 2 4
0
