2017790395
1911979715
73104683
646288800
335174847
200454766
640999890
1915870856
1795936857
292922104
145805366
2069844569
1241752533
895065841
636372115
347482036
1874470221
543421002
15163370
736287157
49245583
1716217442
124680445
2084627990
1405489956
1141458576
1545389110
1450431555
1089563425
1328636500
1654490401
478810071
340670621
253963246
2071025922
1715264345
1483391667
1280776430
1158745305
482300207
1417269047
1839823734
777677324
663622891
2009803276
750774725
294082686
1827666484
1854703558
232571726
1819770388
1787347638
1539635834
1408554528
1224955849
429512796
426728751
255576496
1627106034
1406336539
65648688
2124252788
1533259701
987366058
578227245
1074034019
1198553584
313887942
1296782649
1108827940
667538813
738999070
1376760186
2071443012
1077444091
696820605
558097825
279600775
93198977
2006424267
1743518321
1548153760
295527015
1708443587
1354776917
1084509955
889132032
708457002
145341433
1389255688
935397382
229405245
1415249943
1132075969
678102392
663988948
1727780806
1602026675
1081249776
826363974
2045095654
88004756
1015495038
285940383
1594501634
1120410778
1421654737
1137132861
366797280
80980855
2142006801
1841033287
1804086914
1039366402
419713614
1467100572
1043345979
1034748398
409988499
986996978
850899355
804162092
51679532
2042664081
1939178338
483874596
1760339149
857591817
333356144
1209589707
329314802
608668093
301621168
1321731646
710996905
1497272561
1866895969
1816251750
1401054159
190234700
2065627967
1859616292
1089583403
250200174
834007417
1990684694
819092371
53027486
1403468538
925329372
775801736
1452369245
1996853134
1005497322
780045184
1742399133
997993572
884121849
253858879
2049790839
911476126
809151319
743755852
1754053995
1175078217
637646975
337088884
287591173
2026021862
1825712275
1707823216
1759140
1636762512
1356430595
540534250
469178915
1929162769
1992016866
1869067954
1177284069
782507190
2028152214
975288120
326886472
1253686763
1733133308
1199720008
1362752617
1168677251
1958881970
472761158
1338651002
1099777583
697252396
567350723
113484638
1635288481
853839405
116342224
1752763820
702044453
555001505
1796187522
1611608860
1249073688
1165813120
343166269
1901271776
348306289
776243053
634891981
1217537266
510875480
1745353418
1445681615
262256270
2134897698
1825284667
947741643
630822904
125424661
2078658007
894075921
1787644278
1566497405
349800225
1772997144
1420995099
669689573
891943022
285506562
2030183760
35348993
1327851703
1692745564
1047091351
300353279
581810716
1163164284
1116180642
1065002337
1856745023
1287073241
506560742
1058969480
679474216
1750103305
1287956037
1100051690
32560575
2135234255
1948174803
141452143
2100312473
1498060452
1257439220
995673917
962666349
542584571
973413363
375802750
1856720331
1419359392
1373035005
1597756244
539492518
1837659884
1738036376
1705673749
896894718
647870726
355607274
585949963
243581163
1320188335
1742742528
869702673
1425584388
345429437
1983102839
1870807005
874417597
1784564084
865419267
764212440
1334248714
719795419
1334357005
509574178
1075856941
423468384
278937893
2082631980
1415913030
1100406416
717858617
18908576
168458737
135982224
1786456454
1990312412
1220569281
1316326453
556816786
1263749403
886882924
1826948836
1137998698
2115374234
804819805
468105180
2141250968
1748399632
1533299946
70547068
976785942
281925082
250796768
135539789
1421688657
329418554
178561961
1985753700
1513774636
893052881
878019971
1902843688
1773615423
1688011668
447203643
2129025362
1741189414
1585851999
4837754
1260485329
124276630
415447533
2060045388
2020031793
1912682730
1785298292
1738115819
1384516742
390529178
345315777
1186626199
1200074060
963614005
1920957962
1707028109
987403036
1446739444
1090420109
763619112
1025069714
869123921
707648445
324526253
1780936240
2134649417
1182824162
1120870870
360418742
1851909720
713891445
619169714
1838235697
1300683122
459863591
1637733541
1699106664
532821955
429488262
405153058
271540927
984465007
559776316
824391973
790399981
641077368
1897547088
1202450117
924772172
301631265
1579711052
1004895348
1893402827
1622356737
1800955235
904792347
99903325
1299709557
1924122539
1669432873
548529092
1686302417
1650661705
867664457
539866412
1553015998
1227830753
2012869608
1855748342
2117759927
1561364656
669844025
844932546
41901171
2016651918
1855876859
1192511414
560985729
1389546203
222928118
2010237661
1057186096
1026524030
1363595428
837475596
808692145
101645513
1322679964
676629586
2142463164
1127082079
1397567371
528205420
1997643536
1892816529
398543428
1929090191
1447591862
699262463
428728266
349760709
1909641175
428625827
2012771154
670355448
2067705703
899307176
479779062
1515411
1941883471
2007360101
1223115323
648157909
636228963
563152846
1540168749
1494896812
1641899470
3538578
1471808129
908910632
742522091
604013423
1348298607
1139179682
1742964034
811454967
716331735
496697617
2113089367
2012109076
501151873
371063652
140902748
1180511967
757820750
617255538
474524405
18004735
1856188480
1306839510
1166034208
192195176
4829361
1036111263
363348005
105352234
2140679377
2126385150
1451691545
1216134853
747069230
431021793
1599222936
752094349
516574748
2075250486
1986880134
1803194823
1967947356
373825357
204733271
1591618700
1402952990
1782541664
1692873486
1051636214
1449632154
889052391
815981633
1629648609
1971444567
1768055425
1110623474
319157519
1774635834
1410407276
880067889
378349191
221555412
1085626938
998371006
471162288
1975001779
1679874190
1317572648
1063035538
228916387
1235644796
543558455
2060819364
1459711770
1417099306
1198857432
437663518
1515498746
1897918963
942114296
795723930
482629212
756375898
2096330255
953939779
919311299
266203792
1696726272
1416940050
1271662214
308481229
2008380743
1801574643
88704411
1750351916
1711613161
1413648160
492956510
2129093316
939693736
1872835990
1856965712
1563292873
1324068714
872358961
779954474
200465666
2069878635
1505506703
1900825656
1508071093
1220718383
889463154
517186766
242783153
1604910522
1401864088
839324900
2130354282
2037432481
1512450140
1430248428
1425007909
1569336783
1391052507
328349459
1145292443
1075322506
61806360
2113488661
1111334177
540996394
2116957271
2094977325
746429160
438365176
1942111184
1712450781
439076831
322813853
1072954714
1055206661
933486070
723248598
1400036857
1242222725
1231471382
176514888
2014273448
1976577847
781850912
519932794
468328709
1495272287
859717196
1366924428
205316386
967518188
776202232
1311894377
777548785
1784507503
1059356709
660223161
1920870950
1302118571
1164017439
1054575247
1844047518
1623657188
885920902
1445269162
1004860928
1662453735
1652906337
1231543615
399563511
2143688563
2007878792
1918581097
1895767691
1720809743
279114865
270959619
98673722
1959396303
2074823984
1160331748
652159194
170542550
1731617167
1534290213
1293792010
1199162500
883732478
227116629
213080073
1995046249
1850929887
1682047623
1335707568
645050446
1994553988
1069727460
901985226
2140830720
1792443760
1523102073
900019191
824083629
655717737
1762006728
1569660273
1643057462
1017772019
1965359095
1060815792
252111026
1463815019
695259736
951266687
531378405
1487115719
1440340725
1310379935
1959957244
1913407386
2070507393
1813340738
2024592197
1768329966
1151202991
797430931
547400005
2096656028
717980098
1963466333
885249875
1633634977
1184463288
330743337
138291682
1835691685
1533441173
938802834
547323492
1518842521
1298294195
1269886038
739506495
222807373
1836494847
1525306556
526406070
453359169
324634822
1626071960
718536233
419165132
875477795
385444251
1397958412
1358600511
1052325138
944177149
523826655
339325385
1362357844
2089127099
726858739
1183184805
822114390
1879720860
916930118
623641495
1483435108
2049816608
1594210825
1045723588
814292461
546528653
83936784
802531886
1309500875
1152023802
1933247882
1880984829
1703948989
861768106
620873361
154751382
405310193
168483085
1680157150
1453806584
1154964832
1363847627
1052066621
864117271
320128064
160540047
1737060259
2140353540
1272361766
654487388
520036036
1681082177
996235020
239047224
24667155
799593974
343701582
326889848
1823285596
1716419285
1226001137
325442813
2117767530
1895282868
1323259723
1178596836
300973077
1350152045
1267510181
972275649
346730764
180251171
109798351
614152813
296178820
1726111086
1564345699
1803918812
1374299355
836164116
1240463704
1018638023
485433794
48715298
1604511848
339722368
843915079
1316433851
841792121
209397717
1844754014
466978876
1292625322
1275757835
769211304
729625596
42112141
2103491842
1392458332
1072253246
1143953770
455888158
1180961250
698640596
330188606
1641269134
423039296
117282345
1490103518
1936320030
1227207569
1565879455
1161523252
575503457
1968744103
1290649576
1941991870
1486255833
1087841947
721644878
2564601
1506535749
550652811
1744159914
1441477849
2065738364
385412262
264676209
1706800219
1913931005
1781274465
1683810577
460875632
93029268
908955085
564872926
1978676278
1435801742
1232533397
554874508
37248707
2092266799
1774973900
1619615703
1229336656
586832316
1368534190
1362026602
1087411724
528189826
338026061
417545082
1005297124
1613207497
430218142
225345797
1840321813
911983640
2097422042
1496155453
667586158
511282627
1141206134
1498623108
734591695
2103585956
898154966
707608372
1711336987
1701861443
327794746
1821432201
52682647
2014444109
1148340252
1725914700
1959057788
1599238432
1381958217
1230501877
2070065519
1792376036
301738727
80711410
1807745196
1763904780
539011089
410083363
956045809
2057213386
217842988
1805177990
1826023775
632045981
1726935206
456473126
1299259274
1838620767
191014388
1429727416
636498990
1925121338
1573871863
1514527791
1483278103
784716614
758178465
666138928
1315875912
176394753
765822357
471783561
423335180
1836310527
1627172192
1243919319
1620657003
507544439
1722276711
435541865
1849046588
1557244835
1532644257
2083958146
616765985
116885091
997693955
1383026314
2031890324
1917134832
1480271837
859406472
2010835891
1223394806
1152582818
358939663
1040364103
1073705040
1040610600
172823228
1791732204
982852620
1807160668
1666969058
1232289056
932244655
801599316
603250713
1291116284
954988946
897645555
364528804
733191289
1792496514
1187972096
1163693547
609701158
489137578
90915550
2027204998
1350330414
967344735
1722718641
796635134
721358202
135349922
2082151027
969749446
680190014
544217819
663931165
1696063697
281207902
1571753690
1203369592
985505259
1822917688
1309956269
79978586
10116581
1575390618
688631297
2083165250
674446391
1937601977
14191574
1729408040
343631908
1363428938
454830036
1617137516
1209597134
1149525643
1651660131
205422423
169973282
1565473427
1242431739
805674796
1327185986
920990164
355325778
1748356131
1106687287
59044765
382132949
1705934949
662551191
2049018004
1399668931
1105897166
768054066
310711593
106721941
1389844321
1212920638
426546984
1383995735
876335215
616682245
62266165
695069082
1618422493
1408639934
90051816
1018027361
377732746
181090989
324596711
142698423
1226892040
1251659849
1965042780
1872108004
126786792
1829180997
815181102
656615978
549879798
746892246
310810369
1871536045
1546663215
505552873
253988185
1995727446
1662027879
633268549
357556685
176354227
98678412
1116093497
2088659862
2004721085
1816504170
949197607
2147101105
2051553841
1916999054
1407116443
1014375634
578308409
260181802
1461692057
1337269714
1548587376
1072302179
1842337198
1659064890
549604013
160652047
1956764895
1023410342
30836163
1629865304
2126021762
1914450101
1680295274
622341726
549220300
452791429
7018085
846276525
311492897
1698318469
1227281950
1822067506
702506300
1596513568
1407066580
1725825149
534364594
1451792245
682171818
223483533
778651808
1953751903
1940958304
937071471
41376858
394850265
1694483587
63652197
2014866743
1330241613
514135712
2022414239
479600264
1082894855
733094611
1602665028
426593582
409201281
2007043786
1306589966
398673402
1072607444
1216169030
103027909
1881908578
1870418804
7866244
2062510423
1957388508
1471129442
694435019
528432560
202944510
195776512
1297391975
1925598116
1483436073
1376562642
142446950
1580621240
1386272841
1084616452
699071255
373842925
227999787
1794734824
407813844
634092261
1354074791
41080152
934173766
1638001520
785498850
626247816
1940110341
1826249147
1338994527
1276240801
901581016
284541024
2103342872
2034879554
1121326087
740419846
452447624
339051846
1471432987
1455358172
61205014
727389392
1762485871
1246689484
1549285649
272612901
200724266
746015
659425883
1937334345
1200272696
1433887247
1612130811
1158593342
59835903
1788320665
930663308
1117637711
626542646
365684880
1892446890
413242875
1985670012
1320868730
196968117
1493735861
785366780
111517517
829040286
1530953505
1025914032
1947232616
1790352449
247891241
1549053779
851443347
473475306
1766130089
70075481
1181369367
921830620
24080423
5726671
1864698309
1788971176
1181030650
811852658
300778064
265307975
1046253622
31278706
354642588
900122299
25360377
1436886459
604166590
1459917829
246343084
826652314
1101507818
1880130291
1868054379
1693788819
900735702
17465386
507700860
23132354
1848463373
1936105656
1406227675
1269660428
1088223073
36175980
1803991462
1610079791
896677696
501090646
836001405
1793237645
2127343536
836653124
521494539
439038026
1812313766
1775109625
1091914548
877489817
1782096140
1623987315
736489162
2084290533
1230341748
832653548
1553952167
1606671735
323849661
204531036
1533824975
1066220379
742038698
1740595267
1519403734
694529419
661930150
1940054846
1709958834
1216855257
816988702
501793066
334222094
1918370549
1076553732
300643677
1337223466
1284999204
1310266755
2021913055
1479359685
998343431
897861842
1968078331
1797675229
472688179
414107384
1608243280
1193303764
1190634631
767743117
215406049
1769330442
1281470064
761642019
98169193
1756325063
858285494
575974925
1996619104
1059966761
612991105
1884005106
595832664
56032664
1840382012
1138058482
571390555
2086497154
1116956481
469188551
1193052516
809802387
2075403602
1470980339
1402664367
13218093
1393202465
183195273
142037266
1448408033
1896032022
636452516
415601811
1036133694
11908646
344565646
111269908
2130473113
1140858179
2096674064
1992801947
1902506574
1649893383
667175210
1544126050
388173216
850783320
108802673
2003591571
1216558686
1189148836
818897030
283746511
1903833273
1002925651
186011167
1764700110
1661050258
634838040
2103534060
375151821
1356142215
1751465537
1392524354
1892833039
1391611477
1832819155
1545892788
854244453
361743839
596057862
441603174
1750193984
455603490
232480385
1501925898
1332510066
206540091
2005686821
500398274
488774086
305508791
274083082
1324897185
1147690472
313838844
1569719864
1525847714
511338080
506906829
1118797414
723340384
237222730
1786474277
1600150949
1331194259
71289195
1815417338
1608714136
858576351
2039723082
1215888892
736408010
601502230
1397834851
1758362718
555786394
1334365106
946594157
685759206
392234741
1184811096
340016109
1276114072
412879634
308322681
781200844
493702786
1729934217
1621779406
1321456598
1238853249
2058917898
713220295
573680833
1199607266
1111701188
634598286
361205455
475597093
783904261
1428671426
520393016
1891935335
544258373
180444706
63299038
667006980
392480879
1360955405
1184200517
1026152941
1584499945
1482603241
812200322
1749233495
22491742
1431202186
647609923
2048405632
1739602396
721155646
11746679
1829774938
782866353
33263382
843609979
1475953309
1061531305
828794125
543112327
318307483
1984670080
473496926
232425421
1884527513
938844398
47490005
1955841216
1654068216
448762850
1547379005
1378242632
1484715580
1153863272
974364943
2130099079
882067610
1991256774
1697025642
1216009612
1891880812
1770769303
1542108921
210027725
1419090011
924314482
1113317414
1050319618
332210559
105891169
2100842104
1682692470
1590123417
859420045
584564737
238576759
2047950847
1513859554
1047625376
759320016
1869084722
1295095080
184137593
156827874
61086896
1436289295
938958116
294951678
1625705568
264038178
1270748295
762159239
1598326194
1886484386
1886045427
95153341
32072828
3966019
1548444537
458353062
424095720
1752578751
1907572739
1097316925
1194165346
760979017
2103318993
614020621
168113646
2097083238
2075605157
820422371
1509126696
630831218
441436179
446186414
2100784324
402036305
1758697227
2066680478
1189680673
1586673158
1563435310
1077876449
661505773
95660075
28101693
849437897
284516964
39959051
1386676731
991845696
679337400
120641729
1422395448
1193784820
730885769
1562778112
589270178
1919682411
830340082
575737829
1986455025
1645300469
1010447842
1365471059
926381438
671420673
1550307626
182804009
743415230
1932063824
1703587233
1259265819
885748139
825200599
392564854
756566803
622390261
489207447
402257126
207055603
175917999
163851503
597183136
1788661871
996235536
725080926
504531052
1017578245
791064658
440047045
719474294
1843505623
762438371
281228955
104285526
1761209452
1567097405
1161199838
1857512331
250541116
1283236868
1422554655
2069909553
448639906
186985460
1787040128
882858386
416229073
183096568
159762513
778138227
1706835880
1428088520
936357655
795746827
1195386832
334487360
143189782
1085529924
1071098457
536474530
2101284512
879483528
1365554393
1753904941
1437072109
1284648149
1162731467
1105618815
1856129564
708110087
208764034
1808299775
1804194675
1617194447
660691641
384168244
259432155
1461472882
860255227
1296518949
851954587
1529077962
1450100167
549451380
2143315987
285045005
5629313
1389505589
220053708
2074154980
1739938636
172914015
1658467277
1869868084
172642175
1668962815
1254433234
638721604
513154472
472880725
410786522
1142274536
132497631
467450209
1938407747
1548982539
21030263
1154437935
675535175
564596385
99117393
988273915
1602131742
334758360
1630064616
1504622646
6646089
144168565
1563546495
347176509
1563064085
1393168031
1347916
2076170578
2073478734
962534042
1985326327
1245212639
1078976277
182914509
1947324801
1494490570
1391089607
1882754409
1580009591
1416086827
1301008041
182900352
1028391398
210857593
197437095
2139134522
823655063
801771807
712372723
135165899
1544011308
1501334025
1387013313
1975154704
1146630674
184422705
2427386
1700956140
446521787
889074078
563389309
1223444005
871896075
776466620
1480975562
729361818
1568660508
1443053803
1394944447
1026463166
1386432337
571085837
1334003865
444879581
2055140530
1917797465
940750971
925035063
897834531
345635567
1534731472
1157545965
607540896
1111770470
808597739
273228904
14071135
2027591203
2020667099
1089315537
395255127
142401528
968974614
1972990083
467216819
177889677
2137724959
1390368206
209158308
1317627105
471416099
329133115
1164914447
180574810
1588761275
1382086099
1031006962
931174935
502950755
2078846720
1251240493
890264920
583886859
1547641154
1119022140
790899766
917740576
718272340
1650675923
2066189542
1076655181
1064322074
1987174624
1305121748
1993444033
2081367235
2032775045
465926164
432983992
1327976485
6460490
1327617039
1250713767
951611111
594784505
1667663656
489723904
289181754
167271424
1699390469
808414750
572717578
1640907056
214807354
48348170
1783671530
1424793919
1928792839
229561509
1230988447
1111213306
835501838
570616600
157169790
1722627831
1709813079
1902701673
549855149
1371530381
1864790792
1492459686
679240854
570058431
1613841049
820024013
285746025
953549268
836358353
1048741772
640493621
270001562
2109083842
1586345229
820415519
1903209812
565265921
200424150
14124549
1702122572
1439506743
682879169
425238310
213246721
1418134039
891518309
740985758
337430723
2086596862
620722335
1971073667
554663004
487471151
1184551242
1488653924
246097764
2036333322
1021319672
423039039
94886694
1501439692
835078251
369808089
1880545947
1676882917
1619129034
1407342454
1190144887
1317551620
854884727
2017822562
727464975
641398882
589145994
531021175
57864889
1861069476
1623570500
879724164
2066160248
1732664156
1162329048
1975191305
1680853122
994321276
696431705
1698391217
318359187
270355566
2065317866
1610423056
1225299357
898408844
847059540
653658226
516042125
1892631531
542953444
1042853652
649655189
382283220
267857349
221742920
2078113689
1927349448
861504019
1884593562
887715742
1957587882
283127827
1544020102
1387935697
365459979
1472795422
1492744461
2035302831
37270558
1773021200
505559620
464255603
842345234
1657633874
1334478194
95828294
2022329827
830964252
1921396822
1689724751
874706100
295323761
2026917811
1810002606
1518023136
779390126
192760330
1058747363
1364736851
496348088
191057155
213062298
1716259387
1559882501
861850656
1842995491
520420104
506318074
232500445
1732378601
784382305
685296910
299692559
539194292
1915980920
1872709603
1758971969
1258848561
865131815
1181008775
21595583
2137070090
991766450
2101001974
546206914
1000595882
335529363
440947543
991509210
664615633
1268644970
793766356
2007320161
1831344239
570659158
494898308
303558721
749849542
2118074222
433742830
1999951108
1717893516
1539018611
867972228
301971257
1599084966
533448833
1638519507
1118770038
1240562749
621293153
1497092236
1321283782
1192010130
273412221
151081840
2041426485
911936606
850746712
635380463
1652496473
1187689328
1112143374
1099518931
731515309
