79414
68011
50491
44603
32173
26706
94024
86356
83869
57724
54096
51669
42326
38277
33893
24618
98393
81123
79248
68605
64902
58874
49723
35337
21717
21110
13311
98824
93913
93869
70505
60953
57268
33510
29472
22895
22652
21194
17561
17072
11398
78507
69555
61666
61086
57533
47031
39481
14575
95412
91604
74486
66276
42348
29766
27034
11281
92869
88286
85056
62829
54350
43713
36014
24715
19550
14279
85312
78363
74025
70256
68237
53040
47368
45392
43582
34020
28614
24872
17131
16577
13168
12455
89131
52895
50889
38123
19840
19339
12944
74991
74077
70862
46299
28168
28119
18859
13505
11820
