99361
99061
98761
98651
97968
96148
94179
90869
88728
88305
87571
86166
85632
85067
84684
83787
83732
82418
81834
80876
80487
79828
77678
77574
77193
76190
76168
74079
72911
72327
72038
69824
68700
65762
61609
60218
56898
56656
53975
52693
51975
51347
48265
48246
47740
45036
43968
43866
43089
42245
40215
39459
37345
34063
32670
26451
21888
19543
18593
17934
15990
14562
12846
11726
11606
10089
99095
98591
98010
97457
95041
93380
90852
90701
86888
79451
79116
79108
77645
76486
75784
75702
75008
73913
73703
69608
68400
67879
64137
63519
62507
62119
57633
57485
54864
54593
53201
52661
50275
50093
49881
44931
44601
44027
43813
43279
41804
41753
41357
39509
39361
39100
38572
34944
34705
33569
32111
28690
28687
25464
24647
24452
24133
22425
20057
19884
19411
18535
17231
16685
16606
14689
14449
10388
98981
98162
97340
94134
91108
88122
85897
84275
82317
81672
81476
78417
77882
73046
71745
70909
70599
70331
69682
68141
68028
67064
65412
65232
64309
64009
63984
62670
61977
61818
60693
59329
58999
58881
58364
57973
55996
55155
53203
52710
50951
44966
43762
41547
41527
41109
41086
40488
39768
38248
37719
36142
34041
30872
30369
22066
22063
20424
19737
19298
17612
16624
13669
13224
12565
10841
10609
10504
99695
97125
95528
94715
90475
89106
86206
85696
85196
83015
82888
82402
80247
80121
80117
79669
77791
75522
74837
73713
73656
72510
71276
69513
68663
62426
60538
59008
57828
56792
56609
51801
51189
49939
49665
47762
46146
45511
41830
40023
39656
37771
32258
31778
31608
30131
26053
23631
22794
20857
20790
20299
19117
13854
13179
13094
10677
99631
98938
97900
93191
92296
91383
85173
84152
82931
78995
78964
78195
77026
76140
75571
73378
72814
71012
69118
63714
60903
60133
58934
58011
55632
55417
55263
54805
47653
43507
41377
41265
35734
34751
34667
34221
34050
31097
30756
28232
27992
26901
26381
25980
25922
25660
24274
22988
22592
21518
21111
18641
17376
17065
16198
15658
14341
11458
11189
97799
97470
96748
96289
96055
95043
93872
92932
92554
91716
91671
91624
91351
85489
84663
83516
82886
82562
81478
81207
80039
76817
71781
69745
69200
69184
65731
65434
64636
64583
63070
62482
60796
55214
52409
49837
48403
48234
48109
47821
47161
46921
46516
45815
43705
43682
41590
40581
40392
39478
38423
35266
35031
34866
34691
34555
32230
29511
24401
24298
24055
23369
22823
22514
20988
20671
20636
20179
20111
19810
11929
99691
98395
92974
91648
90815
89007
88433
86729
86597
84680
84461
82474
82467
82357
80943
77649
77287
75807
75499
75416
74847
74393
72371
70337
64663
64236
62905
61717
61102
60102
60023
59163
58511
57358
56850
56740
54443
54165
54051
54023
53943
53460
53171
49794
49747
49341
48532
44885
42998
42145
36844
33124
32577
31501
31157
27882
27702
25439
25283
21496
21294
20999
20805
20609
15378
12491
10066
95166
94484
93774
91284
90730
90640
88638
88489
88323
86503
85215
84454
84217
82508
78269
75734
75460
75204
72611
72346
71527
71504
68033
62842
62642
62292
60441
59822
59758
59556
59158
58719
58226
54455
54354
52316
51505
51085
49532
49334
42760
40781
37478
34269
33548
30644
30638
29728
29228
27218
26261
25164
23704
23200
21792
19107
17726
14072
13890
12151
10957
10666
10252
97636
95824
95343
93879
93160
91985
91925
91769
90192
87621
87367
86176
85423
84300
83629
82678
82436
78501
78374
75689
73447
73261
71636
69957
69749
69321
66914
66306
64710
64590
61758
61402
60314
59641
59085
58507
57782
57149
55888
53753
49583
45774
45695
45186
43472
42884
40358
39357
38938
38005
37707
37157
36889
35911
35669
32479
30834
29999
29686
27555
27474
23692
22614
18612
18044
17974
17613
17158
16672
15403
15346
14215
13824
97893
94582
90237
89006
87635
87261
86953
86637
85180
84751
83878
83129
81859
81413
81177
79087
73044
73015
72926
72874
71958
71722
71263
69794
66861
66713
65010
64368
63789
62810
61515
60220
59890
59592
59537
58571
57136
56158
55895
54336
49256
47822
46582
45352
44435
43952
37892
37251
36636
36455
36284
35447
35246
31757
31374
29669
28666
27034
26707
26699
24539
24511
23976
23843
19369
17918
17391
16294
12631
12502
11761
11361
10419
10057
1650142834
1495363463
2069984283
298767119
1935802077
1435541351
861479441
206629467
878458349
921610621
306706488
1473813245
181184015
503327732
2076760503
1552468919
1186636772
1290066707
636426703
1516106740
111714616
1649909051
1240478505
910903525
234418039
1637763182
141389295
1901496497
510221947
587504209
1205975557
1694954710
420027459
2126859377
1267637119
453498284
581915307
37135035
494789555
1254660107
411240084
1477037389
671731026
1515008370
2141759257
897353477
1028178154
1948794119
1319846054
2123199078
359531642
431851916
1110689852
1906022893
1554251908
524378631
1555032310
1362872834
1831821482
1663039497
1994174068
212790424
293197682
2065652087
1202062608
972787195
1851987512
1855297097
1243783310
550146777
1442770964
1545451289
965726038
991508889
1593788759
1188646983
866318652
1450444502
1750508585
923750846
259460340
1818722334
1810614331
199442359
810861260
391073564
1085126873
1709681436
1918418510
1873037225
1903150556
863230105
1211726322
1351869797
1037714432
1905891222
804464370
270259
1361481780
2075723627
2054996497
425653055
989075374
1614834936
2056629108
1715792110
1676274707
981907179
105362794
1654259288
656238601
1541884038
15605594
1110351595
83170377
223430527
1059557165
437759674
50149661
148915266
277798094
1702237271
646878667
1471724309
1932051656
1603976825
696555658
981013030
340193106
461495468
1767673233
384609304
648460648
421890699
2002009567
1904688571
1987617097
1397829025
1138968282
857683320
1024272717
1579885751
92073990
300450281
1128769809
15335865
1582429703
1632658056
976045343
1218618571
1526028240
1533439404
490873617
773940651
982305965
403367243
761364097
1141315201
810370949
1939149713
1895295255
410919992
840143816
491083475
1433714118
719834454
12769215
166016453
491999568
40835972
1406578228
389947478
2022192195
461386931
2107576004
807683656
1365032619
657267977
1741758785
1181417150
294372472
813599849
1064031499
1756271620
433857659
701698367
1589374746
1668896623
565831018
770781025
761142811
2044568511
232195987
257442288
683764030
1825412384
153904335
679831751
191696693
1803332515
2100105769
1929075461
269901969
1264675264
974390090
839402550
1417345389
281596680
1090262541
1610059482
288746424
1145872634
886838699
1405465239
1384398190
1101422965
30236749
625412072
1410451382
523102302
920165439
196071718
87701036
154602712
20011687
880277093
1416294098
1165620315
88068926
656932237
1602082794
729351848
1680878181
815643714
1029712141
1434829437
33955073
1741512266
2038084583
2136303325
1101192286
1612422750
523584798
1085782950
1348283556
68677149
168730444
217073590
769292548
1829815142
1746086417
1033422205
2057396712
27182203
1570494163
51627335
1173198758
1222403931
215700949
2061130737
1569836556
1494792280
132718728
1826644291
2030987113
1260642784
1303412288
2037853711
1101678491
66519973
1196663692
443788667
76237773
1551603832
464713721
1847499417
1701955350
1815437475
801811657
1517158218
1622245352
1782206104
1945331474
1847431644
1210190812
594756891
779721295
673078615
1083142903
1499937092
809783534
1529720086
849976429
1376729284
709603943
1078454538
1773986684
354092129
1774133767
1584226690
532849442
88911185
273468932
923166010
1295583474
53148425
1189647528
1991542484
386077691
1626090723
1399315479
1714812297
645204501
40290473
1750392166
2070397833
124844187
1372202514
1660481176
1205430138
1892129338
1955328877
584834711
776203152
28093126
879759602
754549050
486877876
652014766
1426337420
444450231
1237221272
1045056879
768944079
