71332
23375
41895
61744
91498
71933
97354
73566
69172
46772
31067
59986
82095
67014
51276
15536
67294
54290
52203
18787
92467
96307
39625
34754
32421
20329
36855
88903
43531
55326
34967
17729
19247
93829
54934
91537
55185
86813
38639
86565
71055
46880
12354
55086
93150
28332
99045
82350
43377
56757
17369
66050
38561
93959
44619
30842
75558
56772
64545
49673
75812
72895
82511
44089
84706
52962
51277
65088
61322
68957
93289
23043
62874
31126
46587
23416
20458
14516
76421
63641
24362
40750
87474
34881
98438
77408
79470
30555
60551
12037
88695
81193
54731
49903
78432
98698
86528
58505
23309
81215
49060
84420
32214
55169
55407
78725
57685
27162
70106
91878
36826
20910
61312
79541
75267
13229
36582
24817
25038
87660
51485
12952
10275
79692
42898
82236
24699
36119
64172
79049
39890
50234
76034
40523
98074
66246
57995
47192
85213
13694
55341
70070
58115
19523
31782
25980
42613
25079
14016
34841
87061
83206
39804
92578
95337
57941
56316
79491
74009
59061
25540
65278
81108
85563
44215
42324
33933
29782
33623
37254
61053
41375
96610
34124
91851
25673
24006
23823
61154
56723
95381
33673
30990
26013
86244
93165
49281
56330
60474
83679
34848
76154
43886
43445
32522
29042
74558
26816
36734
65853
48458
91828
26231
77418
53070
76991
52197
67597
15736
51634
70765
42576
44836
88142
33783
78040
93527
53841
35371
30042
48748
92878
52254
48016
11325
35261
96514
53913
84607
72839
36905
78160
70545
87815
99496
50624
14166
61716
60611
99343
37504
36519
81369
60972
14972
97655
70642
55396
59415
57181
72568
73198
70180
62942
44230
24851
80680
33083
50446
51122
33278
59904
87673
67557
70492
48078
96568
96180
44116
52247
64024
18397
30359
28638
97683
10222
79043
26422
32889
80779
28185
92115
47360
34308
10371
44240
96344
29485
47921
25791
66145
73136
19048
80261
65761
31198
50873
24515
60934
21568
91222
54163
26986
15387
41659
74153
14871
90212
24462
78405
86303
80924
82969
89274
29788
21030
32010
95469
29604
19120
79935
95128
52708
56574
85287
65326
32510
68486
47339
52476
19333
87469
67648
33597
75202
18053
82061
58533
98170
82023
38885
94134
52990
27297
48595
42983
17635
28806
58096
65076
82618
80293
42757
34127
79976
32969
55698
11807
41179
96383
62948
24912
22221
14601
13318
52350
75116
45827
57716
35113
20415
96544
35439
24305
87147
14812
86900
54837
55405
78808
45674
22899
45576
11687
98744
31246
61886
63050
16425
87809
37714
51222
23596
22339
83643
57280
83938
84697
79021
17112
63091
36482
30549
71368
38904
74214
49308
20942
83405
61624
93269
29333
26775
69143
69681
49724
31824
81939
31748
66862
45716
34490
12271
13010
31017
83912
48361
99235
67980
44688
59582
53588
29107
62849
72841
27757
49216
45942
88607
83420
17722
82985
64663
85872
60029
33918
14999
27370
86500
86811
46585
96869
35249
32379
92384
69020
59104
12308
67409
50015
20925
88071
46079
22345
58871
11780
14609
27006
24826
41543
24181
82591
58748
82807
61194
51772
77029
55229
45668
56798
66761
59035
97606
81179
36660
42438
16707
45474
88885
53222
60406
23555
38759
16812
16360
43700
90245
55027
21572
17666
