2061293093
1746309179
1428788027
1145551316
937972014
351273393
130237108
117181623
2080792014
1918337677
1675078918
1591042117
1318326178
1086882787
364199336
98558062
17014220
1837665111
1726186195
1599638504
1313759571
730518281
658275464
398079007
263817555
7089510
1894285860
1730088092
1577946508
1484347159
973839807
885858584
845607581
776454532
742610434
659872576
367089653
233717512
103661725
1730726030
1681020622
1243595850
1140442516
1041711938
1040244963
902325912
590126496
270598168
16838902
2128061707
2064894107
2044621011
1772271282
1656729791
1388097473
1091968296
118735320
1957337083
1631111389
1436920710
1037803129
397691739
214490737
87526576
1799352957
1766445097
1690576044
1532675063
1379100379
975382385
838446329
749691836
537957676
450302237
2024196276
1960769095
1860331339
1666933389
1531781059
1097628018
855814574
726066344
720054812
98318051
1845101950
1798901329
1726037942
1393186834
1358325781
1112565174
1107596713
895978922
783178244
695932901
646092014
497065542
256145083
198354979
41022349
1938464261
1697191706
1532337321
1340546970
1278357142
955404413
869038092
839321137
210825416
43679916
988216403
944482722
912940030
854821157
737834247
581880986
472994599
458301493
1772805687
1557628141
1498514659
1326353112
1106633093
1079287689
454199497
442041366
199160802
88902572
2063511409
1826973369
1642424477
1521716943
1275292134
1101945816
916610861
873461172
699173542
639010572
637873389
181504975
166875774
2065693201
1995848638
992571845
875642442
721729118
59994243
57720415
1691553384
1626893841
1226726622
1093001789
902427579
862369794
796282933
205012982
147734824
2031642954
1284053390
917727128
753200949
665215517
434760988
266462085
246288817
2108815264
1779068374
1638238269
1567475222
1498428957
1385520759
1295551618
1280273083
1133087308
1062671371
905920780
875103515
839814723
2134562465
2011044381
1827912575
1788164266
1703600611
1329709112
1236139107
1224001420
1163156220
1135823059
1075323675
1054758737
674816669
460056520
368474401
357543461
1660393182
1657509465
1629255556
1582931087
1304652596
1144458206
1096668567
719583093
2139256646
2128881803
2072629919
1618525273
1566263696
1496232671
1337846637
1320598996
947290501
806090872
159763320
2128602101
1932734705
1923875779
1905970944
1883206979
1768443914
1714751397
1465927098
1444607342
1208227669
947927991
568898986
504160997
56403598
1583457137
1506058186
1390168931
1300337111
1117404458
1106472059
1009707130
912962940
620593922
374670316
368145253
364761656
262637663
142786334
131168080
2138129281
1918579666
1634415483
1486282666
1411030945
1282923018
1282189549
1274213429
1158880057
1156526774
1128251593
839406494
563705752
108700522
66291369
2071296000
2018506091
1937830693
1813634825
1776528491
1347249486
1069466409
1032303172
905324909
753207368
1590733618
1243591701
1008465596
804201877
158975241
1761079571
1753902485
1250284272
1234555547
479343094
16144877
1862981985
1475758715
1374237895
1180041467
1070248541
430426160
257346866
22435338
2134322770
2116340701
1882423541
1691739799
1356890129
1328008376
1275779185
1179171143
516598656
284176467
206452265
1769817133
1546258331
1165366514
1149149443
553854920
479877014
74268668
27646545
2071908685
1968642179
1921586520
1794256253
1623508663
1484814318
1453635264
1314146445
1312205963
1075440251
978676604
940171491
807320338
612567002
580402046
236044249
151778892
104942690
27320016
2143628004
1425284980
838941142
742401099
702985718
408992758
1559785703
700053617
638556819
110367468
70683854
54727444
1780155773
1726759339
1356309559
1345146821
1298379627
1059832442
781647888
709106739
361852378
2063144372
1712463716
1579699444
1308253048
1242109435
1157291942
1034174426
1011951203
927201657
548813384
442452577
357366664
271049353
208254525
1888308491
1881596521
1226397333
1022547016
913756872
751716828
150458397
136309640
2089788103
1680586304
1332769215
1199520824
1125815129
535649378
246875758
1397452200
1243696009
1071763006
576426731
459342837
417034222
76595113
42127203
2111426313
2011760224
1396841070
1315813185
1218543607
1189179699
1149622271
827889719
789782883
785615996
130844749
26321535
2076351874
1989740202
1790720095
1672968178
1130902086
1121203298
612247168
563670192
2033830214
1913991004
1870518804
1110679402
876119551
396208010
339971338
227024717
98901674
2115328793
2077719168
1647533890
1503627234
1467757119
1457050058
1330396165
1285459607
1159341852
375673965
320685250
2132765958
1473961023
1276619582
1274353392
1188079911
967654373
30281832
2093365500
1814274806
1583734354
1410926857
1339514918
1313401803
1067041811
973315403
891290841
840709818
823192795
556980965
532676094
467693387
362334959
31465766
1488219400
1386167451
1136357187
757451702
594846243
2134558621
2032444450
1803643016
1765474448
1686570844
1352545311
675184461
599449161
564980696
515457512
424448049
362370295
1932088277
1844745978
1682555817
1604737993
1301354830
1270338332
1055641232
950908879
704300243
519440847
499059522
399550131
110285196
1393096249
1133268515
1124463901
1047908546
768457874
585866703
518123133
467430596
443425911
395289113
187824967
108830764
1456895211
1251744114
1153652308
1110218110
825375573
794856770
657320893
573135149
550586843
281851678
44973869
2065983349
1999699609
1998643874
1847659401
1840908666
1059178107
913834930
672101136
406979489
331234863
134210247
2144988053
2104342599
1343417489
1127318953
949231908
769198107
650739100
104782532
61698999
2027883755
1827149799
1802872101
1787561007
1398818373
773285603
728171539
622698610
616225016
542060405
230000294
2076676698
1519565858
1422263624
1151211940
1046465179
1020438500
855403447
351586495
275328380
177458530
131957761
1209784812
1099759261
1072900985
936150301
678837812
672943437
492093215
356089465
37114349
1526597644
1413661610
1168790464
814524030
647865028
605278792
419837595
213384976
2138259796
718815807
546577753
342924960
334295013
268698497
160473262
1475618
1613612783
1089486594
1010024115
952182944
624822419
560939694
537868627
107231637
2123017805
1956371875
1752031456
1693507439
1520473508
1320322426
1311862796
1225761283
720700158
586055873
470749922
378924853
329790212
197427458
1861308464
1747535396
1745325678
1467619235
1370454497
1320558667
1273115661
1206540510
829075623
737374616
674003218
573306066
528694137
359071316
185507070
2011291016
2003799578
1773561919
1564431165
749448502
724652833
575017973
1772489241
1557246734
1524493710
889747589
657506126
499541353
481026193
449207615
398675479
35134011
2116883113
1766406698
1715706610
1544662052
668771537
564650072
1681585933
1629786038
1539829172
1336915508
1321948663
1299363811
247647552
1987004235
1649555243
1563700603
1523718868
1407953197
935490055
698056658
9864073
1623688708
1585318614
755301091
479339283
397151916
319637987
1726190191
1638280408
1246165498
621561500
483339104
381702743
327096702
323137873
130606068
1927490010
1900451796
1853849193
1803728360
1803543934
1794940292
1474057893
1354443295
1088651798
1016922687
405056267
180902244
81210078
24559785
1822525449
1795005311
1758044023
1688141117
1641903735
1304966944
1130192760
708577800
2049381158
2022234169
1808553640
1119767741
1025340928
759984372
740883293
615635200
382529912
323988659
230948119
1891631711
1607027053
1342063682
1033991363
900098081
895436855
449645701
134574558
1655600223
1650466974
1316390259
915944114
865661871
826207485
317545060
165945145
2082379478
1793241719
1422189932
1249268309
1200852822
558297445
200186495
57258660
1898359324
1729292160
1441282455
1260368958
1222582252
1171367044
929044847
918350113
876329467
848337188
617709434
249454346
172229974
2025995613
1833030975
1572569383
1212559541
1211840547
979900787
970942138
867230124
788651452
713418452
542318064
487885601
58942440
38559686
2008143358
1404141205
1195492490
1191167723
972839594
900550528
298082261
167378684
1852980334
1652888102
1435135867
1318408908
1299482097
1242409721
1015702191
779882098
583977648
384961104
2133027592
1958992809
1484715406
1472167584
1457628940
1368652783
1087198866
924993886
715063239
2095488947
1963175090
1894272383
1387116050
1143644674
1018800800
995922999
853015733
239363189
1980781777
1808394205
1450064062
1324075030
1274869859
1236525404
1119632367
1091477632
1075581415
767537327
749788122
727804607
608424653
585681757
516408817
368185390
170205553
2093769226
1922981493
1701744154
1652594462
1547219990
1528434243
1491452639
1335868110
770805670
531057153
150683363
1779631051
1652276408
862296882
300636806
260754743
85184268
2005654377
1456880001
1351597964
746746719
708270305
2129872731
1835286218
1768267310
1732022216
1708370593
1269049132
953033308
865832520
823163075
571240172
481628875
1954095859
1746862725
1677027651
1246207140
1168254691
950707179
938757965
884294327
828895641
574780597
565012258
127983654
2083756083
1939257677
1710649687
1644341431
1476625867
1399872670
1321040950
975878462
888865549
734015506
390961360
277829873
178302071
107733590
1963924693
1639206737
1519653392
1172867427
1049669611
953834633
809425073
352048834
1913445683
1611138968
1276512827
820760088
764081234
746072585
467048600
454263522
353302497
281708015
1699956856
1533295311
1471041241
1411679529
1371086313
432278130
247609425
2122467723
2096057647
1799691705
1133557715
855473960
536475206
520961731
482615171
1721799215
1493198776
1483256443
1442556398
846794951
834483790
697858121
490720911
157612690
123248617
19924180
1559264283
1415427821
1362842827
1344596909
1264030889
1144766134
1079196224
366779577
183167847
22904573
2044099541
1708568756
1626465910
911848925
410910094
76559165
2005427170
1737200352
1362590989
758443256
20511010
2098108132
1822996296
1759383423
1669278508
1354380465
397498595
2071219502
2052438444
1855085365
1782971332
1539678789
1279003731
1140489437
874002010
770139726
603086091
541353356
489731999
1948452760
1337568670
1312279800
1309904443
1261339495
1199221625
846286649
752466416
567768458
440183504
346845250
204240969
85239636
45778568
41251349
2089382122
1979234193
1557911167
1476617811
1263076466
1016619470
892528624
828838162
528088804
509124157
61244547
1959160884
1609984881
1378326570
1318649516
1067259894
951909633
912095292
831405000
633136910
329580287
286050368
91972457
2131573399
2079721390
1820019676
1660184702
1577611112
1517495984
1162796548
831029327
291599118
33335301
1657813106
1545974295
1512749709
1020430250
960673023
933527641
595377101
509086358
270012554
71142821
2029342990
2013471172
1732123943
1488316012
664070645
554938946
396913986
374394073
360557220
28743204
