2062779625
1966255659
1872856332
1864489247
1728620905
1591663710
1497236734
1348257385
1282326111
1062859240
961261747
954406043
821694639
729611778
698887283
695087531
660697801
649982872
511038677
449493394
370497558
347157169
333746048
326057064
281761918
257237934
247120055
193583805
188421364
176583765
149214677
111166174
95504205
75763228
2145100335
1934772275
1925544476
1868104141
1822946033
1704689804
1677595555
1643091640
1615569536
1459683911
1236402969
1170388800
1168859385
1081478481
968882265
718147480
647734469
645654102
602741257
596689344
583881888
465663421
452906751
378165732
278075974
60512022
53227430
2081888427
2022496611
1969660989
1835280968
1815194098
1795028382
1722248303
1641609061
1619963550
1597798049
1582007967
1572808212
1526599004
1462576478
1454593931
1145855092
1120950827
1113401173
1079079021
955994871
946513317
765400938
675318440
630404210
548125929
547502331
487559889
337798242
309216476
225335210
193956350
157012081
1969802397
1953830397
1912645031
1737089787
1727708552
1680248352
1664969926
1648104729
1647273369
1644161737
1620357366
1511149260
1483993015
1450243832
1366057467
1130464428
1113644530
1107595428
1082668810
1037589362
967114623
933558238
902553940
725048639
721648928
689629310
534531059
406465490
353252564
257463596
192409866
159922977
68601879
2076123042
2062052743
2057226065
2022880156
1993774859
1947607436
1830768388
1697419091
1621352040
1557756822
1536745687
1435070298
1345537419
1197626680
1196307158
1136977278
923060396
664021553
568317361
520854910
493520325
481759381
469216534
387334113
317927573
303038663
249700500
247281593
245889084
181829076
173792902
154110629
21911429
2103161694
1929577262
1826241957
1817073483
1723124425
1709428472
1699583547
1629898507
1616272082
1427795240
1303908359
1292699520
1234130420
1160129718
1147283842
1111944518
1098369328
986311146
977220121
963757473
941473846
742857510
367758793
357642707
231702175
210571547
165295458
2052792415
1973637155
1964660130
1920986226
1836682390
1810702929
1767958010
1679563397
1574798403
1389103054
1380024952
1120501673
1076679756
1008961146
925305386
632481625
564947684
563722740
500742756
482354792
415849958
226341829
129118421
86160165
79566463
2077523569
2005560409
1960527641
1931772105
1820060633
1766245820
1704064739
1672156669
1563610257
1480251195
1427899125
1427858109
1314796014
1310740097
1288325920
1173637404
1132560162
999694075
969592694
956105145
897333015
758046593
620586627
602078387
535137143
442021103
422777530
387076148
385605461
367276139
268817125
228087033
95750041
52952132
30272906
2071319751
2024550236
1942980953
1812285332
1530157741
1369094253
1320786507
1269445078
1234628596
1186260949
1133607693
1091560642
939205373
856779011
848742788
784690208
728850672
689175274
605761786
482496876
328444538
217028237
202511641
101923201
2113054294
2042085017
1844842017
1779322243
1699132002
1642918938
1620619017
1605314143
1495561780
1286738311
1274242146
1256996516
1165521039
1077374841
975876795
821073692
785702645
741070206
684749311
642631243
557628332
424979749
423782086
361954527
356522135
302562471
235124779
74594369
68225446
22361987
