99688
99177
98979
98621
98173
98002
97739
97644
97620
97365
96609
96311
96297
96004
95847
95539
95484
95043
95041
94939
94895
94815
94594
94516
94506
94498
94299
94106
93864
93691
93634
93385
93333
93078
92520
92404
91976
91794
91740
91344
91186
91010
90975
90677
90572
90340
90224
90055
89994
89621
89616
89549
89377
89348
89323
89043
88845
88779
88776
88772
88689
88527
88363
88252
88249
88112
88010
87961
87941
87798
87493
87386
87030
86971
86889
86797
86753
86741
86444
86432
86216
86115
85666
85267
85117
84528
84493
84388
84069
83940
83873
83510
83415
82946
82939
82925
82876
82166
82057
81883
81651
81415
80348
80235
80122
79903
79612
79599
79516
79356
78932
78855
78709
78665
78610
78558
78141
78001
77865
77848
77763
77714
77671
77083
76910
76239
76042
75952
75719
75587
75577
75476
75334
75309
75187
75131
75099
75028
75006
74739
74711
74379
73981
73899
73827
73647
73544
73186
73171
73021
72889
72619
72519
72472
72389
72295
72283
72212
72169
72045
72011
71934
71574
71462
71457
71017
70943
70508
70336
70261
70167
70035
69715
69541
69358
69332
69194
69187
68816
68797
68341
68123
67952
67804
67750
67663
67660
67654
67384
67196
67080
66948
66881
66695
66603
66541
66439
66406
65740
65703
65651
65642
65050
64360
64304
64263
64239
64210
64193
63710
63553
63494
63362
63220
62916
62479
62392
61986
61842
61768
61595
61341
60999
60935
60651
60485
60484
60312
60066
59318
59079
59019
58770
58591
58456
58208
58099
58019
57644
57539
57460
57273
57150
56915
56912
56730
56506
56370
56338
56314
56293
55985
55817
55720
55674
55478
55357
55244
55210
55184
54919
54868
54350
54008
53824
53747
53387
52976
52822
52801
52696
52619
52583
52453
52032
51695
51538
51471
51447
51021
50796
50471
50380
50280
49852
49659
49562
49275
49040
48881
48876
48599
48467
48398
48348
48235
48205
48119
47802
47747
47439
47313
47053
46513
46407
45812
45730
45676
45408
45382
45355
45286
45159
44977
44896
44550
44176
44162
43970
43938
43905
43813
43753
43601
43286
43205
43181
43135
43124
42944
42918
42506
42453
42308
42231
41584
41541
41387
41289
41252
41179
41115
41030
40693
40674
40182
40005
39099
39042
38995
38871
38825
38807
38174
37942
37915
37695
37634
37506
37488
37339
37154
37120
37032
36982
36795
36748
36565
36555
36504
36383
36174
35833
35696
35613
35606
35344
35317
35215
35180
35149
35137
34855
34525
34169
33937
33726
33515
33165
33065
32995
32799
32721
32578
32542
32458
31970
31879
31697
31324
31002
30978
30845
30677
30134
30068
30066
29667
29382
29251
28820
28429
28175
28122
28083
27877
27611
27505
27225
27138
27116
26981
26177
26065
26002
25710
25408
24873
24439
24379
24357
23895
23695
23455
23357
23346
22562
22516
22469
22364
22164
22114
22095
21842
21806
21739
21705
21333
21242
21212
21073
21020
20893
20826
20643
20536
20246
20193
20163
19583
19368
19070
18543
18352
17905
17428
17112
17029
16904
16422
16269
16070
16050
16018
15727
15711
15507
15471
15091
15030
15018
14952
14779
14685
14561
14170
14116
13952
13676
12858
12831
12620
12404
12384
12337
11828
11813
11800
11400
11235
11027
10649
10598
10218
99720
99214
99192
99033
98787
98565
98553
98482
98451
98271
98129
97513
97301
96930
96668
96667
96412
96266
96191
96075
95866
95575
95086
95023
95020
95018
95006
94831
94646
94473
94434
94147
93831
93404
93365
93240
93235
93090
92830
92161
92150
92098
91813
91342
91154
91134
90904
90812
90576
90322
89680
89235
89137
88632
88454
88351
88304
88292
88151
88076
88036
87653
87399
87360
86881
86851
86837
86723
86273
85916
85789
85788
85753
85726
85715
85313
85309
84979
84375
84307
84299
83997
83982
83966
83826
83765
83609
83590
83436
83385
83341
83067
83015
82447
82322
82204
81765
81634
81568
81381
81351
81277
81200
81111
80973
80774
80690
80526
80326
80193
79615
79603
79524
79513
79192
79103
79071
78821
78740
78074
77907
77645
77209
77135
76876
76711
76628
76542
76498
76469
76290
76191
75726
75490
75484
75389
75096
74288
74210
74174
73968
73817
73763
73469
73455
72851
72757
72664
72629
72426
72147
71136
70710
70367
70243
70137
70061
69997
69784
69646
69546
69446
69038
68893
68887
68805
68145
67725
67675
67613
67481
67332
67289
67156
66990
66972
66705
66553
66424
66375
66197
65781
65670
65313
65287
65076
65045
65022
64852
64794
64691
64611
64031
63444
63367
62821
62739
62640
62445
62183
61882
61818
61482
61441
61380
61322
61224
61071
60950
60763
60708
60654
60328
60204
58809
58526
58455
58346
58340
58294
57556
57520
57465
57318
56880
56755
56429
55957
55838
55780
55719
55657
55482
55332
55141
54887
54716
54688
54500
54465
54443
54204
53920
53838
53787
53586
53463
53406
53246
53127
52725
52689
52381
52345
52199
52165
51977
51948
51833
51828
51731
51623
51535
51403
50232
50105
50101
49967
49911
49857
49415
49233
49078
48833
48466
48439
48250
48223
48146
48027
47894
47563
47550
47548
47531
47359
47299
47201
47089
46833
46617
46509
46505
46128
46078
46064
46017
46004
45845
45763
45392
45168
45113
45027
45000
44925
44905
44606
44540
44364
44255
44248
44157
44045
43920
43740
43509
43186
43013
43009
42667
42619
42551
42388
42334
42089
41726
41587
40833
40814
40800
40384
40218
39985
39355
39351
39145
39010
38980
38800
38753
38696
38693
38375
38313
38107
37852
37845
37656
37431
37402
37059
36733
36032
35851
35252
34805
34559
34530
34408
34149
34034
33651
33184
32981
32935
32934
32866
32800
32618
32266
31909
31864
31818
31511
30787
30708
30266
30174
30173
29802
29737
29735
29677
29538
29461
29238
29215
29113
28986
28160
28114
27583
27260
26975
26912
26589
26491
26463
26415
26398
26070
25836
25823
25686
25566
24995
24953
24943
24489
24230
24116
23715
23674
23608
23557
23452
23134
23106
23088
23019
22806
22781
22621
22425
22293
22070
21246
21118
21062
21035
20311
20272
20167
19911
19755
19741
19645
19526
18887
18691
18678
18562
18535
18488
17875
17856
17424
17344
17265
17014
16796
16768
16587
16342
15622
15610
15361
15330
15157
14901
14863
14676
14213
14008
13891
13794
13446
13292
12309
11594
11573
11460
11120
11044
10801
10741
10628
10340
10192
99740
99519
99504
99099
98907
98851
98747
98636
98629
98600
98298
98245
98239
98143
98023
97755
97716
97578
97350
97340
97106
96477
95699
95531
95317
95210
95189
95188
95133
95100
94883
94817
94785
94757
94724
94419
94174
94084
94028
93600
93587
93508
92903
92788
92578
92568
92431
92320
92213
92048
91932
91707
91585
91539
91532
91477
91095
90808
90606
90535
90485
90446
90393
90330
90261
90104
90042
90010
89581
89446
89016
88808
88761
88741
88533
88486
88283
88250
87904
87636
87387
87380
87202
87134
87073
87041
86371
86261
86221
86159
85450
85265
85235
85210
84794
84336
84269
84068
83998
83677
83574
83347
83293
83159
83148
82923
82740
82626
82453
82440
82339
82337
82217
82200
82121
82107
81658
80915
80874
80780
80667
80334
79975
79731
79726
79471
79438
79404
78993
78889
78588
78335
78176
78070
77983
77981
77631
77453
77376
77342
77039
76850
76603
76494
76419
75997
75994
75933
75423
75179
75143
74160
74081
73719
73052
72953
72811
72792
72781
72274
72259
72180
72178
72102
71772
71757
71578
71435
71120
70831
70723
70115
70066
70010
69999
69866
69821
69573
69325
69092
68947
68932
68448
68445
68152
68071
67420
67330
67307
67067
66923
66877
66789
66755
66646
66594
66443
66028
65913
65383
65364
65329
65246
65204
64753
63637
63529
63487
62977
62764
62436
62404
61928
61670
61507
61385
61130
60843
60836
60566
60440
60363
60191
60069
60061
60044
60002
59711
59542
59438
59338
59108
58994
58963
58838
58819
58818
58746
58582
58308
58263
58227
58149
58029
57923
57919
57838
57629
57541
57516
57385
56731
56594
56278
55969
55641
55510
55400
55395
55340
55323
55311
55237
55108
54377
54278
54254
54191
54173
54157
53897
53865
53671
53618
53605
53401
53341
52953
52713
52508
52082
51855
51851
51824
51753
51736
51727
51512
51474
51340
51328
51244
51028
50783
50353
50337
50274
50112
49940
49797
49590
49188
48617
48565
48539
48458
48351
48337
47835
47477
47318
47293
47234
46978
46706
46306
45895
45632
45322
45275
44893
44824
44592
44530
44485
44357
44128
43988
43889
43823
43736
43692
43122
42790
42502
42489
41506
41406
41284
40884
40793
40640
40492
40350
40117
39920
39858
39626
39257
39075
39050
38805
38789
38572
38481
38338
38041
37958
37672
37568
37514
36987
36483
36008
35619
35587
35455
35441
35210
35069
34910
34661
34543
34536
34535
34319
34203
34085
33985
33610
33508
33408
33381
33356
32943
32495
32158
32023
31994
31756
31586
31530
31377
31204
31145
30916
30806
30451
30108
29979
29483
29481
29427
29287
29117
28864
28696
28633
28446
28320
28208
28053
27719
27716
27552
27261
27194
26918
26896
26669
26566
26386
25946
25818
25571
25410
25300
25198
25176
24973
24629
24531
24297
23909
23805
23665
23508
23258
23257
23161
23130
23046
22313
22308
22306
22124
22008
21692
21277
21267
21221
21109
20952
20680
20493
20199
20174
20157
19901
19553
19455
19372
19139
19044
18954
18875
17924
17882
17782
17413
16869
16763
16750
16577
16475
16465
16457
16272
16245
16244
16178
16005
15761
15754
15563
15490
15179
14745
14726
14347
14057
13968
13938
13795
13402
13330
13133
13026
13012
12565
12186
11391
11339
10976
10721
10673
10572
10460
10160
10152
99988
99867
99793
99718
99683
99416
99019
98975
98946
98917
98730
98154
98149
98043
97843
97033
96872
96771
96712
96646
96627
96608
96607
96518
96346
96072
95969
95779
95543
95038
94981
94925
94609
94323
93899
93878
93832
93708
93697
93671
93579
93485
93447
93344
92695
91505
91490
91383
91270
91251
91077
91032
91027
90687
90465
89955
89931
89659
89632
89566
89240
88460
88433
88303
88301
88082
87889
87837
87681
87631
87604
87340
86390
86213
86026
85968
85858
85518
85334
85306
85093
85088
84969
84698
84614
84531
84374
84352
84190
84143
84011
83787
83651
82867
82753
82634
82617
82230
82019
82000
81856
81775
81755
81711
81581
81423
80672
80609
80354
80247
80245
80218
80111
79546
79535
79017
78976
78943
78912
78739
78557
78524
78417
78171
78046
77740
77630
77471
77313
77019
76694
76648
76580
76523
76410
76071
75799
75741
75531
75504
75416
75104
75049
74986
74939
74225
74209
74142
73967
73910
73889
73850
73750
73664
73600
73481
73369
73333
73235
72948
72892
72764
72710
72703
72566
72532
72411
70991
70876
70711
70687
70684
70588
70361
70254
70187
70102
69914
69831
69686
69390
69312
69234
69024
68666
68434
68429
68332
68070
68012
67909
67906
67838
67603
67474
67394
67166
67121
67116
66916
66750
66620
66292
66262
65512
65508
65371
65310
64906
64319
64266
64096
64013
63673
63638
63418
63409
63323
63249
63059
62714
62712
62514
62491
62488
62198
62114
62090
61901
61844
61697
61673
61197
61144
61041
60996
60976
60897
60497
60258
60174
60028
59764
59417
59308
59074
58834
58508
58483
58134
57815
57651
57540
57526
57400
57193
57166
56863
56770
56713
56583
56404
56334
56174
56094
55823
55721
55385
55064
55050
54991
54691
54600
54522
54497
54324
53731
53510
53499
52845
52816
52078
51898
51779
51703
51618
51584
51288
51129
51073
50775
50577
49874
49794
49787
49542
49448
49344
48968
48822
48795
48776
48756
48450
48246
48222
48194
47991
47966
47941
47558
47189
46827
46791
46679
46616
46457
45843
45582
45519
44948
44539
44189
44072
43646
43525
42831
42797
42793
42639
42329
42207
42114
42012
41795
41711
41683
41576
40147
40076
39528
39406
39094
38831
38399
38288
38098
38039
37724
37670
37305
37238
37226
37203
36895
36870
36321
35987
35331
35260
35233
35230
35201
34913
34844
34695
34650
34615
34436
34376
34103
33686
33655
33399
33249
33243
32970
32883
32848
32230
32223
32216
31962
31409
31135
31003
30898
30642
30528
30264
30236
29931
29691
29665
29308
29064
28457
28407
28331
27988
27834
27825
27666
27637
27518
27513
27376
27292
27195
27146
27072
27006
26946
26763
26267
25989
25360
25350
25192
25057
24847
24329
23781
23754
23658
23427
23345
23104
22915
22842
22836
22512
22146
22104
21870
21548
21276
21273
21243
20828
20818
20637
20317
20219
19808
19707
19681
19646
19557
19515
19385
18948
18866
18714
18628
18340
18189
18009
17897
17642
17516
16970
16524
16343
15584
15565
15555
15542
15366
15311
14874
14563
14273
14270
14251
13981
13659
13372
13370
13151
13096
12567
12065
12012
11277
11075
10928
10864
10717
10556
10476
10079
99939
99768
99208
99166
99123
99066
98953
98652
98623
98589
98409
98205
97996
97988
97727
97705
97633
97490
97450
97403
97266
97199
97132
96822
96732
96645
96614
96583
96368
96122
96066
96062
95976
95920
95654
95610
95449
95080
95057
95027
94955
94810
94738
94736
94424
94098
93960
93943
93704
93628
93402
93290
93149
93043
93025
92988
92807
92660
92499
92390
92197
92112
91956
91337
91167
91112
90932
90787
90672
90620
90578
90438
90376
90321
90284
90187
89880
89869
89851
89805
89675
89202
89192
88792
88171
88105
88066
88065
87876
87849
87565
87502
87385
87128
86949
86645
86623
86597
86249
86039
85932
85892
85219
84944
84664
84654
84639
84495
84447
84405
84244
84227
84205
84067
83795
83792
83585
83124
83047
82859
82696
82521
82406
82194
81782
81760
81613
81430
81257
81246
80828
80731
80459
80371
80155
79995
79891
79588
79146
79100
77906
77873
77606
77341
77294
77148
77085
77056
76894
76784
76460
76421
76333
76250
76079
76064
75983
75880
75377
75328
75067
74642
74226
74172
73939
73935
73780
73779
73722
73659
73360
72739
72550
71904
71344
71220
71134
71022
70910
70827
70283
68958
68849
68808
68700
68678
68391
68247
68228
68215
68016
67921
67825
67576
67261
67247
67138
67049
66980
66899
66773
66657
66482
66314
65701
65327
65262
64653
64634
63988
63798
63756
63698
63619
63500
63456
63331
63209
63198
63155
62814
62779
62620
62297
62259
62212
62151
61534
61496
61475
61194
61056
61011
60930
60766
60376
60309
59819
59221
59141
59090
59065
58944
58842
58708
58214
57873
57809
57542
57416
57366
56708
56658
56559
56528
56512
56433
56280
56182
56143
56098
55498
55270
54934
54906
54426
54318
54277
53568
53434
53014
52886
52774
52598
52450
52281
52224
51964
51914
51777
51462
51291
51030
51000
50987
50361
50317
49853
49621
49614
49595
49430
49307
49304
49158
48849
48737
48706
48443
47740
47691
47678
47673
47165
47164
47137
47115
47072
46925
46687
46658
46430
46387
46231
45917
45886
45367
45348
45295
45219
45088
45083
44864
44826
44442
44397
44338
44233
44228
44100
44077
43797
43684
43404
43351
43157
42835
42834
42832
42626
42080
42077
41999
41844
41728
41633
41549
41034
39839
39542
39456
39121
38830
38705
38512
38266
38184
38170
38164
38105
37743
37690
37115
36967
36891
36853
36825
36738
36345
36331
35656
35607
35523
35227
35162
34935
34768
34646
34410
34218
34013
33480
33469
33304
32793
32457
32363
32259
31760
31685
31518
30905
30756
30697
30557
30475
30407
30387
30165
29720
29714
29706
29671
29660
29656
29580
29444
29231
29030
29013
28953
28847
28731
28714
28305
28191
27760
27676
27308
27221
26746
26290
26142
25582
25147
25122
24990
24885
24586
24538
24514
24270
24246
24170
23952
23866
23859
23737
23464
23352
23015
22895
22815
22644
22378
22156
21787
21701
21553
21518
21434
21402
21351
21291
21167
21104
20316
20040
19923
19882
19417
18423
18251
18249
18135
17948
17655
17491
17164
17113
15825
15776
15715
15484
15099
14728
14610
14601
14183
12920
12857
12812
11849
11827
11568
11323
11287
11207
10968
10615
10260
99934
99877
99641
99101
98987
98875
98869
98757
98396
98241
97859
97643
97456
97399
97392
97320
97163
97021
97008
96952
96895
96463
96363
96304
95903
95767
95668
95425
95174
95065
95013
94951
94777
94096
94082
93897
93825
93728
93690
93683
93626
93562
93276
93059
92726
92548
92518
92468
92185
91837
91659
91491
91484
91398
90832
90761
90666
90636
90538
90491
89978
89761
89643
89274
88982
88975
88857
88797
88577
88278
88210
87983
87948
87510
87306
87220
86925
86757
86730
86660
86113
85740
85591
85387
85321
84946
84657
84626
84624
84376
84262
84250
84193
83895
83852
83743
83623
83218
82388
82069
81950
81943
81939
81908
81530
81299
81173
81043
80864
80695
80597
80546
80450
80258
79844
79561
79432
79253
79147
78823
78663
78629
78627
78590
78546
78441
78368
78294
78257
78197
77864
77823
77742
77713
77623
77602
77154
77006
76699
76496
76044
75736
75461
75425
75192
74999
74780
74394
73895
73812
73406
73389
73068
73065
72733
72444
71918
71792
71708
71665
71221
71097
71059
70932
70455
70372
70208
70130
69957
69777
69708
69705
69254
68999
68870
68775
68765
68628
68316
68309
68033
67981
67790
67734
67683
67671
67647
67597
67587
67556
67527
67466
67155
67108
66983
66928
66635
66572
66410
66364
65896
65891
65822
65782
65645
65618
65563
65457
65299
64840
64454
64451
64429
64426
64389
64357
64246
64199
63816
63330
63289
63261
63106
63046
62737
62522
62453
62450
62217
62049
62019
61769
61748
61364
61032
60896
60868
60745
60714
60675
60468
60375
60233
59645
59235
58652
58391
58305
58007
57966
57738
57735
57727
57681
57420
57337
57191
57156
56990
56718
56601
56582
56381
56322
56097
55727
54999
54866
54589
54140
54022
53030
52674
52254
52205
51671
51658
51585
51369
51003
50843
50767
50719
50422
50215
50185
50165
50151
49886
49861
49662
49577
49290
49208
49120
48970
48969
48965
48570
48402
47980
47672
47571
47492
47337
47186
47047
46959
46894
46886
46322
46298
46241
45985
45814
45640
45216
45193
45188
44945
44667
44460
44438
44280
44174
44062
43648
43448
43360
43321
43102
42849
42351
42327
42037
41945
41820
41615
41081
40915
40879
40487
40399
40344
40263
40094
40092
40026
39956
39913
39874
39627
39501
39062
38955
38937
38513
38377
38212
37737
37558
37517
37026
36422
36238
35953
35465
35124
34803
34737
34592
34532
34290
34214
34141
34088
33720
33571
33463
33451
33423
33247
33241
33211
33176
33016
32988
32783
32484
32474
32365
32242
32198
32130
32108
31889
31861
31811
31793
31702
31165
31142
30967
30681
30488
30473
30435
30408
30301
30229
29943
29871
29676
29664
29561
29549
29468
29354
29249
29104
28757
28641
28588
28187
28127
27490
27256
26836
26747
26740
26690
26587
26297
26194
25407
25090
24965
24896
24783
24684
24677
24183
24004
23760
23535
23478
22811
22587
22244
22225
22149
21305
21256
20949
20800
20385
19752
19323
19273
18600
18398
17837
17836
17575
17544
17539
17538
17327
17198
16980
16849
16704
16605
16482
15952
15851
15783
15506
15337
14843
14840
14742
14661
14535
14408
14329
14226
14207
14108
14074
13999
13716
13646
12946
12432
12376
12352
12226
12061
11957
11586
11581
11054
10834
10663
10653
10640
10401
10322
10159
10119
10019
99963
99898
99697
99691
99657
99622
99475
99174
99020
98758
98734
98206
98189
98000
97797
97695
97664
97504
97371
97044
97043
97018
96913
96739
96541
96452
96261
95384
95330
95179
94877
94799
94480
94467
94081
94074
93752
93661
93648
93638
93469
93451
93347
93331
93045
92960
92942
92917
92849
92841
92727
92545
92175
92114
91979
91880
91816
91788
91687
91631
91549
91324
90936
90755
90599
90474
90089
89775
89618
89590
89582
89576
89164
88987
88804
88746
88745
88523
88407
88282
88092
88033
87985
87768
87753
87735
87667
87533
87301
87020
86884
86836
86523
86447
86392
86330
86298
86245
85851
85694
85573
85043
84747
84724
84665
84635
84382
84274
84270
84045
83991
83912
83871
83644
83629
83603
83543
83424
83391
83367
83077
82957
82701
82648
82484
82333
82075
81844
81743
81601
81417
81414
81132
81110
80684
80638
80540
80453
80240
80175
80172
80159
80087
80005
79936
79565
79523
78873
78498
78367
78328
78263
78261
77885
77659
77458
77183
76886
76381
76090
76062
75746
75662
75575
75081
74946
74764
74750
74380
74324
74307
73996
73977
73918
73885
73851
73608
73397
73345
73247
73086
72965
72884
72731
72396
71916
71873
71395
71014
70923
70560
70379
70308
70230
69771
69649
69421
69337
69152
69103
69098
68595
68188
68058
68000
67918
67477
67105
67063
67051
66940
66575
66504
66307
66205
66177
66124
66043
65975
65853
65568
65561
65209
64860
64278
64198
64066
63886
63641
63395
63369
63173
63044
63026
62959
62900
62703
62585
62410
62248
62243
62170
61950
61903
61866
61597
61343
61312
61112
61038
60983
60795
60381
60355
60077
59956
59910
59671
59518
59495
59278
59187
58934
58416
58060
57401
57230
57105
56315
56114
55864
55849
55726
55398
55241
55131
55049
54929
54679
54615
54603
54224
54202
54086
54077
53655
53261
53141
53013
52686
52627
52556
52546
51762
51543
51419
51212
51100
51015
50794
50709
50683
50660
50571
50451
50343
50118
49716
49386
48650
47849
47821
47541
47282
47240
47158
46295
46236
46097
45872
45709
45671
45328
45324
45199
45048
44600
44347
44277
44033
43656
43544
43173
42950
42812
42476
42424
42166
42144
41750
41698
41531
41493
41443
41408
41049
40981
40972
40656
39356
39353
38999
38926
38834
38745
38716
38710
38527
38283
37775
37705
37442
36546
36003
35999
35956
35787
35416
35275
35200
35011
34688
34541
34471
34463
34434
34346
34287
34011
33852
33738
33496
33462
33458
33225
33194
32969
32903
32901
32858
32834
32828
32728
32302
32099
31816
31757
31721
31032
30136
29987
29914
29878
29742
29740
29588
29512
29387
29377
29347
29286
28907
28654
28553
28280
28007
27851
27821
27461
27241
27150
27111
26781
26728
26617
26579
26268
26046
25767
25508
25492
25378
25311
25254
25112
25081
25079
24702
24642
24597
24527
24264
24239
24020
23549
23539
23408
23373
23318
23252
23126
23096
22773
22718
22586
22344
22226
22127
22096
21838
21770
21544
21314
20877
20814
20369
20115
20074
19817
19785
19642
19539
19408
19280
18902
18835
18418
17663
17599
17476
17466
17069
16991
16800
16729
16405
16325
15895
15797
15681
15500
15086
15046
14917
14721
14602
14331
14153
14065
13506
13447
13230
13219
12993
12780
12755
12585
12233
12137
12094
11809
11766
11627
11550
11481
11418
11355
10435
10106
10060
99777
99709
99381
99378
99325
99182
98852
98826
98503
98312
98117
98015
97865
97784
97782
97608
97545
97098
97016
96922
96713
96622
96615
96610
96127
95915
95535
95486
95431
95329
95257
94990
94980
94898
94776
94715
93977
93596
93369
93274
93236
93221
92970
92670
92247
92091
91955
91843
91664
91411
91401
91293
91099
90939
90681
90626
90622
90270
90189
90074
89398
89215
89062
88728
88436
88236
88095
87627
87450
87123
86947
86559
86494
86357
86067
86029
85815
85285
84999
84937
84718
84533
84486
84415
83962
83857
83650
83490
83350
83226
83126
82804
81969
81909
81870
81741
81731
81650
81585
80979
80716
80612
80094
79881
79492
79481
79421
79416
79082
78210
78203
78200
78063
77954
77932
77741
77655
77263
77205
76775
76684
76591
75843
75722
75585
75094
75084
74806
74716
74702
74084
74083
73854
73635
73513
73434
73268
73256
72951
72922
72907
72904
72855
72813
72743
72708
72620
72575
72549
72461
71556
71159
71124
71025
70793
70689
70665
70206
69801
69219
69025
68555
68499
68392
68194
67762
67564
67188
67039
66834
66759
66638
66462
66349
66245
66044
66007
65972
65910
65614
65372
65239
64888
64428
64425
64411
63981
63604
63591
63301
63256
62786
61987
61935
61677
61540
61296
60502
60126
59670
59669
59657
59634
59330
59281
59015
58637
58578
58575
58562
58492
58476
58309
58120
58102
57926
57782
57675
57485
57040
56831
56160
55539
55448
55228
55189
55098
55082
54668
54549
54460
54448
54323
54061
53866
53678
53620
53505
53497
53452
53021
53010
52842
52740
52600
52286
52090
51943
51743
51552
51365
51160
51107
51042
50993
49941
49754
49661
49656
49455
49374
49362
49260
49248
49236
49205
48894
48547
48446
47753
47726
47708
47278
47087
46960
46874
46847
46787
46613
46565
46465
46258
45823
45417
45053
45039
44992
44845
44728
44652
44294
43887
43762
43704
43492
43428
43299
43147
42594
42449
42428
42387
42349
42325
41826
41515
41448
41421
40960
40832
40780
40759
40749
40539
40498
40484
40353
39846
39628
39536
39485
39483
39468
39096
38748
38737
38487
38430
38381
37515
37462
37447
37204
37043
36790
36710
36701
36400
36319
35945
35883
35805
35571
35548
35424
35387
34588
34419
34263
33797
33614
33491
33401
33118
33104
33051
32592
32555
32460
32442
32373
32232
32209
32182
32113
31829
31612
31478
31446
31321
30491
30269
30210
29873
29376
28897
28892
28551
28182
28065
28038
27582
27338
26814
26742
26626
26378
26103
25753
25565
25422
25335
25262
25180
25164
24750
24240
24231
24105
24035
23819
23612
23584
23554
23532
22821
22624
21829
21823
21774
21508
21359
21316
21300
21296
21053
21050
20954
20884
20832
20734
20629
20612
20594
20290
20220
19980
19587
19444
19420
19250
19212
18953
18908
18395
18122
17695
17545
17505
16953
16782
16612
16541
16365
15912
15691
15687
15372
15334
15331
15320
15178
15032
14718
14713
14692
14620
14508
13896
13768
13718
13673
13664
13367
13346
13276
13256
13027
12954
12759
12736
12319
12253
12216
12051
12024
11983
11939
11845
11607
11270
11170
11096
10794
10621
10567
10279
10109
10068
99817
99407
99366
98891
98738
98670
98478
97929
97689
97454
97378
97251
97020
97002
96975
96838
96512
96499
96307
95940
95869
95845
95756
95737
95306
95281
95261
95090
94373
94227
94180
94175
93773
93674
93271
93223
93038
93013
92933
92733
92420
92300
92273
91988
91985
91881
91855
91846
91412
91169
90470
90384
90324
90262
90130
90120
90051
89998
89888
89844
89720
89484
89401
88715
88539
88316
88258
87813
87721
87563
87497
87456
87434
87281
86697
86615
86579
86434
86243
86180
86085
86003
85896
85659
85631
85490
85301
85102
84978
84975
84931
84856
84802
84580
84540
84461
84275
84261
84098
83957
83948
83619
83199
83162
83019
82994
82894
82790
82612
82573
82327
81935
81785
81632
81576
81554
81446
81373
81359
81136
81050
80650
80362
80141
79991
79878
79789
79540
79143
78830
78426
78378
78241
78191
77926
77924
77833
77430
77280
77278
77247
77152
77115
77096
76734
76690
75930
75636
75427
75367
75308
75166
75115
74521
74256
74122
73782
73003
72839
72818
72673
72368
72110
71796
71663
71313
71168
71147
71089
71053
71012
70825
70819
70697
70530
70277
70064
69837
69097
68550
68387
68352
67570
67354
67119
66865
66626
66623
66588
66170
65955
65904
65728
65562
65488
65392
65341
65285
65082
64865
64631
64629
64444
64358
63945
63875
63125
62797
62783
62516
62505
62431
62425
62286
62255
61801
61704
61612
61266
61121
61001
60937
60919
60587
60559
60304
60269
59609
59599
59577
59572
59434
59273
59213
59170
59103
59043
58845
58638
58471
58464
58269
57842
57613
57489
57462
57405
57281
57262
57211
56870
56858
56830
56796
56669
56428
55979
55617
55616
55582
54789
54772
54539
54477
54266
54049
54013
53607
53532
53458
53334
53323
53114
52931
52891
52871
52768
52625
51810
51773
51612
51593
51172
51070
50900
50823
50814
50694
50690
50606
50511
50254
50051
49972
49954
49683
49385
49145
48702
48592
48504
48377
48328
48048
47868
47679
47588
47406
47395
47061
46881
46818
46813
46780
45947
45910
45870
45722
45605
45266
45233
45147
45004
44818
44340
44210
44049
43882
43599
43581
43562
43486
43171
42874
42422
42377
42094
42017
41886
41856
41644
41543
41160
40967
40964
40768
40747
40480
40251
40212
39795
39489
39445
39170
39071
38932
38539
38533
38387
38276
38169
38166
37874
37750
37692
37683
37655
37647
37312
36611
36456
36202
36173
36121
36107
35789
35786
35752
35667
35634
35433
35251
35232
34895
34872
34689
34571
34531
34423
34089
33874
33505
33296
33262
33207
33138
33098
33003
32979
32977
32795
32524
32514
32473
32330
32162
32074
31536
31349
31288
31083
30964
30957
30899
30792
30645
30529
30260
30175
29659
29557
29526
29487
29383
29115
28845
28670
28544
28240
28203
27596
27164
27134
27081
26542
26280
26112
25966
25831
25741
25144
25064
24831
24480
24431
24294
24224
24153
24148
24137
24131
24006
23965
23530
23361
23068
23023
22998
22556
22509
22354
22332
22261
22000
21922
21673
21621
21144
20915
20808
20605
20553
19870
19846
19788
19678
19575
19437
19131
18658
18515
18514
18373
18281
17954
17879
17825
17584
16985
16979
16950
16793
16580
16572
16566
16371
16154
15929
15910
15626
15476
15324
14853
14584
14458
14424
14317
14143
14079
13567
13508
13454
13239
13214
13034
13024
13016
12898
12729
12581
12264
12236
12210
12176
12128
12104
12080
11986
11659
11519
11253
10948
10787
10759
10454
10295
10274
10117
10014
99967
99752
99517
99460
99382
99272
99043
99010
98849
98658
98065
98016
97902
97874
97668
97581
97247
96984
96970
96812
96761
96666
96502
96459
96400
96309
95711
95400
95289
95026
94989
94875
94599
94579
94021
93999
93911
93795
93675
93603
93454
93032
92882
92652
92638
92371
92332
92314
92280
92268
92253
92038
91919
91905
91500
91130
91083
90992
90909
90741
90581
90175
89860
89774
89684
89321
89238
89232
89216
88753
88662
88638
88408
87960
87698
87500
86861
86739
86364
86310
86078
86045
86032
85636
85601
85600
85574
85182
85158
84769
84588
84478
84448
84427
84403
84035
83634
83624
83504
83498
83324
83303
83298
83055
82995
82588
82547
82531
82404
82296
82158
82074
82031
81893
81753
81687
81682
81540
81459
81435
81268
81235
81229
80613
80549
80140
79793
79695
79577
79131
78953
78583
78540
78389
78250
78237
77806
77202
76961
76794
76788
76707
76437
76173
76091
75979
75824
75734
75595
74645
74601
74512
74505
74315
74116
73775
73394
73370
72931
72848
72686
72250
72248
71888
71645
71439
71433
71372
71113
70734
70303
69774
69672
69639
69599
68801
68788
68638
67443
67369
67016
66771
66255
66225
66161
65953
65602
65490
65391
65347
64825
64758
64737
64706
64143
63690
63470
63467
63300
63066
62691
62528
62459
62440
62335
62013
61895
61657
61233
61077
60889
60809
60638
60630
60340
59864
59705
59565
59259
58730
58694
58653
58634
58517
58453
58162
57744
57693
57632
57572
57563
57207
57135
57022
56575
56347
56262
56223
56067
56064
55658
55465
55428
55191
54591
54561
54367
53614
53460
53408
53046
52918
52778
52746
52685
52679
52505
52495
52343
52204
52121
51901
51628
51506
51441
51255
51142
51065
50847
50695
50478
50134
49903
49579
49452
49331
48681
48652
48558
47324
47286
47270
46994
46976
46469
46118
45457
45452
45313
45146
44759
44736
44700
44212
44188
44044
43975
43843
43788
43478
43437
42416
42179
42030
41630
41622
41422
41234
41039
41011
40971
40293
39819
39811
39330
39149
39029
38998
38707
38643
38417
38363
38291
38104
38095
37952
37732
37554
37500
37474
37436
37097
37045
36764
36229
36226
36171
35516
35481
35377
35036
34656
34512
34178
34093
34040
33293
33074
32966
32893
32855
32824
32726
32545
32438
32171
32133
31640
31562
31559
31171
31105
30979
30956
30400
30010
29923
29867
29645
29428
29386
29363
28750
28675
28671
28158
28111
28090
27384
27290
27114
27016
26924
26787
26736
26709
26630
26433
26281
26251
25975
25910
25789
25476
25386
25241
25182
24447
24259
24126
23791
23562
23195
23014
22726
22650
22646
22497
22380
21880
21245
21115
21052
20985
20904
20867
20709
20532
20037
19987
19738
19495
18571
18331
18207
18183
18108
17884
17528
17326
17131
17048
16965
16031
15860
15445
15441
15104
14997
14884
14175
14158
13876
13871
13660
13545
13192
13144
12975
12818
12765
12501
12464
12156
11524
11402
11320
11149
10891
10854
10253
10241
10076
