99710
98520
98326
97488
97212
96335
93326
91632
89625
88548
86141
85633
83393
82024
81908
81567
81364
80599
80194
79997
79767
78896
77292
76547
76311
74324
73521
73473
73436
72752
72561
72502
72391
70912
70574
69774
68403
67526
65957
65015
64526
64120
63262
61788
60956
58028
56995
56208
54903
54615
53886
53390
52641
49923
48944
48937
48814
47218
45801
44969
44704
44456
43781
42048
41556
38222
37732
36791
36140
36060
35930
35567
35411
35365
35181
34926
32813
30430
30339
29977
29919
29622
26024
23309
23308
23160
22283
22247
17121
16506
15904
14941
14750
14059
13753
13609
12715
12584
12222
10202
