1000
Layne 1948 16 52 232 3 2
Blanda 1949 9 21 197 0 5
Layne 1949 155 299 1796 9 18
Blanda 1950 0 1 0 0 0
Layne 1950 152 336 2323 16 18
Blanda 1951 0 0 0 0 0
Layne 1951 152 332 2403 26 23
Blanda 1952 47 131 664 8 11
Layne 1952 139 287 1999 19 20
Blanda 1953 169 362 2164 14 23
Layne 1953 125 273 2088 16 21
Blanda 1954 131 281 1929 15 17
Layne 1954 135 246 1818 14 12
Blanda 1955 42 97 459 4 7
Layne 1955 143 270 1830 11 17
Blanda 1956 37 69 439 7 4
Layne 1956 129 244 1909 9 17
Unitas 1956 110 198 1498 9 10
Blanda 1957 8 19 65 0 3
Brodie 1957 11 21 160 2 3
Dawson 1957 2 4 25 0 0
Jurgensen 1957 33 70 470 5 8
Layne 1957 87 179 1169 6 12
Unitas 1957 172 301 2550 24 17
Blanda 1958 2 7 19 0 0
Brodie 1958 103 172 1224 6 13
Dawson 1958 1 6 11 0 2
Jurgensen 1958 12 22 259 0 1
Layne 1958 145 294 2510 14 12
Unitas 1958 136 263 2007 19 7
Brodie 1959 30 64 354 2 7
Dawson 1959 3 7 60 1 0
Jurgensen 1959 3 5 27 1 0
Layne 1959 142 297 1986 20 21
Unitas 1959 193 367 2899 32 14
Blanda 1960 169 363 2413 24 22
Brodie 1960 103 207 1111 6 9
Dawson 1960 8 13 23 0 0
Jurgensen 1960 24 44 486 5 1
Layne 1960 103 209 1814 13 17
Unitas 1960 190 378 3099 25 24
Blanda 1961 187 362 3330 36 22
Brodie 1961 155 283 2588 14 12
Dawson 1961 7 15 85 1 3
Jurgensen 1961 235 416 3723 32 24
Layne 1961 75 149 1205 11 16
Snead 1961 172 375 2337 11 22
Tarkenton 1961 157 280 1997 18 17
Unitas 1961 229 420 2990 16 24
Blanda 1962 197 418 2810 27 42
Brodie 1962 175 304 2272 18 16
Dawson 1962 189 310 2759 29 17
Gabriel 1962 57 101 670 3 2
Hadl 1962 107 260 1632 15 24
Jurgensen 1962 196 366 3261 22 26
Layne 1962 116 233 1686 9 17
Snead 1962 184 354 2926 22 22
Tarkenton 1962 163 329 2595 22 25
Unitas 1962 222 389 2967 23 23
Blanda 1963 224 423 3003 24 25
Brodie 1963 30 61 367 3 4
Dawson 1963 190 352 2389 26 19
Gabriel 1963 130 281 1947 8 11
Hadl 1963 28 64 502 6 6
Jurgensen 1963 99 184 1413 11 13
Snead 1963 175 363 3043 13 27
Tarkenton 1963 170 297 2311 15 15
Unitas 1963 237 410 3481 20 12
Blanda 1964 262 505 3287 17 27
Brodie 1964 193 392 2498 14 16
Dawson 1964 199 354 2879 30 18
Gabriel 1964 65 143 1236 9 5
Hadl 1964 147 274 2157 18 15
Jurgensen 1964 207 385 2934 24 13
Snead 1964 138 283 1906 14 12
Tarkenton 1964 171 306 2506 22 11
Unitas 1964 158 305 2824 19 6
Blanda 1965 186 442 2542 20 30
Brodie 1965 242 391 3112 30 16
Dawson 1965 163 305 2262 21 14
Gabriel 1965 83 173 1321 11 5
Hadl 1965 174 348 2798 20 21
Jurgensen 1965 190 356 2367 15 16
Morton 1965 17 34 173 2 4
Namath 1965 164 340 2220 18 15
Snead 1965 150 288 2346 15 13
Tarkenton 1965 171 329 2609 19 11
Unitas 1965 164 282 2530 23 12
Blanda 1966 122 271 1764 17 21
Brodie 1966 232 427 2810 16 22
Dawson 1966 159 284 2527 26 10
Gabriel 1966 217 397 2540 10 16
Hadl 1966 200 375 2846 23 14
Hart 1966 4 11 29 0 0
Jurgensen 1966 254 436 3209 28 19
Morton 1966 13 27 225 3 1
Namath 1966 232 471 3379 19 27
Snead 1966 103 226 1275 8 11
Tarkenton 1966 192 358 2561 17 16
Unitas 1966 195 348 2748 22 24
Blanda 1967 15 38 285 3 3
Brodie 1967 168 349 2013 11 16
Dawson 1967 206 357 2651 24 17
Gabriel 1967 196 371 2779 25 13
Hadl 1967 217 427 3365 24 22
Hart 1967 192 397 3008 19 30
Jurgensen 1967 288 508 3747 31 16
Morton 1967 69 137 978 10 10
Namath 1967 258 491 4007 26 28
Snead 1967 240 434 3399 29 24
Tarkenton 1967 204 377 3088 29 19
Unitas 1967 255 436 3428 20 16
Blanda 1968 30 49 522 6 2
Brodie 1968 234 404 3020 22 21
Dawson 1968 131 224 2109 17 9
Gabriel 1968 184 366 2364 19 16
Hadl 1968 208 440 3473 27 32
Hart 1968 140 316 2059 15 18
Jurgensen 1968 167 292 1980 17 11
Morton 1968 44 85 752 4 6
Namath 1968 187 380 3147 15 17
Snead 1968 152 291 1655 11 21
Tarkenton 1968 182 337 2555 21 12
Unitas 1968 11 32 139 2 4
Blanda 1969 6 13 73 2 1
Brodie 1969 194 347 2405 16 15
Dawson 1969 98 166 1323 9 13
Gabriel 1969 217 399 2549 24 7
Hadl 1969 158 324 2253 10 11
Hart 1969 84 169 1086 6 12
Jurgensen 1969 274 442 3102 22 15
Morton 1969 162 302 2619 21 15
Namath 1969 185 361 2734 19 17
Snead 1969 190 379 2768 19 23
Staubach 1969 23 47 421 1 2
Tarkenton 1969 220 409 2918 23 8
Unitas 1969 178 327 2342 12 20
Blanda 1970 29 55 461 6 5
Bradshaw 1970 83 218 1410 6 24
Brodie 1970 223 378 2941 24 10
Dawson 1970 141 262 1876 13 14
Gabriel 1970 211 407 2552 16 12
Hadl 1970 162 327 2388 22 15
Hart 1970 171 373 2575 14 18
Jurgensen 1970 202 337 2354 23 10
Morton 1970 102 207 1819 15 7
Namath 1970 90 179 1259 5 12
Snead 1970 181 335 2323 15 20
Stabler 1970 2 7 52 0 1
Staubach 1970 44 82 542 2 8
Tarkenton 1970 219 389 2777 19 12
Unitas 1970 166 321 2213 14 18
AManning 1971 86 177 1164 6 9
Anderson 1971 72 131 777 5 4
Blanda 1971 32 58 378 4 6
Bradshaw 1971 203 373 2259 13 22
Brodie 1971 208 387 2642 18 24
Dawson 1971 167 301 2504 15 13
Gabriel 1971 180 352 2238 17 10
Hadl 1971 233 431 3075 21 25
Hart 1971 110 243 1626 8 14
Jurgensen 1971 16 28 170 0 2
Morton 1971 78 143 1131 7 8
Namath 1971 28 59 537 5 6
Plunkett 1971 158 328 2158 19 16
Snead 1971 37 75 470 1 6
Stabler 1971 24 48 268 1 4
Staubach 1971 126 211 1882 15 4
Tarkenton 1971 226 386 2567 11 21
Unitas 1971 92 176 942 3 9
AManning 1972 230 448 2781 18 21
Anderson 1972 171 301 1918 7 7
Blanda 1972 5 15 77 1 0
Brodie 1972 70 110 905 9 8
Dawson 1972 175 305 1835 13 12
Gabriel 1972 165 323 2027 12 15
Hadl 1972 190 370 2449 15 26
Hart 1972 60 119 857 5 5
Jurgensen 1972 39 59 633 2 4
Morton 1972 185 339 2396 15 21
Namath 1972 162 324 2816 19 21
Plunkett 1972 169 355 2196 8 25
Snead 1972 196 325 2307 17 12
Stabler 1972 44 74 524 4 3
Staubach 1972 9 20 98 0 2
Tarkenton 1972 215 378 2651 18 13
Unitas 1972 88 157 1111 4 6
AManning 1973 140 267 1642 10 12
Anderson 1973 179 329 2428 18 12
Blanda 1973 0 0 0 0 0
Brodie 1973 98 194 1126 3 12
Dawson 1973 66 101 725 2 5
Ferguson 1973 73 164 939 4 10
Fouts 1973 87 194 1126 6 13
Gabriel 1973 270 460 3219 23 12
Hadl 1973 135 258 2008 22 11
Hart 1973 178 320 2223 15 10
Jurgensen 1973 87 145 904 6 5
Morton 1973 13 32 174 3 1
Namath 1973 68 133 966 5 6
Plunkett 1973 193 376 2550 13 17
Snead 1973 131 235 1483 7 22
Stabler 1973 163 260 1997 14 10
Staubach 1973 179 286 2428 23 15
Tarkenton 1973 169 274 2113 15 7
Unitas 1973 34 76 471 3 7
AManning 1974 134 261 1429 6 16
Anderson 1974 213 328 2667 18 10
Blanda 1974 1 4 28 1 0
Dawson 1974 138 235 1573 7 13
Ferguson 1974 119 232 1588 12 12
Fouts 1974 115 237 1732 8 13
Gabriel 1974 193 338 1867 9 12
Hadl 1974 142 299 1752 8 14
Hart 1974 200 388 2411 20 8
Jaworski 1974 10 24 144 0 1
Jurgensen 1974 107 167 1185 11 5
Morton 1974 124 239 1522 9 13
Namath 1974 191 361 2616 20 22
Plunkett 1974 173 352 2457 19 22
Snead 1974 97 159 983 5 8
Stabler 1974 178 310 2469 26 12
Staubach 1974 190 360 2552 11 15
Tarkenton 1974 199 351 2598 17 12
AManning 1975 159 338 1683 7 20
Anderson 1975 228 377 3169 21 11
Blanda 1975 1 3 11 0 1
Dawson 1975 93 140 1095 5 4
Ferguson 1975 169 321 2426 25 17
Fouts 1975 106 195 1396 2 10
Gabriel 1975 151 292 1644 13 11
Grogan 1975 139 274 1976 11 18
Hadl 1975 191 353 2095 6 21
Hart 1975 182 345 2507 19 19
Jaworski 1975 24 48 302 0 2
Morton 1975 186 363 2359 11 16
Namath 1975 157 326 2286 15 28
Plunkett 1975 36 92 571 3 7
Snead 1975 108 189 1337 9 10
Stabler 1975 171 293 2296 16 24
Staubach 1975 198 348 2666 17 16
Tarkenton 1975 273 425 2994 25 13
Anderson 1976 179 338 2367 19 14
Ferguson 1976 74 151 1086 9 1
Fouts 1976 208 359 2535 14 15
Gabriel 1976 46 92 476 2 2
Grogan 1976 145 302 1903 18 20
Hadl 1976 60 113 634 7 8
Hart 1976 218 388 2946 18 13
Jaworski 1976 20 52 273 1 5
Morton 1976 153 284 1865 9 20
Namath 1976 114 230 1090 4 16
Plunkett 1976 126 243 1592 13 16
Snead 1976 22 42 239 0 4
Stabler 1976 194 291 2737 27 17
Staubach 1976 208 369 2715 14 11
Tarkenton 1976 255 412 2961 17 8
AManning 1977 113 205 1284 8 9
Anderson 1977 166 323 2145 11 11
Ferguson 1977 221 457 2803 12 24
Fouts 1977 69 109 869 4 6
Gabriel 1977 1 3 15 0 0
Grogan 1977 160 305 2162 17 21
Hadl 1977 11 24 76 0 3
Hart 1977 186 355 2542 13 20
Jaworski 1977 166 346 2183 18 21
Morton 1977 131 254 1929 14 8
Namath 1977 50 107 606 3 5
Plunkett 1977 128 248 1693 9 14
Stabler 1977 169 294 2176 20 20
Staubach 1977 210 361 2620 18 9
Tarkenton 1977 155 258 1734 9 14
AManning 1978 291 471 3416 17 16
Anderson 1978 173 319 2219 10 22
DeBerg 1978 137 302 1570 8 22
Ferguson 1978 175 330 2136 16 15
Fouts 1978 224 381 2999 24 20
Grogan 1978 181 362 2824 15 23
Hart 1978 240 477 3121 16 18
Jaworski 1978 206 398 2487 16 16
Morton 1978 146 267 1802 11 8
Stabler 1978 237 406 2944 16 30
Staubach 1978 231 413 3190 25 16
Tarkenton 1978 345 572 3468 25 32
AManning 1979 252 420 3169 15 20
Anderson 1979 189 339 2340 16 10
DeBerg 1979 347 578 3652 17 21
Ferguson 1979 238 458 3572 14 15
Fouts 1979 332 530 4082 24 24
Grogan 1979 206 423 3286 28 20
Hart 1979 194 378 2218 9 20
Jaworski 1979 190 374 2669 18 12
Montana 1979 13 23 96 1 0
Morton 1979 204 370 2626 16 19
Plunkett 1979 7 15 89 1 1
Simms 1979 134 265 1743 13 14
Stabler 1979 304 498 3615 26 22
Staubach 1979 267 461 3586 27 11
AManning 1980 309 509 3716 23 20
Anderson 1980 166 275 1778 6 13
DeBerg 1980 186 321 1998 12 17
Ferguson 1980 251 439 2805 20 18
Fouts 1980 348 589 4715 30 24
Grogan 1980 175 306 2475 18 22
Hart 1980 228 425 2946 16 20
Jaworski 1980 257 451 3529 27 12
Krieg 1980 0 2 0 0 0
Montana 1980 176 273 1795 15 9
Morton 1980 183 301 2150 12 13
Plunkett 1980 165 320 2299 18 16
Simms 1980 193 402 2321 15 19
Stabler 1980 293 457 3202 13 28
AManning 1981 134 232 1447 5 11
Anderson 1981 300 479 3754 29 10
DeBerg 1981 64 108 797 6 6
Ferguson 1981 252 498 3652 24 20
Fouts 1981 360 609 4802 33 17
Grogan 1981 117 216 1859 7 16
Hart 1981 134 241 1694 11 14
Jaworski 1981 250 461 3095 23 20
Krieg 1981 64 112 843 7 5
Montana 1981 311 488 3565 19 12
Morton 1981 225 376 3195 21 14
Plunkett 1981 94 179 1045 4 9
Simms 1981 172 316 2031 11 9
Stabler 1981 165 285 1988 14 18
AManning 1982 67 132 880 6 8
Anderson 1982 218 309 2495 12 9
DeBerg 1982 131 223 1405 7 11
Ferguson 1982 144 264 1597 7 16
Fouts 1982 204 330 2883 17 11
Grogan 1982 66 122 930 7 4
Hart 1982 19 33 199 1 0
Jaworski 1982 167 286 2076 12 12
Krieg 1982 49 78 501 2 2
Montana 1982 213 346 2613 17 11
Morton 1982 18 26 193 0 3
Plunkett 1982 152 261 2035 14 15
Stabler 1982 117 189 1343 6 10
AManning 1983 44 88 755 2 8
Anderson 1983 198 297 2333 12 13
DeBerg 1983 119 215 1617 9 7
Elway 1983 123 259 1663 7 14
Ferguson 1983 281 508 2995 26 25
Fouts 1983 215 340 2975 20 15
Grogan 1983 168 303 2411 15 12
Hart 1983 50 91 592 4 8
Jaworski 1983 235 446 3315 20 18
Krieg 1983 147 243 2139 18 11
Marino 1983 173 296 2210 20 6
Montana 1983 332 515 3910 26 12
Plunkett 1983 230 379 2935 20 18
Simms 1983 7 13 130 0 1
Stabler 1983 176 311 1988 9 18
AManning 1984 52 94 545 2 3
Anderson 1984 175 275 2107 10 12
DeBerg 1984 308 509 3554 19 18
Elway 1984 214 380 2598 18 15
Esiason 1984 51 102 530 3 3
Ferguson 1984 191 344 1991 12 17
Fouts 1984 317 507 3740 19 17
Grogan 1984 32 68 444 3 6
Hart 1984 3 7 26 0 0
Jaworski 1984 234 427 2754 16 14
Krieg 1984 276 480 3671 32 24
Marino 1984 362 564 5084 48 17
Montana 1984 279 432 3630 28 10
Moon 1984 259 450 3338 12 14
Plunkett 1984 108 198 1473 6 10
Simms 1984 286 533 4044 22 18
Stabler 1984 33 70 339 2 5
Anderson 1985 16 32 170 2 0
Cunningham 1985 34 81 548 1 8
DeBerg 1985 197 370 2488 19 18
Elway 1985 327 605 3891 22 23
Esiason 1985 251 431 3443 27 12
Ferguson 1985 31 54 364 2 3
Fouts 1985 254 430 3638 27 20
Grogan 1985 85 156 1311 7 5
Jaworski 1985 255 484 3450 17 20
Krieg 1985 285 532 3602 27 20
Marino 1985 336 567 4137 30 21
Montana 1985 303 494 3653 27 13
Moon 1985 200 377 2709 15 19
Plunkett 1985 71 103 803 3 3
Simms 1985 275 495 3829 22 20
Young 1985 72 138 935 3 8
Anderson 1986 11 23 171 1 2
Cunningham 1986 111 209 1391 8 7
DeBerg 1986 50 96 610 5 12
Elway 1986 280 504 3485 19 13
Esiason 1986 273 469 3959 24 17
Everett 1986 73 147 1018 8 8
Ferguson 1986 73 155 941 7 7
Fouts 1986 252 430 3031 16 22
Grogan 1986 62 102 976 9 2
Jaworski 1986 128 245 1405 8 6
Kelly 1986 285 480 3593 22 17
Krieg 1986 225 375 2921 21 11
Marino 1986 378 623 4746 44 23
Montana 1986 191 307 2236 8 9
Moon 1986 256 488 3489 13 26
Plunkett 1986 133 252 1986 14 9
Simms 1986 259 468 3487 21 22
Young 1986 195 363 2282 8 13
Cunningham 1987 223 406 2786 23 12
DeBerg 1987 159 275 1891 14 7
Elway 1987 224 410 3198 19 12
Esiason 1987 240 440 3321 16 19
Everett 1987 162 302 2064 10 13
Fouts 1987 206 364 2517 10 15
Gannon 1987 2 6 18 0 1
Grogan 1987 93 161 1183 10 9
Harbaugh 1987 8 11 62 0 0
Kelly 1987 250 419 2798 19 11
Krieg 1987 178 294 2131 23 15
Marino 1987 263 444 3245 26 13
Montana 1987 266 398 3054 31 13
Moon 1987 184 368 2806 21 18
Simms 1987 163 282 2230 17 9
Testaverde 1987 71 165 1081 5 6
Young 1987 37 69 570 10 0
Chandler 1988 129 233 1619 8 12
Cunningham 1988 301 560 3808 24 16
DeBerg 1988 224 414 2935 16 16
Elway 1988 274 496 3309 17 19
Esiason 1988 223 388 3572 28 14
Everett 1988 308 517 3964 31 18
Ferguson 1988 31 46 368 3 1
Gannon 1988 7 15 90 0 0
Grogan 1988 67 140 834 4 13
Harbaugh 1988 47 97 514 0 2
Jaworski 1988 9 14 123 1 0
Kelly 1988 269 452 3380 15 17
Krieg 1988 134 228 1741 18 8
Marino 1988 354 606 4434 28 23
Montana 1988 238 397 2981 18 10
Moon 1988 160 294 2327 17 8
Simms 1988 263 479 3359 21 11
Testaverde 1988 222 466 3240 13 35
Young 1988 54 101 680 3 3
Chandler 1989 39 80 537 2 3
Cunningham 1989 290 532 3400 21 15
DeBerg 1989 196 324 2529 11 16
Elway 1989 223 416 3051 18 18
Esiason 1989 258 455 3525 28 11
Everett 1989 304 518 4310 29 17
Ferguson 1989 44 90 533 3 6
Gannon 1989 0 0 0 0 0
Grogan 1989 133 261 1697 9 14
Harbaugh 1989 111 178 1204 5 9
Jaworski 1989 36 61 385 2 5
Kelly 1989 228 391 3130 25 18
Krieg 1989 286 499 3309 21 20
Marino 1989 308 550 3997 24 22
Montana 1989 271 386 3521 26 8
Moon 1989 280 464 3631 23 14
Simms 1989 228 405 3061 14 14
Testaverde 1989 258 480 3133 20 22
Young 1989 64 92 1001 8 3
Chandler 1990 42 83 464 1 6
Cunningham 1990 271 465 3466 30 13
DeBerg 1990 258 444 3444 23 4
Elway 1990 294 502 3526 15 14
Esiason 1990 224 402 3031 24 22
Everett 1990 307 554 3989 23 17
Ferguson 1990 2 8 21 0 2
Gannon 1990 182 349 2278 16 16
George 1990 181 334 2152 16 13
Grogan 1990 50 92 615 4 3
Harbaugh 1990 180 312 2178 10 6
Kelly 1990 219 346 2829 24 9
Krieg 1990 265 448 3194 15 20
Marino 1990 306 531 3563 21 11
Montana 1990 321 520 3944 26 16
Moon 1990 362 584 4689 33 13
Simms 1990 184 311 2284 15 4
Testaverde 1990 203 365 2818 17 18
Young 1990 38 62 427 2 0
Chandler 1991 78 154 846 5 10
Cunningham 1991 1 4 19 0 0
DeBerg 1991 256 434 2965 17 14
Elway 1991 242 451 3253 13 12
Esiason 1991 233 413 2883 13 16
Everett 1991 277 490 3438 11 20
Favre 1991 0 4 0 0 2
Gannon 1991 211 354 2166 12 6
George 1991 292 485 2910 10 12
Harbaugh 1991 275 478 3121 15 16
Kelly 1991 304 474 3844 33 17
Krieg 1991 187 285 2080 11 12
Marino 1991 318 549 3970 25 13
Moon 1991 404 655 4690 23 21
Simms 1991 82 141 993 8 4
Testaverde 1991 166 326 1994 8 15
Young 1991 180 279 2517 17 8
Chandler 1992 245 413 2832 15 15
Cunningham 1992 233 384 2775 19 11
DeBerg 1992 76 125 710 3 4
Elway 1992 174 316 2242 10 17
Esiason 1992 144 278 1407 11 15
Everett 1992 281 475 3323 22 18
Favre 1992 302 471 3227 18 13
Gannon 1992 159 279 1905 12 13
George 1992 167 306 1963 7 15
Harbaugh 1992 202 358 2486 13 12
Kelly 1992 269 462 3457 23 19
Krieg 1992 230 413 3115 15 12
Marino 1992 330 554 4116 24 16
Montana 1992 15 21 126 2 0
Moon 1992 224 346 2521 18 12
Simms 1992 83 137 912 5 3
Testaverde 1992 206 358 2554 14 16
Young 1992 268 402 3465 25 7
Bledsoe 1993 214 429 2494 15 15
Chandler 1993 52 103 471 3 2
Cunningham 1993 76 110 850 5 5
DeBerg 1993 136 227 1707 7 10
Elway 1993 348 551 4030 25 10
Esiason 1993 288 473 3421 16 11
Everett 1993 135 274 1652 8 12
Favre 1993 318 522 3303 19 24
Gannon 1993 74 125 704 3 7
George 1993 234 407 2526 8 6
Harbaugh 1993 200 325 2002 7 11
Kelly 1993 288 470 3382 18 18
Krieg 1993 105 189 1238 7 3
Marino 1993 91 150 1218 8 3
Montana 1993 181 298 2144 13 7
Moon 1993 303 520 3485 21 21
Simms 1993 247 400 3038 15 9
Testaverde 1993 130 230 1797 14 9
Young 1993 314 462 4023 29 16
Bledsoe 1994 400 691 4555 25 27
Brunell 1994 12 27 95 0 0
Chandler 1994 108 176 1352 7 2
Cunningham 1994 265 490 3229 16 13
Elway 1994 307 494 3490 16 10
Esiason 1994 255 440 2782 17 13
Everett 1994 346 540 3855 22 18
Favre 1994 363 582 3882 33 14
George 1994 322 524 3734 23 18
Harbaugh 1994 125 202 1440 9 6
Johnson 1994 22 37 150 0 0
Kelly 1994 285 448 3114 22 17
Krieg 1994 131 212 1629 14 3
Marino 1994 385 615 4453 30 17
Montana 1994 299 493 3283 16 9
Moon 1994 371 601 4264 18 19
Testaverde 1994 207 376 2575 16 18
Young 1994 324 461 3969 35 10
Bledsoe 1995 323 636 3507 13 16
Brunell 1995 201 346 2168 15 7
Chandler 1995 225 356 2460 17 10
Collins 1995 214 433 2717 14 19
Cunningham 1995 69 121 605 3 5
Elway 1995 316 542 3970 26 14
Esiason 1995 221 389 2275 16 15
Everett 1995 345 567 3970 26 14
Favre 1995 359 570 4413 38 13
Gannon 1995 7 11 57 0 0
George 1995 336 557 4143 24 11
Harbaugh 1995 200 314 2575 17 5
Johnson 1995 25 36 272 0 2
Kelly 1995 255 458 3130 22 13
Krieg 1995 304 521 3554 16 21
Marino 1995 309 482 3668 24 15
McNair 1995 41 80 569 3 1
Moon 1995 377 606 4228 33 14
Testaverde 1995 241 392 2883 17 10
Young 1995 299 447 3200 20 11
Bledsoe 1996 373 623 4086 27 15
Brunell 1996 353 557 4367 19 20
Chandler 1996 184 320 2099 16 11
Collins 1996 204 364 2454 14 9
Elway 1996 287 466 3328 26 14
Esiason 1996 190 339 2293 11 14
Everett 1996 267 464 2797 12 16
Favre 1996 325 543 3899 39 13
Gannon 1996 54 90 491 6 1
George 1996 56 99 698 3 3
Harbaugh 1996 232 405 2630 13 11
Johnson 1996 195 311 2258 17 10
Kelly 1996 222 379 2810 14 19
Krieg 1996 226 377 2278 14 12
Marino 1996 221 373 2795 17 9
McNair 1996 88 143 1197 6 4
Moon 1996 134 247 1610 7 9
Testaverde 1996 325 549 4177 33 19
Young 1996 214 316 2410 14 6
Bledsoe 1997 314 522 3706 28 15
Brunell 1997 264 435 3281 18 7
Chandler 1997 202 342 2692 20 7
Collins 1997 200 381 2124 11 21
Cunningham 1997 44 88 501 6 4
Elway 1997 280 502 3635 27 11
Esiason 1997 118 186 1478 13 2
Everett 1997 36 75 457 1 4
Favre 1997 304 513 3867 35 16
Gannon 1997 98 175 1144 7 4
George 1997 290 521 3917 29 9
Harbaugh 1997 189 309 2060 10 4
Johnson 1997 275 452 3036 20 12
Kitna 1997 31 45 371 1 2
Krieg 1997 1 2 2 0 0
Marino 1997 319 548 3780 16 11
McNair 1997 216 415 2665 14 13
Moon 1997 313 528 3678 25 16
Plummer 1997 157 296 2203 15 15
Testaverde 1997 271 470 2971 18 15
Young 1997 241 356 3029 19 6
Bledsoe 1998 263 481 3633 20 14
Brunell 1998 208 354 2601 20 9
Chandler 1998 190 327 3154 25 12
Collins 1998 170 353 2213 12 15
Cunningham 1998 259 425 3704 34 10
DeBerg 1998 30 59 369 3 1
Elway 1998 210 356 2806 22 10
Favre 1998 347 551 4212 31 23
Gannon 1998 206 354 2305 10 6
George 1998 93 169 1186 4 5
Harbaugh 1998 164 293 1839 12 11
Johnson 1998 65 101 747 7 5
Kitna 1998 98 172 1177 7 8
Krieg 1998 12 21 199 0 0
Marino 1998 310 537 3497 23 15
McNair 1998 289 492 3228 15 10
Moon 1998 145 258 1632 11 8
Plummer 1998 324 547 3737 17 20
PManning 1998 326 575 3739 26 28
Testaverde 1998 259 421 3256 29 7
Warner 1998 4 11 39 0 0
Young 1998 322 517 4170 36 12
Bledsoe 1999 305 539 3985 19 21
Brunell 1999 259 441 3060 14 9
Chandler 1999 174 307 2339 16 11
Collins 1999 190 331 2318 8 11
Culpepper 1999 0 0 0 0 0
Cunningham 1999 124 200 1475 8 9
Favre 1999 341 595 4091 22 23
Gannon 1999 304 515 3840 24 14
Garcia 1999 225 375 2544 11 11
George 1999 191 329 2816 23 12
Harbaugh 1999 249 434 2761 10 14
Hasselbeck 1999 3 10 41 1 0
Johnson 1999 316 519 4005 24 13
Kitna 1999 270 495 3346 23 16
Marino 1999 204 369 2448 12 17
McNabb 1999 106 216 948 8 7
McNair 1999 187 331 2179 12 8
Moon 1999 1 3 20 0 0
Plummer 1999 201 381 2111 9 24
PManning 1999 331 533 4135 26 15
Testaverde 1999 10 15 96 1 1
Warner 1999 325 499 4353 41 13
Young 1999 45 84 446 3 4
Bledsoe 2000 312 531 3291 17 13
Brady 2000 1 3 6 0 0
Brunell 2000 311 512 3640 20 14
Chandler 2000 192 331 2236 10 12
Collins 2000 311 529 3610 22 13
Culpepper 2000 297 474 3937 33 16
Cunningham 2000 74 125 849 6 4
Favre 2000 338 580 3812 20 16
Gannon 2000 284 473 3430 28 11
Garcia 2000 355 561 4278 31 10
George 2000 113 194 1389 7 6
Harbaugh 2000 123 202 1416 8 10
Hasselbeck 2000 10 19 104 1 0
Johnson 2000 228 365 2505 11 15
Kitna 2000 259 418 2658 18 19
McNabb 2000 330 569 3365 21 13
McNair 2000 248 396 2847 15 13
Moon 2000 15 34 208 1 1
Plummer 2000 270 475 2946 13 21
PManning 2000 357 571 4413 33 15
Testaverde 2000 328 590 3732 21 25
Warner 2000 235 347 3429 21 18
Bledsoe 2001 40 66 400 2 2
Brady 2001 264 413 2843 18 12
Brees 2001 15 27 221 1 0
Brunell 2001 289 473 3309 19 13
Chandler 2001 223 365 2847 16 14
Collins 2001 327 568 3764 19 16
Culpepper 2001 235 366 2612 14 13
Cunningham 2001 54 89 573 3 2
Favre 2001 314 510 3921 32 15
Gannon 2001 361 549 3828 27 9
Garcia 2001 316 504 3538 32 12
George 2001 23 42 168 0 3
Hasselbeck 2001 176 321 2023 7 8
Johnson 2001 340 559 3406 13 11
Kitna 2001 313 581 3216 12 22
McNabb 2001 285 493 3233 25 12
McNair 2001 264 431 3350 21 12
Plummer 2001 304 525 3653 18 14
PManning 2001 343 547 4131 26 23
Testaverde 2001 260 441 2752 15 14
Vick 2001 50 113 785 2 3
Warner 2001 375 546 4830 36 22
Bledsoe 2002 375 610 4359 24 15
Brady 2002 373 601 3764 28 14
Brees 2002 320 526 3284 17 16
Brunell 2002 245 416 2788 17 7
Bulger 2002 138 214 1826 14 6
Carr 2002 233 444 2592 9 15
Chandler 2002 103 161 1023 4 4
Collins 2002 335 545 4073 19 14
Culpepper 2002 333 549 3853 18 23
Favre 2002 341 551 3658 27 16
Gannon 2002 418 618 4689 26 10
Garcia 2002 328 528 3344 21 10
Hasselbeck 2002 267 419 3075 15 10
Johnson 2002 281 451 3049 22 6
Kitna 2002 294 473 3178 16 16
McNabb 2002 211 361 2289 17 6
McNair 2002 301 492 3387 22 15
Plummer 2002 284 530 2972 18 20
PManning 2002 392 591 4200 27 19
Testaverde 2002 54 83 499 3 3
Vick 2002 231 421 2936 16 8
Warner 2002 144 220 1431 3 11
Bledsoe 2003 274 471 2860 11 12
Brady 2003 317 527 3620 23 12
Brees 2003 205 356 2108 11 15
Brunell 2003 54 82 484 2 0
Bulger 2003 336 532 3845 22 22
Carr 2003 167 295 2013 9 13
Chandler 2003 107 192 1050 3 7
Collins 2003 284 500 3110 13 16
Culpepper 2003 295 454 3479 25 11
Favre 2003 308 471 3361 32 21
Gannon 2003 125 225 1274 6 4
Garcia 2003 225 392 2704 18 13
Hasselbeck 2003 313 513 3841 26 15
Johnson 2003 354 570 3811 26 21
Kitna 2003 324 520 3591 26 15
McNabb 2003 275 478 3216 16 11
McNair 2003 250 400 3215 24 7
Plummer 2003 189 302 2182 15 7
PManning 2003 379 566 4267 29 10
Testaverde 2003 123 198 1385 7 2
Vick 2003 50 100 585 4 3
Warner 2003 38 65 365 1 1
Bledsoe 2004 256 450 2932 20 16
Brady 2004 288 474 3692 28 14
Brees 2004 262 400 3159 27 7
Brunell 2004 118 237 1194 7 6
Bulger 2004 321 485 3964 21 14
Carr 2004 285 466 3531 16 14
Chandler 2004 35 62 463 2 8
Collins 2004 289 513 3495 21 20
Culpepper 2004 379 548 4717 39 11
EManning 2004 95 197 1043 6 9
Favre 2004 346 540 4088 30 17
Gannon 2004 41 68 524 3 2
Garcia 2004 144 252 1731 10 9
Hasselbeck 2004 279 474 3382 22 15
Johnson 2004 65 103 674 3 3
Kitna 2004 61 104 623 5 4
McNabb 2004 300 469 3875 31 8
McNair 2004 129 215 1343 8 9
Palmer 2004 263 432 2897 18 18
Plummer 2004 303 521 4089 27 20
PManning 2004 336 497 4557 49 10
Rivers 2004 5 8 33 1 0
Roethlisberger 2004 196 295 2621 17 11
Schaub 2004 33 70 330 1 4
Testaverde 2004 297 495 3532 17 20
Vick 2004 181 321 2313 14 12
Warner 2004 174 277 2054 6 4
Bledsoe 2005 300 499 3639 23 17
Brady 2005 334 530 4110 26 14
Brees 2005 323 500 3576 24 15
Brunell 2005 262 454 3050 23 10
Bulger 2005 192 287 2297 14 9
Carr 2005 256 423 2488 14 11
Cassel 2005 13 24 183 2 1
Collins 2005 302 565 3759 20 12
Culpepper 2005 139 216 1564 6 12
EManning 2005 294 557 3762 24 17
Favre 2005 372 607 3881 20 29
Fitzpatrick 2005 76 135 777 4 8
Garcia 2005 102 173 937 3 6
Hasselbeck 2005 294 449 3459 24 9
Johnson 2005 184 294 1885 12 4
Kitna 2005 17 29 99 0 2
McNabb 2005 211 357 2507 16 9
McNair 2005 292 476 3161 16 11
Orton 2005 190 368 1869 9 13
Palmer 2005 345 509 3836 32 12
Plummer 2005 277 456 3366 18 7
PManning 2005 305 453 3747 28 10
Rivers 2005 12 22 115 0 1
Rodgers 2005 9 16 65 0 1
Roethlisberger 2005 168 268 2385 17 9
Schaub 2005 33 64 495 4 0
Smith 2005 84 165 875 1 11
Testaverde 2005 60 106 777 1 6
Vick 2005 214 387 2412 15 13
Warner 2005 242 375 2713 11 9
Bledsoe 2006 90 169 1164 7 8
Brady 2006 319 516 3529 24 12
Brees 2006 356 554 4418 26 11
Brunell 2006 162 260 1789 8 4
Bulger 2006 370 588 4301 24 8
Campbell 2006 110 207 1297 10 6
Carr 2006 302 442 2767 11 12
Cassel 2006 5 8 32 0 0
Collins 2006 42 90 549 1 6
Culpepper 2006 81 134 929 2 3
Cutler 2006 81 137 1001 9 5
EManning 2006 301 522 3244 24 18
Favre 2006 343 613 3885 18 18
Fitzpatrick 2006 0 0 0 0 0
Garcia 2006 116 188 1309 10 2
Hasselbeck 2006 210 371 2442 18 15
Johnson 2006 270 439 2750 9 15
Kitna 2006 372 596 4208 21 22
McNabb 2006 180 316 2647 18 6
McNair 2006 295 468 3050 16 12
Palmer 2006 324 520 4035 28 13
Plummer 2006 175 317 1994 11 13
PManning 2006 362 557 4397 31 9
Rivers 2006 284 460 3388 22 9
Rodgers 2006 6 15 46 0 0
Roethlisberger 2006 280 469 3513 18 23
Schaub 2006 18 27 208 1 2
Smith 2006 257 442 2890 16 16
Testaverde 2006 2 3 29 1 0
Vick 2006 204 388 2474 20 13
Warner 2006 108 168 1377 6 5
Brady 2007 398 578 4806 50 8
Brees 2007 440 652 4423 28 18
Bulger 2007 221 378 2392 11 15
Campbell 2007 250 417 2700 12 11
Carr 2007 73 136 635 3 5
Cassel 2007 4 7 38 0 1
Collins 2007 50 82 531 0 0
Culpepper 2007 108 186 1331 5 5
Cutler 2007 297 467 3497 20 14
EManning 2007 297 529 3336 23 20
Favre 2007 356 535 4155 28 15
Fitzpatrick 2007 0 0 0 0 0
Garcia 2007 209 327 2440 13 4
Hasselbeck 2007 352 562 3966 28 12
Johnson 2007 7 11 79 0 0
Kitna 2007 355 561 4068 18 20
McNabb 2007 291 473 3324 19 7
McNair 2007 133 205 1113 2 4
Orton 2007 43 80 478 3 2
Palmer 2007 373 575 4131 26 20
PManning 2007 337 515 4040 31 14
Rivers 2007 277 460 3152 21 15
Rodgers 2007 20 28 218 1 0
Roethlisberger 2007 264 404 3154 32 11
Schaub 2007 192 289 2241 9 9
Smith 2007 94 193 914 2 4
Testaverde 2007 94 172 952 5 6
Warner 2007 281 451 3417 27 17
Brady 2008 7 11 76 0 0
Brees 2008 413 635 5069 34 17
Brunell 2008 0 0 0 0 0
Bulger 2008 251 440 2720 11 13
Campbell 2008 315 506 3245 13 6
Carr 2008 9 12 115 2 0
Cassel 2008 327 516 3693 21 11
Collins 2008 242 415 2676 12 7
Culpepper 2008 60 115 786 4 6
Cutler 2008 384 616 4526 25 18
EManning 2008 289 479 3238 21 10
Favre 2008 343 522 3472 22 22
Fitzpatrick 2008 221 372 1905 8 9
Flacco 2008 257 428 2971 14 12
Garcia 2008 244 376 2712 12 6
Hasselbeck 2008 109 209 1216 5 10
Johnson 2008 41 78 427 2 5
Kitna 2008 68 120 758 5 5
McNabb 2008 345 571 3916 23 11
Orton 2008 272 465 2972 18 12
Palmer 2008 75 129 731 3 4
PManning 2008 371 555 4002 27 12
Rivers 2008 312 478 4009 34 11
Rodgers 2008 341 536 4038 28 13
Roethlisberger 2008 281 469 3301 17 15
Ryan 2008 265 434 3440 16 11
Schaub 2008 251 380 3043 15 10
Warner 2008 401 598 4583 30 14
Brady 2009 371 565 4398 28 13
Brees 2009 363 514 4388 34 11
Brunell 2009 15 30 102 0 1
Bulger 2009 140 247 1469 5 6
Campbell 2009 327 507 3618 20 15
Carr 2009 21 33 225 1 0
Cassel 2009 271 493 2924 16 16
Collins 2009 119 216 1225 6 8
Culpepper 2009 89 157 945 3 6
Cutler 2009 336 555 3666 27 26
EManning 2009 317 509 4021 27 14
Favre 2009 363 531 4202 33 7
Fitzpatrick 2009 127 227 1422 9 10
Flacco 2009 315 499 3613 21 12
Freeman 2009 158 290 1855 10 18
Garcia 2009 0 0 0 0 0
Hasselbeck 2009 293 488 3029 17 17
Kitna 2009 0 0 0 0 0
McNabb 2009 267 443 3553 22 10
Orton 2009 336 541 3802 21 12
Palmer 2009 282 466 3094 21 13
PManning 2009 393 571 4500 33 16
Rivers 2009 317 486 4254 28 9
Rodgers 2009 350 541 4434 30 7
Roethlisberger 2009 337 506 4328 26 12
Ryan 2009 263 451 2916 22 14
Sanchez 2009 196 364 2444 12 20
Schaub 2009 396 583 4770 29 15
Smith 2009 225 372 2350 18 12
Stafford 2009 377 82 74 75 92
Vick 2009 6 13 86 1 0
Warner 2009 339 513 3753 26 14
Brady 2010 324 492 3900 36 4
Brees 2010 448 658 4620 33 22
Brunell 2010 7 13 117 2 1
Campbell 2010 194 329 2387 13 8
Carr 2010 5 13 67 0 1
Cassel 2010 262 450 3116 27 7
Collins 2010 160 278 1823 14 8
Cutler 2010 261 432 3274 23 16
EManning 2010 339 539 4002 31 25
Favre 2010 217 358 2509 11 19
Fitzpatrick 2010 255 441 3000 23 15
Flacco 2010 306 489 3622 25 10
Freeman 2010 291 474 3451 25 6
Hasselbeck 2010 266 444 3001 12 17
Kitna 2010 209 318 2365 16 12
McNabb 2010 275 472 3377 14 15
Orton 2010 293 498 3653 20 9
Palmer 2010 362 586 3970 26 20
PManning 2010 450 679 4700 33 17
Rivers 2010 357 541 4710 30 13
Rodgers 2010 312 475 3922 28 11
Roethlisberger 2010 240 389 3200 17 5
Ryan 2010 357 571 3705 28 9
Sanchez 2010 278 507 3291 17 13
Schaub 2010 365 574 4370 24 12
Smith 2010 204 342 2370 14 10
Stafford 2010 96 74 97 100 123
Vick 2010 233 372 3018 21 6
Brady 2011 401 611 5235 39 12
Brees 2011 468 657 5476 46 14
Brunell 2011 1 3 27 0 0
Campbell 2011 100 165 1170 6 4
Carr 2011 0 0 0 0 0
Cassel 2011 160 269 1713 10 9
Collins 2011 48 98 481 2 1
Cutler 2011 182 314 2319 13 7
EManning 2011 359 589 4933 29 16
Fitzpatrick 2011 353 569 3832 24 23
Flacco 2011 312 542 3610 20 12
Freeman 2011 346 551 3592 16 22
Garcia 2011 0 0 0 0 0
Hasselbeck 2011 319 518 3571 18 14
Kitna 2011 6 10 87 1 2
McNabb 2011 94 156 1026 4 2
Orton 2011 150 252 1758 9 9
Palmer 2011 199 328 2753 13 16
PManning 2011 0 0 0 0 0
Rivers 2011 366 582 4624 27 20
Rodgers 2011 343 502 4643 45 6
Roethlisberger 2011 324 513 4077 21 14
Ryan 2011 347 566 4177 29 12
Sanchez 2011 308 543 3474 26 18
Schaub 2011 178 292 2479 15 6
Smith 2011 273 445 3144 17 5
Stafford 2011 663 110 114 115 121
Vick 2011 253 423 3303 18 14
Brady 2012 401 637 4827 34 8
Brees 2012 422 670 5177 43 19
Campbell 2012 32 51 265 2 2
Carr 2012 2 3 19 0 0
Cassel 2012 161 277 1796 6 12
Cutler 2012 255 434 3033 19 14
EManning 2012 321 536 3948 26 15
Fitzpatrick 2012 306 505 3400 24 16
Flacco 2012 317 531 3817 22 10
Freeman 2012 306 558 4065 27 17
Hasselbeck 2012 138 221 1367 7 5
Orton 2012 9 10 89 1 0
Palmer 2012 345 565 4018 22 14
PManning 2012 400 583 4659 37 11
Rivers 2012 338 527 3606 26 15
Rodgers 2012 371 552 4295 39 8
Roethlisberger 2012 284 449 3265 26 8
Ryan 2012 422 615 4719 32 14
Sanchez 2012 246 453 2883 13 18
Schaub 2012 350 544 4008 22 12
Smith 2012 153 218 1737 13 5
Stafford 2012 727 94 95 99 83
Vick 2012 204 351 2362 12 10
Bradshaw 1972 147 308 1887 12 12
27
Elway 1993 1995
Moon 1991 1991
Favre 1990 1995
Favre 1991 2010
Carr 2008 2008
Testaverde 2006 2006
Orton 2012 2012
Brees 2009 2011
Rivers 2004 20
Gannon 1987 1987
Blanda 1949 1975
Elway 1985 1994 
Marino 1983 1998
Bledsoe 200 2005
Brees 2001 2012
PManning 1998 2000
PManning 2001 2008
Brady 2000 2006
Brady 2007 2012
Rodgers 2010 2012
AManning 1981 1984
EManning 2004 2012
Rodgers 2008 2012
Roethlisberger 2003 2011
Palmer 2004 2012
McNabb 2005 2010
Cutler 2006 2007
