314
50 60 17 3 6 32
23 13 38 7 1 32
22 6 3 40 18 48
55 24 56 42 16 15
39 27 18 25 26 48
10 3 30 41 51 26
15 54 37 19 35 58
2 49 9 8 43 32
30 52 45 58 7 34
35 5 39 18 44 25
14 44 55 17 4 37
55 39 8 21 15 22
12 35 23 46 8 6
40 26 29 13 44 9
60 3 41 58 28 17
22 57 60 14 54 55
38 51 31 35 9 41
43 32 4 16 18 1
4 53 5 41 12 2
25 38 59 48 7 27
8 6 12 48 47 52
58 28 42 3 52 43
39 17 28 32 59 34
18 7 38 54 41 21
52 11 18 42 13 3
25 1 17 39 16 48
60 47 53 20 35 6
23 55 47 13 8 45
7 33 52 25 14 15
2 12 8 48 50 27
23 22 57 26 55 42
28 53 1 21 36 46
8 60 56 35 15 5
31 12 41 26 15 23
45 32 59 14 19 2
10 57 40 56 37 54
31 6 15 35 10 18
41 13 25 10 9 11
32 15 36 30 18 6
60 39 16 37 59 51
14 52 43 36 51 21
5 33 15 7 12 17
34 26 53 12 28 58
36 3 26 56 41 5
49 36 42 2 52 6
5 12 27 46 50 19
42 18 8 24 59 50
38 17 3 37 52 28
58 47 22 49 26 41
34 1 18 2 41 57
56 29 50 43 53 32
10 12 16 23 46 28
35 10 30 60 2 57
54 26 42 22 17 58
11 33 59 3 46 49
28 36 49 4 46 7
38 57 55 42 24 44
38 40 53 58 21 18
5 42 50 41 19 29
26 27 4 16 40 24
55 18 35 8 15 7
48 55 9 58 15 22
60 15 48 18 25 1
52 34 46 12 15 27
30 32 10 15 41 18
41 19 17 21 30 56
17 14 29 51 43 42
45 17 22 36 24 46
42 8 26 29 21 35
35 4 52 18 42 1
8 44 45 2 53 10
15 51 33 7 55 60
2 18 59 23 58 42
54 58 31 48 4 30
44 48 15 21 47 5
26 31 13 40 22 28
49 14 20 37 38 10
36 18 52 2 26 23
14 1 21 24 38 51
10 52 2 22 33 56
53 4 10 42 58 13
56 29 30 51 45 31
13 41 32 27 50 57
24 35 37 18 56 5
30 20 12 38 10 22
5 52 41 9 24 38
2 11 51 22 26 46
39 33 57 40 46 53
23 12 3 8 2 38
26 48 37 33 29 46
12 51 54 37 5 14
38 58 37 54 57 55
30 37 43 7 2 39
21 4 24 15 20 6
19 28 51 7 45 11
48 9 10 15 6 5
12 36 18 27 53 56
58 37 10 56 43 49
4 7 5 10 13 59
13 57 60 11 58 34
21 46 57 18 52 9
55 17 16 35 45 8
41 31 16 4 10 15
22 8 31 60 35 9
10 44 60 30 13 52
13 59 45 3 41 5
44 4 1 20 53 27
32 5 26 9 21 12
16 31 56 5 42 47
54 55 18 49 48 56
31 46 49 22 38 44
14 60 31 9 8 4
13 36 15 53 1 7
24 45 25 53 27 17
52 58 44 24 5 7
6 36 14 13 31 49
5 55 29 58 21 33
47 39 2 16 33 18
50 18 13 57 3 29
15 34 45 58 40 43
13 40 30 20 18 54
17 57 35 36 28 49
56 39 60 5 37 7
31 24 48 12 7 17
54 40 16 59 14 23
8 32 6 19 22 38
15 18 43 14 23 17
53 33 45 51 60 11
21 43 40 39 36 16
9 13 32 42 52 59
11 6 22 9 34 12
18 47 49 53 40 58
39 58 3 24 50 36
18 29 45 37 53 25
24 46 4 50 60 7
54 8 42 10 1 52
49 18 19 28 33 12
51 39 47 2 28 41
29 35 21 16 38 5
7 3 15 4 27 51
35 55 37 13 5 12
27 29 6 40 20 31
26 43 37 23 32 29
27 54 31 12 3 57
12 25 1 47 20 53
14 21 29 25 8 52
53 11 46 23 17 50
29 60 21 57 37 24
39 13 41 45 24 9
15 47 38 20 48 9
47 52 54 6 58 39
15 38 44 13 12 36
29 32 47 51 6 2
34 5 56 48 12 44
34 13 58 60 41 23
20 22 15 17 26 44
21 48 29 42 22 8
42 51 26 55 9 45
37 34 10 5 24 21
2 11 39 25 15 16
41 59 22 3 2 27
55 42 46 59 58 54
41 37 58 14 16 13
47 45 6 33 5 10
49 32 16 25 7 33
11 33 59 20 48 49
60 15 59 28 33 1
39 41 14 47 36 37
23 16 51 22 41 6
47 45 42 55 15 46
52 16 57 24 49 58
38 23 6 17 46 9
34 39 37 36 12 26
30 41 17 56 54 34
47 10 20 14 8 2
29 7 19 6 12 21
42 16 14 11 27 54
31 55 8 23 43 19
59 14 41 15 50 25
45 44 51 9 60 58
33 19 23 59 11 1
18 30 41 1 43 60
30 58 53 34 42 18
32 42 38 49 28 5
10 45 56 55 42 4
58 41 40 50 20 9
6 15 56 54 24 20
50 55 49 59 44 39
52 3 35 44 22 49
47 52 39 33 37 9
57 27 56 23 16 29
20 19 13 29 14 34
22 45 34 24 7 12
20 47 36 29 33 50
56 33 13 43 46 29
45 5 6 48 43 33
54 48 30 12 8 16
39 47 6 1 41 45
14 1 53 56 40 21
28 7 34 44 18 1
37 58 31 45 46 33
23 44 22 29 4 43
32 56 50 12 16 8
18 26 1 37 30 35
5 20 46 31 40 12
48 49 17 53 60 5
42 18 52 40 53 15
47 49 1 21 4 16
40 56 5 9 14 43
31 42 26 34 16 45
47 40 20 51 1 50
17 2 60 31 5 26
2 55 56 16 28 21
3 8 4 19 58 35
47 34 41 11 28 26
22 59 41 31 49 19
2 50 41 4 19 8
5 9 15 28 49 42
23 53 20 40 8 11
24 44 52 53 17 60
50 51 11 15 7 31
22 24 27 31 47 49
42 52 43 7 26 20
39 10 54 48 50 49
14 52 20 22 37 9
31 25 35 56 23 16
16 19 55 20 3 44
8 34 59 46 48 29
44 35 43 3 47 28
18 15 40 45 11 31
18 42 43 34 38 57
26 9 57 5 36 25
15 60 43 5 32 16
49 10 14 4 29 59
22 52 13 57 3 43
35 14 11 60 54 40
3 25 52 48 50 53
20 26 41 21 17 52
46 9 55 21 20 18
31 44 26 34 50 32
30 27 49 45 57 48
34 49 43 14 53 6
48 20 5 21 15 32
26 28 45 35 7 55
7 5 52 54 36 35
16 47 34 48 35 20
45 39 7 43 57 53
20 24 13 28 4 27
46 42 28 4 41 60
58 29 45 57 23 22
22 58 33 18 48 40
19 31 27 41 5 22
28 23 35 4 29 32
7 15 6 55 9 8
53 36 59 28 35 6
46 23 21 42 20 36
13 34 1 54 11 37
41 28 38 10 60 15
7 58 42 45 32 49
11 33 24 4 26 28
40 45 15 24 60 59
16 7 41 20 40 13
51 49 11 8 54 28
40 7 56 4 54 1
29 27 49 12 34 58
37 29 36 38 44 10
58 53 60 54 42 47
12 57 2 50 11 44
13 58 29 15 3 14
51 39 24 4 59 20
51 59 16 23 3 28
10 50 51 42 38 47
15 1 28 7 40 53
23 57 6 31 28 53
7 55 3 48 10 21
3 59 23 4 18 26
48 16 46 50 44 17
34 57 60 58 9 47
45 16 28 27 58 40
43 8 49 11 14 30
33 15 11 9 38 47
26 6 27 29 28 8
6 11 23 14 59 47
35 8 5 3 18 55
29 18 41 16 7 26
20 22 30 17 43 58
1 52 36 25 11 46
18 45 5 33 4 55
21 12 15 8 28 40
41 55 50 27 18 8
19 26 29 39 6 12
19 53 33 15 17 14
29 19 21 56 58 12
4 48 45 9 46 50
58 45 51 37 7 13
44 19 9 48 53 39
42 16 44 21 49 3
44 39 46 41 15 23
47 7 32 22 50 29
22 51 15 8 26 43
38 60 16 34 44 56
49 59 40 50 26 43
46 42 59 54 45 44
30 60 11 15 24 49
29 5 51 54 10 28
39 14 3 31 5 7
44 32 25 1 49 17
25 21 26 41 27 15
48 51 57 22 23 18
40 48 33 60 14 11
11 21 57 40 60 12
58 5 60 55 39 24
40 54 19 50 20 36
40 21 59 26 47 45
53 43 33 27 3 49