380
27 37 52 56 45 25
50 15 53 54 48 20
31 13 24 34 4 10
36 23 29 39 58 26
47 25 26 46 2 23
47 26 33 44 38 24
10 1 50 5 48 33
47 9 44 19 6 20
25 3 45 58 6 50
25 5 14 51 18 49
34 53 33 30 2 8
36 15 26 44 17 27
11 32 44 59 51 49
47 12 38 59 10 42
40 31 53 60 59 58
44 43 22 49 10 18
19 2 9 25 28 52
32 5 49 34 52 38
8 46 23 33 21 56
6 54 17 10 58 5
42 22 60 59 48 35
50 26 15 18 24 34
7 11 47 55 18 34
33 55 35 1 17 49
58 41 33 12 54 48
58 21 57 19 42 1
47 5 22 36 51 55
52 11 2 18 47 13
24 30 38 12 37 60
56 18 4 3 23 2
47 18 48 50 57 11
55 30 60 19 2 20
14 49 53 16 43 12
4 60 6 22 19 45
32 54 34 2 52 50
32 47 38 46 45 6
43 41 38 30 45 24
27 24 40 23 30 54
32 43 13 15 30 55
8 37 22 33 28 10
27 39 5 41 19 3
52 14 12 5 24 3
14 28 35 58 50 8
7 44 35 27 4 17
44 56 5 18 26 29
28 1 25 43 50 5
28 4 50 12 36 32
12 52 13 26 51 23
33 32 39 53 10 50
4 23 55 42 39 28
14 2 48 54 33 60
43 12 60 23 35 28
6 60 10 33 16 32
2 17 59 42 49 51
1 13 36 27 4 29
17 21 20 28 43 56
49 13 4 3 42 23
39 43 22 46 19 48
20 59 41 50 48 51
24 49 17 28 2 11
5 23 45 55 25 60
52 24 56 50 55 54
51 11 48 7 17 37
53 24 50 10 17 58
50 17 36 12 24 19
57 11 23 44 1 25
16 20 55 39 45 26
57 36 51 6 12 34
47 31 51 24 18 56
30 26 39 7 47 50
36 9 7 18 21 59
45 38 18 9 49 5
41 29 35 53 48 22
7 16 12 58 8 40
33 35 43 49 32 41
7 49 23 47 37 52
33 45 1 51 20 59
28 49 22 17 30 19
19 51 10 47 20 36
28 15 42 34 50 3
27 46 31 21 9 19
42 50 34 40 52 37
58 53 37 23 6 50
48 39 36 49 58 4
58 56 53 1 60 36
8 9 52 50 48 23
8 35 22 51 48 46
49 12 38 37 6 45
9 23 33 51 27 3
8 49 46 21 4 44
40 55 8 17 1 46
57 16 42 7 12 15
38 8 27 20 16 42
8 4 29 16 50 18
9 38 13 33 8 24
16 7 6 53 25 37
34 49 4 43 42 51
58 15 53 50 47 57
17 53 47 20 25 36
43 6 9 60 40 52
15 50 31 16 32 22
52 29 44 32 20 18
15 29 57 7 43 50
4 10 19 17 59 3
47 59 27 5 32 33
21 13 51 27 49 5
54 31 13 10 41 1
25 53 24 46 32 13
58 50 46 30 49 8
19 36 59 57 2 5
24 48 51 5 46 59
41 42 39 40 47 12
36 58 18 43 32 22
8 9 60 38 50 22
56 8 13 12 36 16
43 8 40 47 39 59
22 1 12 48 56 9
50 1 56 25 60 33
25 41 10 28 26 51
11 9 13 56 46 42
5 18 22 59 19 20
51 7 58 24 36 17
18 42 40 37 9 60
27 55 26 49 51 57
51 5 60 19 10 45
55 42 48 26 43 39
4 22 20 45 28 3
40 60 16 43 27 11
58 48 46 29 1 36
53 40 32 41 51 36
20 23 17 2 45 30
19 3 25 38 31 17
11 37 46 31 45 29
18 45 8 14 42 58
31 2 35 7 17 38
1 2 48 41 34 38
33 49 8 32 40 37
34 6 48 44 36 3
49 37 6 4 25 32
39 8 4 41 14 30
48 57 7 60 23 49
18 24 9 20 29 13
59 47 55 42 46 19
3 12 51 8 59 40
54 1 51 7 45 36
41 46 20 2 22 39
5 16 21 51 36 60
11 13 31 55 10 60
18 54 15 52 3 51
3 46 51 15 21 36
21 29 45 55 18 54
54 14 46 4 51 22
29 5 23 22 8 4
46 24 38 17 4 13
54 8 45 36 47 10
14 12 16 27 26 13
24 56 40 28 30 35
45 22 16 33 24 4
34 24 21 22 3 35
25 56 49 26 57 51
46 55 25 43 60 8
52 56 26 43 7 23
50 27 51 49 22 4
19 57 24 1 56 5
3 58 29 14 52 7
55 52 54 60 34 56
58 26 48 3 23 51
54 30 38 35 60 56
19 9 49 52 29 59
3 59 44 4 6 43
42 18 11 17 13 38
43 38 54 53 21 8
1 43 13 6 51 28
35 37 38 1 11 27
48 20 59 7 58 18
31 36 33 12 19 30
53 26 33 32 30 52
17 39 16 14 32 23
51 32 47 13 21 49
56 45 32 39 33 25
30 54 11 8 21 56
40 54 22 13 59 36
54 46 40 38 57 19
9 11 48 39 22 7
5 51 6 24 4 52
32 44 48 22 38 4
40 55 9 6 14 22
18 28 9 7 29 34
2 43 16 12 29 26
25 27 55 39 3 17
35 45 28 19 5 1
39 12 55 7 26 30
22 23 59 3 48 31
41 26 20 53 55 12
1 18 41 50 52 22
37 48 46 45 9 28
20 10 60 54 12 31
2 22 38 39 33 1
30 56 39 46 12 43
40 28 59 14 50 49
1 23 7 38 8 34
38 35 4 21 46 48
9 8 12 28 34 3
44 30 40 5 26 2
14 5 23 9 46 10
40 30 15 38 21 8
7 46 25 9 44 24
24 35 47 45 56 50
19 9 31 10 15 14
8 6 4 14 32 55
24 52 40 34 12 14
34 57 3 2 37 10
39 43 34 32 57 58
43 30 11 2 48 34
14 37 60 48 33 36
26 25 8 20 16 11
14 15 30 32 16 41
17 49 46 22 1 39
16 21 45 5 8 11
16 21 6 23 8 27
3 17 40 35 46 37
2 3 54 17 1 55
29 56 28 44 59 19
58 42 17 27 53 56
3 32 41 44 17 42
38 15 2 1 40 43
43 37 60 48 21 56
59 34 50 20 60 17
56 6 57 52 16 46
37 26 43 32 56 1
13 41 39 38 28 6
40 38 46 47 22 11
19 44 9 56 8 60
53 13 60 4 40 23
10 27 52 1 14 29
38 45 15 33 8 51
12 21 50 7 34 54
51 34 32 3 59 25
48 15 60 59 20 55
9 23 34 19 24 41
1 43 51 25 37 48
26 46 40 51 33 44
3 50 25 38 26 45
53 47 4 30 33 45
44 43 60 7 2 1
33 41 30 32 27 21
12 24 34 28 39 42
32 20 1 5 19 53
42 19 43 3 51 18
17 35 58 32 47 27
23 47 57 34 32 52
42 26 22 40 8 45
53 3 54 45 22 23
53 30 32 24 44 16
13 25 19 16 20 29
42 30 7 59 19 52
47 45 12 37 34 6
2 59 56 46 28 50
55 34 24 19 42 3
7 32 20 31 3 25
17 40 58 56 54 19
23 42 37 36 47 45
14 11 51 42 20 35
16 25 34 56 29 1
30 9 31 16 52 59
14 9 17 54 59 33
34 3 19 47 49 26
21 26 50 54 53 44
58 8 1 6 34 5
10 26 9 15 55 36
16 8 50 45 48 12
8 21 14 28 49 52
48 14 60 51 32 8
8 33 45 35 26 12
32 48 33 50 41 21
41 9 45 30 59 36
24 36 53 5 52 4
23 43 3 44 46 19
24 38 22 50 49 28
16 37 53 48 27 31
11 31 39 34 42 12
16 8 46 43 37 30
35 46 32 41 27 26
2 41 58 30 46 17
55 28 46 32 9 20
7 54 13 34 53 16
4 24 46 19 55 31
24 3 31 60 37 2
48 17 42 60 1 34
5 55 16 17 49 44
17 6 15 24 14 25
12 32 47 23 26 11
46 11 17 24 39 57
16 4 14 15 23 51
5 41 1 32 28 9
10 26 3 51 52 48
48 2 35 36 22 25
59 6 34 11 47 24
39 50 10 3 37 22
13 49 1 45 25 51
48 47 7 11 9 10
20 36 11 25 44 35
45 35 34 10 51 16
12 53 29 46 31 60
46 38 5 55 35 10
32 3 59 47 50 12
11 31 57 19 54 48
7 32 31 39 19 2
25 4 8 42 46 49
24 17 2 53 30 41
58 40 43 3 18 11
16 1 60 14 53 25
59 6 40 13 12 35
55 57 7 46 16 59
42 12 25 17 30 53
14 21 47 29 10 36
41 5 60 14 42 10
25 19 56 18 38 31
8 18 38 54 40 47
14 52 54 39 18 21
12 25 60 59 48 15
7 16 46 13 26 21
21 3 55 14 34 24
18 5 33 24 37 40
39 43 4 19 58 21
9 4 40 49 56 59
14 20 2 39 10 52
25 33 53 39 4 8
7 1 34 12 28 48
31 27 4 57 8 25
3 46 36 13 57 34
58 13 44 39 17 33
26 25 42 23 30 55
29 46 16 43 15 60
33 9 3 31 11 10
50 28 16 49 4 29
13 18 22 45 2 19
20 3 26 35 54 24
52 14 6 23 39 59
41 43 20 45 17 27
54 16 50 8 57 19
3 44 39 29 21 54
30 55 52 41 57 16
5 50 46 32 54 26
60 4 17 20 57 24
40 49 53 56 33 37
10 40 3 20 34 55
40 42 33 60 47 51
47 29 58 44 16 55
29 46 36 43 31 39
39 25 54 19 43 30
10 38 56 41 8 32
45 25 39 3 54 21
56 46 17 16 23 38
51 9 6 14 57 37
41 15 4 27 32 44
20 43 50 25 2 12
60 19 8 53 49 12
25 28 19 17 16 36
37 11 32 59 33 10
22 45 2 48 47 23
18 60 25 40 43 50
33 11 46 37 39 44
41 15 35 42 29 38
28 53 31 49 52 2
5 41 8 21 16 27
19 32 54 57 12 3
44 33 15 18 19 2
24 11 45 52 9 25
59 53 23 10 37 46
11 48 20 51 60 49
37 47 44 15 45 6
16 11 39 30 37 25
42 13 7 34 43 19
40 57 50 48 51 21
24 4 30 14 60 39
57 59 46 55 23 34
53 15 34 51 42 38
29 38 25 2 24 57
31 40 43 14 2 53
53 49 16 44 55 2