281
57 10 21 22 14 41
46 41 23 45 30 11
46 4 10 32 43 57
4 40 52 6 33 38
6 24 57 33 60 8
39 51 18 20 6 56
46 60 1 33 42 47
30 16 51 20 4 1
23 15 14 26 16 11
16 10 31 42 2 9
22 29 10 48 58 6
35 38 7 32 45 21
41 52 8 14 51 39
25 15 19 34 55 28
60 31 35 30 1 17
28 46 9 59 52 2
30 35 22 38 7 13
45 18 7 36 16 57
20 12 14 27 15 24
6 41 28 25 46 51
43 58 13 36 40 6
26 36 34 32 27 24
6 23 21 27 25 42
31 14 30 44 54 34
55 13 59 38 12 19
19 11 12 28 49 6
55 17 12 26 30 19
59 36 35 1 13 23
22 4 28 57 8 21
32 56 31 23 53 43
21 46 18 39 30 32
44 9 18 8 45 48
31 13 5 22 46 40
42 50 20 35 49 23
7 53 18 59 5 31
3 42 58 37 17 56
32 16 25 10 53 47
24 1 22 20 7 33
47 5 2 23 54 32
5 4 52 16 59 50
9 49 39 36 17 59
8 41 55 48 3 28
17 42 43 4 1 48
28 19 40 20 52 33
45 55 25 32 17 37
49 29 14 32 24 4
2 59 24 4 14 48
40 13 22 55 48 43
30 36 59 53 37 17
3 38 19 18 26 7
46 24 52 29 56 17
23 29 53 2 39 22
28 51 57 12 30 8
59 12 45 48 24 13
30 52 1 36 17 24
1 14 55 29 6 37
3 6 26 17 1 60
32 35 7 12 27 6
15 38 37 60 4 7
33 36 28 13 8 31
34 13 4 16 28 30
48 59 26 18 7 23
2 30 59 56 53 36
58 11 45 9 27 8
10 58 47 18 24 27
17 53 22 18 39 51
35 60 22 46 15 48
28 32 15 31 30 26
53 7 8 12 47 44
53 4 49 51 17 9
19 33 55 38 39 15
14 29 49 34 9 30
48 19 44 43 16 15
11 10 41 39 54 46
14 44 20 3 19 2
42 51 13 18 19 40
50 28 56 1 45 47
40 28 34 50 30 31
18 23 49 59 6 48
53 18 12 22 60 47
34 11 6 48 41 33
52 33 49 29 4 18
2 22 57 12 51 29
44 38 39 51 34 4
54 39 16 13 38 2
35 2 47 57 7 11
40 11 54 8 1 31
48 46 13 8 7 40
31 21 28 29 12 26
37 52 11 25 36 7
25 8 1 50 29 12
27 33 34 5 43 4
31 30 18 16 56 21
34 51 55 33 29 6
9 4 53 48 12 44
30 33 54 36 23 13
32 29 21 30 43 14
16 13 4 35 9 24
48 26 10 3 47 23
42 33 43 32 27 19
51 42 28 14 35 25
25 10 55 44 29 38
12 19 49 43 14 1
48 14 35 51 36 49
30 44 19 51 24 41
34 13 5 15 50 48
8 34 14 54 13 41
13 21 44 50 6 10
30 3 9 31 36 23
23 44 46 10 3 59
23 16 13 24 29 39
19 40 27 54 2 36
7 23 39 53 8 17
28 39 30 40 42 43
24 39 40 23 8 45
38 23 25 22 55 32
16 52 17 24 41 5
6 19 9 8 16 42
1 46 59 39 45 47
52 53 5 17 50 19
28 40 16 2 14 26
21 43 49 56 9 40
37 35 38 7 4 58
11 38 8 59 2 50
48 8 60 5 53 51
48 32 24 45 19 27
54 38 16 27 18 11
31 5 12 37 49 9
26 44 47 11 24 20
37 3 5 46 19 39
15 30 20 21 42 43
13 26 34 5 57 45
4 44 22 42 52 32
15 48 50 53 7 2
59 40 28 15 25 34
3 41 40 7 29 57
56 59 21 27 53 6
39 4 56 51 41 37
57 24 52 51 4 36
21 47 51 59 48 14
59 42 9 39 16 6
36 6 46 38 11 60
55 59 12 21 39 57
50 31 27 19 55 51
55 57 20 3 23 34
23 56 29 14 40 16
9 16 59 18 23 48
18 34 32 42 24 45
9 56 21 19 3 39
12 18 51 2 33 8
15 8 3 41 25 54
58 10 48 24 60 51
52 29 45 35 12 32
40 8 13 57 30 5
55 60 19 2 20 58
12 27 59 26 42 18
33 14 29 53 37 17
26 60 49 27 19 39
17 25 10 21 44 15
8 19 29 43 27 35
53 59 12 60 22 34
58 20 7 11 50 24
33 46 51 14 47 28
9 44 29 31 47 49
6 55 24 11 20 53
37 24 21 14 5 45
17 36 31 37 46 22
19 45 60 21 18 4
15 8 51 27 5 4
20 22 56 37 13 5
21 31 37 60 43 32
27 43 50 29 17 25
40 33 50 22 60 13
21 40 51 41 11 12
49 9 26 21 35 32
6 49 21 22 3 19
24 3 27 40 19 37
38 36 40 31 2 51
59 20 13 45 55 26
55 40 7 49 57 51
51 14 25 18 53 39
26 14 40 3 52 25
28 37 30 53 34 38
33 2 10 46 42 5
37 32 47 49 35 2
34 36 49 10 5 11
31 9 38 18 4 37
34 32 7 17 44 50
18 30 45 58 38 35
14 20 16 39 48 50
54 56 53 31 60 37
35 27 13 56 22 2
8 47 13 59 1 2
26 19 22 1 20 41
32 31 19 27 6 40
22 23 13 16 47 52
60 22 57 50 55 58
30 43 34 1 28 29
13 42 28 49 21 41
36 54 35 20 26 25
38 27 42 14 23 17
11 12 1 2 20 30
26 14 27 43 35 25
53 3 16 39 43 32
57 9 50 31 12 2
1 18 42 48 22 7
18 48 60 43 36 5
56 30 3 21 38 60
53 11 6 38 31 2
19 28 32 13 3 22
48 56 36 19 33 20
29 21 59 37 51 7
29 32 38 56 2 6
46 18 39 15 47 52
55 53 57 37 43 33
4 23 24 53 40 28
42 17 32 57 30 33
35 30 34 1 47 39
9 48 37 42 11 6
49 32 9 27 47 35
47 57 15 33 17 46
41 55 54 22 15 60
33 42 6 51 32 24
31 52 1 44 51 43
3 42 7 18 22 5
17 1 29 18 11 13
22 1 53 25 47 19
21 17 46 24 51 29
14 35 26 32 55 4
18 60 37 24 45 10
22 17 9 45 16 48
58 12 7 56 41 53
13 16 37 53 4 17
34 59 16 23 36 24
53 40 51 11 37 42
5 51 12 56 43 6
38 42 45 40 16 54
4 43 19 52 33 51
24 1 5 10 43 57
42 49 40 27 44 15
38 47 39 58 31 23
28 27 18 16 38 13
19 31 16 50 52 42
43 40 17 20 57 33
56 42 31 55 28 35
6 28 16 57 25 54
60 27 3 21 6 47
1 50 37 51 3 58
59 33 26 35 7 49
52 29 8 20 49 47
46 28 9 31 39 20
33 39 8 30 3 5
52 55 28 6 40 32
52 4 29 1 37 34
51 24 46 2 40 31
44 45 15 51 10 43
46 4 31 20 3 33
39 51 55 15 7 37
18 27 31 42 59 7
48 56 47 60 21 7
25 26 38 43 19 9
38 17 4 25 55 29
58 32 2 47 10 43
22 53 55 31 37 5
20 6 53 10 36 46
32 59 5 24 33 44
35 12 14 5 49 20
22 26 32 53 23 47
31 39 23 7 59 51
54 51 28 32 11 19
37 41 55 39 10 57
58 10 40 42 24 45
59 3 20 12 57 16
12 43 44 48 15 25
32 1 30 5 48 2
36 60 46 25 39 48
26 29 14 20 18 4
33 51 23 36 47 25
51 20 14 37 7 45
7 17 23 8 59 22
36 54 4 1 9 43
11 58 38 54 15 52