77
41 29 19 8 6 27
45 46 17 53 3 2
43 55 24 52 34 20
29 27 26 34 19 46
2 12 4 49 36 41
38 13 22 54 19 14
6 15 22 18 24 56
49 60 39 29 7 14
35 56 41 57 12 54
33 39 17 48 54 24
25 16 42 3 29 12
14 19 6 17 57 39
32 4 44 55 34 15
36 59 15 49 6 1
30 13 38 14 12 11
13 12 28 6 2 20
19 42 60 17 7 28
42 47 14 6 4 54
23 7 58 12 48 1
40 49 29 4 38 26
43 7 55 14 50 17
15 54 23 58 12 53
5 13 1 9 25 60
2 9 59 21 13 32
30 2 58 16 42 14
38 29 18 44 40 23
7 15 51 13 20 59
21 50 14 49 19 2
25 52 49 1 32 9
30 28 49 55 19 29
13 50 57 6 46 38
33 31 11 28 41 17
47 31 27 8 34 11
45 25 31 15 21 54
26 19 22 38 29 10
36 59 46 5 52 30
2 48 30 60 17 5
13 56 60 19 33 23
19 7 44 2 35 41
45 51 44 41 50 13
26 36 12 42 16 46
51 52 22 42 20 14
42 30 4 44 51 10
16 1 7 44 46 35
16 56 59 29 21 7
39 47 8 1 43 14
14 13 48 18 59 52
47 1 53 3 15 37
57 14 60 2 44 3
3 30 20 45 34 41
29 2 22 5 23 32
51 53 1 48 31 46
22 5 38 8 59 13
28 40 54 5 60 4
57 13 29 47 46 53
35 47 49 40 58 10
54 35 28 34 33 15
8 9 46 2 40 59
8 6 59 41 17 51
34 45 56 58 50 20
60 12 30 29 6 10
59 60 35 1 18 15
39 42 48 56 14 50
29 45 58 42 57 38
54 60 50 59 12 39
55 60 25 40 50 5
41 21 23 4 33 26
14 23 37 13 18 51
27 10 51 39 50 8
49 59 22 3 4 34
53 17 2 36 55 7
32 25 22 39 41 8
39 1 17 21 50 38
2 16 22 10 3 13
12 22 10 60 16 56
38 52 17 58 16 46
47 18 36 22 52 13
22 46 37 42 53 57