448
21 41 13 38 50 24
55 8 21 35 15 2
43 59 16 27 52 17
6 19 13 16 30 37
30 28 40 44 17 15
46 40 45 58 21 12
59 36 22 10 40 2
21 35 48 2 47 13
30 8 60 26 1 27
36 31 7 23 2 30
17 4 20 37 31 53
56 33 2 8 44 6
25 57 41 50 30 28
40 8 49 29 57 21
58 54 56 33 3 17
12 24 36 50 4 49
40 5 23 16 51 33
15 38 21 43 49 57
37 51 11 39 43 27
20 39 11 38 57 36
1 40 39 33 54 18
19 33 59 35 17 32
6 2 60 28 53 15
35 5 57 54 3 13
12 18 37 13 1 8
15 38 47 26 46 2
1 11 26 43 38 37
14 21 17 44 52 51
47 42 8 31 4 12
16 23 50 34 57 13
38 29 9 53 60 26
9 58 2 55 53 38
9 13 17 35 41 14
13 57 59 19 56 58
24 33 22 28 58 55
41 23 18 20 16 24
41 33 10 22 6 9
41 35 46 10 48 21
57 40 14 6 7 31
17 4 37 44 53 59
27 28 58 34 46 7
47 60 14 44 11 42
3 30 16 25 9 17
13 49 38 56 32 12
23 30 40 28 21 1
56 9 23 7 46 25
60 54 37 45 2 38
20 14 18 45 59 48
60 26 31 39 3 22
25 51 48 46 21 17
41 2 1 59 19 23
60 40 36 3 33 17
6 39 32 56 52 4
36 34 3 55 39 27
5 55 6 46 47 36
5 36 44 55 27 59
17 43 31 28 56 40
39 4 6 5 17 35
30 47 26 6 42 1
31 17 42 27 35 50
11 24 21 51 20 48
31 37 39 34 47 55
32 49 52 41 29 39
55 53 34 13 47 29
37 44 17 14 32 20
25 53 10 30 39 17
32 12 35 10 39 50
45 29 19 25 17 26
3 16 38 9 53 57
22 24 14 41 4 39
25 39 33 29 46 21
14 33 53 42 12 36
28 36 56 22 51 21
4 5 24 51 1 31
51 16 52 47 56 24
38 60 23 50 33 43
2 37 46 27 36 26
33 31 45 8 37 55
3 58 34 27 30 19
13 22 12 32 45 47
32 40 56 18 26 34
42 15 59 35 33 4
19 27 24 42 9 4
16 33 31 3 59 8
38 7 50 59 58 45
29 51 5 6 52 22
14 55 1 39 4 46
4 40 22 53 1 26
26 23 28 27 29 40
14 25 46 4 24 1
8 25 56 15 46 38
41 58 3 15 45 22
36 35 54 15 59 31
60 47 52 35 18 21
24 54 42 8 5 38
27 46 15 5 51 7
57 56 34 60 8 17
43 9 33 51 15 57
57 10 17 27 42 41
34 9 27 14 49 43
42 27 3 53 18 32
13 31 50 16 39 38
2 32 35 56 11 18
24 12 43 60 15 45
40 34 26 4 41 56
33 41 16 19 55 24
52 27 10 56 24 12
40 50 32 55 11 54
40 9 28 23 14 17
10 42 7 33 1 35
36 40 56 32 2 45
7 15 32 22 38 21
51 28 22 10 26 56
18 56 58 59 1 35
59 48 24 40 1 2
17 27 57 3 43 40
46 12 16 15 54 14
44 29 22 59 13 36
4 35 57 28 6 56
40 2 21 48 15 50
6 10 26 11 60 30
48 12 60 49 3 43
24 57 43 51 58 31
51 49 52 43 7 38
11 35 55 18 26 27
35 16 15 39 20 55
54 55 29 45 25 7
59 54 34 25 41 45
28 21 58 34 20 7
60 52 53 54 13 33
35 10 12 5 30 38
55 56 29 19 12 50
3 22 11 28 43 48
56 30 52 53 57 43
17 7 31 50 6 56
2 23 34 58 32 6
60 27 32 2 48 15
44 22 43 12 19 45
3 57 16 31 45 46
34 18 58 25 9 40
6 30 20 4 7 50
24 20 53 46 9 60
2 16 1 11 24 43
1 39 27 7 36 60
42 26 12 8 53 15
49 28 5 58 32 40
41 39 11 3 35 21
39 4 57 60 54 47
30 15 37 46 47 31
25 15 9 60 53 13
8 26 17 41 29 30
29 9 52 26 19 44
58 8 28 46 25 16
48 45 51 34 20 40
2 51 35 33 18 5
18 55 34 14 6 31
51 21 9 34 35 28
21 60 38 25 3 5
45 33 35 9 60 32
51 29 15 8 32 12
15 12 54 4 29 30
40 22 19 36 52 12
11 19 16 4 51 20
17 57 13 45 56 6
53 45 58 6 27 17
49 4 16 33 42 21
26 30 19 36 41 4
21 49 57 23 31 46
36 59 18 57 14 24
33 19 53 59 13 51
52 11 17 34 23 21
53 43 13 9 20 35
43 9 28 52 55 42
10 39 28 7 54 24
34 9 47 13 53 19
28 59 33 49 58 9
25 19 6 41 47 43
14 4 5 22 59 44
23 21 59 10 9 43
25 48 18 38 45 23
9 25 1 13 20 35
53 8 15 17 60 11
37 14 41 46 28 23
42 28 31 1 48 27
57 15 18 6 11 24
23 45 52 42 2 17
33 58 46 38 54 10
21 48 29 39 34 26
58 47 24 23 38 54
34 8 12 11 31 43
18 19 21 49 55 57
56 37 29 49 2 53
17 16 41 32 27 48
47 6 50 32 25 29
25 56 52 6 3 46
4 60 48 5 59 44
26 7 31 35 56 43
52 28 20 32 9 27
16 36 33 12 18 8
24 3 36 29 39 12
39 58 8 46 43 40
41 28 35 55 57 12
2 59 27 16 8 48
25 32 14 7 15 54
8 7 60 17 26 47
50 57 51 8 13 46
32 21 39 60 36 51
44 5 42 27 47 13
39 31 7 12 60 59
14 56 5 23 49 35
16 5 44 13 43 45
4 27 60 25 20 3
44 2 60 26 22 59
32 45 41 12 7 27
24 44 27 36 16 12
3 44 16 9 17 6
37 44 7 3 41 15
24 37 9 57 13 31
38 21 6 27 57 59
37 56 6 19 31 18
1 58 2 36 59 18
34 21 2 10 42 13
32 39 13 2 11 48
14 11 35 40 24 7
19 34 29 17 20 23
44 32 49 52 29 22
32 58 10 45 48 13
3 39 2 46 17 32
31 60 59 14 11 53
22 13 52 7 31 43
12 13 44 24 26 45
28 50 2 55 17 19
6 7 5 19 49 54
20 29 43 46 54 25
54 9 44 46 34 31
17 22 20 54 3 5
29 26 7 53 51 59
25 1 18 26 42 5
3 22 18 20 16 53
12 42 28 37 23 47
13 15 3 17 33 60
48 16 10 23 44 33
30 26 5 41 34 25
40 32 58 9 59 54
6 1 10 16 35 20
2 37 1 4 17 52
21 33 3 28 27 12
42 21 30 16 49 55
19 41 2 38 29 27
20 11 54 5 13 33
41 43 40 24 23 4
6 5 17 60 23 9
19 58 3 29 25 50
12 38 46 53 51 29
60 54 23 38 29 56
1 40 26 32 25 50
49 17 50 14 31 29
55 54 46 1 39 14
26 41 34 23 44 60
23 10 1 9 27 50
27 7 58 42 33 22
7 56 5 44 26 29
26 40 48 44 53 4
53 16 31 22 46 40
28 15 12 9 13 52
21 45 38 27 20 15
31 40 18 20 10 8
22 32 36 49 29 24
17 24 29 27 35 9
10 24 41 17 52 33
44 33 6 12 42 29
25 15 23 50 27 26
42 56 32 23 5 9
45 2 9 54 51 32
22 28 21 40 23 44
20 56 39 58 47 21
45 55 36 29 14 30
46 59 3 33 7 29
7 58 15 14 32 30
17 58 1 22 31 55
2 49 13 3 1 4
59 6 9 22 26 25
5 40 33 38 52 1
27 13 15 3 42 4
17 4 55 39 23 24
9 3 51 49 21 46
58 51 14 57 27 32
28 11 8 51 27 34
58 39 15 30 18 14
18 44 22 57 12 11
8 46 27 6 37 44
11 19 20 34 3 24
27 16 59 20 36 2
38 46 12 57 29 28
17 55 32 31 24 52
10 27 42 21 4 53
15 11 10 40 12 33
25 23 3 51 29 58
58 52 10 2 21 41
48 26 29 41 51 8
5 20 9 26 23 29
23 58 41 50 29 39
34 54 11 44 12 2
30 57 35 21 25 49
15 21 47 51 24 60
41 38 30 15 48 32
4 15 57 36 12 18
13 7 22 60 16 39
34 48 36 19 46 53
9 20 42 35 41 40
35 55 53 16 39 3
52 16 33 59 51 3
60 40 14 46 35 25
28 45 25 55 23 57
3 53 59 14 10 2
49 52 47 41 27 24
39 11 60 7 9 49
4 49 35 27 33 60
9 33 17 10 23 19
4 46 32 27 53 20
23 31 40 21 25 49
7 12 19 17 58 39
48 12 35 11 4 20
20 32 48 47 1 50
26 4 52 8 28 27
24 9 22 34 18 16
21 23 2 60 10 37
60 30 36 7 39 48
28 19 42 30 4 27
24 33 19 3 5 37
31 41 32 36 39 46
2 11 6 36 49 20
24 45 21 5 33 43
33 13 35 59 34 27
39 56 51 31 10 14
52 9 34 22 25 59
8 17 50 54 34 35
7 2 31 20 6 9
15 10 46 59 52 53
34 3 10 48 44 23
28 12 52 48 15 44
14 24 21 17 35 39
4 55 59 24 34 40
4 56 60 42 37 38
41 35 59 48 46 50
60 3 36 14 30 56
47 30 57 18 43 38
59 29 6 50 27 8
28 29 40 8 26 57
2 11 60 12 14 51
22 8 32 56 1 30
8 19 55 6 50 49
55 26 24 21 33 41
42 9 19 27 32 8
6 36 8 32 24 43
10 52 39 16 11 55
18 41 37 46 50 32
49 37 6 5 58 17
44 52 4 43 49 21
30 13 10 54 12 52
22 50 33 56 49 9
49 3 19 52 12 24
41 54 38 30 21 32
29 22 1 43 49 48
3 59 32 20 41 40
23 53 44 25 47 24
16 29 27 37 5 50
51 19 13 59 56 37
24 35 14 33 40 7
28 56 14 50 36 15
23 14 12 11 42 15
52 60 21 50 32 7
1 22 32 15 25 6
58 9 34 56 35 43
44 39 8 26 7 30
33 41 27 45 58 57
38 57 34 6 9 58
55 51 50 24 47 41
20 14 48 58 53 5
7 25 46 58 38 33
37 34 54 4 33 50
19 13 3 51 18 9
33 49 55 39 18 12
9 43 16 5 39 10
7 22 1 48 17 3
44 37 17 55 52 50
34 47 22 57 50 18
24 48 9 39 49 22
9 16 30 60 36 38
52 7 21 36 4 43
36 3 49 15 33 59
1 9 3 52 2 36
59 34 11 4 21 35
53 44 18 14 59 48
49 30 19 32 57 55
60 3 26 57 34 15
30 24 38 2 55 56
31 60 20 3 1 9
48 34 54 51 37 27
58 55 44 59 50 17
44 23 17 19 54 11
56 13 20 44 38 41
6 16 14 23 55 60
35 43 4 9 44 20
25 14 49 18 4 28
37 20 38 50 19 28
44 18 16 10 37 40
51 34 7 38 32 22
59 1 35 58 55 3
32 46 2 7 48 42
30 44 42 4 1 17
42 19 48 24 60 36
18 15 55 30 56 25
58 52 18 7 14 38
49 7 3 47 51 30
51 57 49 2 24 41
39 24 16 32 19 56
29 10 30 59 18 23
47 10 34 31 7 26
27 19 34 43 12 50
47 60 13 42 27 37
10 1 17 32 55 7
17 12 4 51 22 53
29 4 23 48 40 15
35 40 18 7 19 30
47 22 32 52 25 10
3 49 47 28 38 46
40 3 58 45 15 11
28 9 5 16 50 13
9 34 54 49 24 42
21 43 36 14 41 23
22 51 20 58 30 26
16 47 40 12 45 54
26 15 22 8 21 34
38 47 28 18 60 25
58 21 43 57 46 8
30 8 40 52 16 24
10 16 6 35 25 45
43 1 2 26 52 13
29 30 50 11 16 36
48 8 18 36 47 42
60 4 17 21 42 32
3 41 50 32 53 31
59 22 34 2 8 43
34 35 15 7 42 55
56 50 53 22 19 1
3 36 1 44 42 35
45 15 2 5 20 59
26 51 20 43 58 25