433
44 2 51 1 29 31
42 32 6 46 39 33
31 28 27 48 57 50
22 21 18 48 10 44
47 13 34 56 40 44
25 22 19 31 16 37
22 10 29 31 57 54
28 11 6 15 56 14
60 41 58 26 52 49
53 24 21 23 56 55
57 22 37 16 27 52
52 54 9 10 11 30
34 15 60 23 53 41
45 9 14 19 33 32
24 8 29 20 34 25
1 37 24 6 34 47
15 21 22 54 20 10
48 28 7 33 58 18
49 4 14 1 43 25
60 47 46 48 40 23
34 48 38 3 56 43
21 60 10 42 13 55
21 40 14 12 52 57
14 33 28 24 4 20
30 3 24 34 32 1
60 42 9 55 22 11
8 55 31 51 17 2
22 42 57 56 60 30
46 53 11 22 35 19
19 40 17 59 22 60
44 24 38 22 47 19
56 23 60 47 28 40
55 13 39 50 47 43
54 33 28 30 17 56
14 49 6 46 32 60
17 34 33 4 13 19
54 23 32 59 49 9
24 33 10 37 32 39
6 58 38 14 11 39
1 29 57 46 49 50
4 15 27 57 18 46
29 6 50 38 40 8
59 28 39 3 43 9
25 43 58 21 56 40
53 46 15 10 29 34
19 7 5 49 56 53
53 21 50 56 4 11
39 17 4 5 9 53
22 57 2 7 40 51
22 23 47 30 45 2
35 18 25 38 40 49
41 2 43 12 56 5
23 10 40 49 29 39
53 3 54 20 26 43
50 38 24 32 42 14
51 27 23 44 33 48
6 56 5 58 26 16
18 24 3 9 53 46
20 21 40 25 58 4
28 55 22 2 46 39
6 34 8 54 48 20
14 44 5 2 47 4
2 30 35 29 15 55
46 41 35 26 7 45
17 14 35 22 16 19
23 54 4 25 57 46
51 38 37 3 14 5
52 10 35 8 47 13
20 22 21 55 57 19
37 49 58 59 40 41
23 51 27 16 45 6
26 3 29 57 45 18
39 5 22 19 16 11
35 12 34 8 41 3
13 50 49 40 48 51
9 59 38 34 16 19
42 15 13 3 36 19
43 45 50 6 14 44
38 47 19 23 57 36
12 7 43 54 26 9
59 17 39 4 8 12
38 44 6 32 22 39
5 32 17 46 58 8
45 59 12 14 6 8
53 19 42 31 50 29
53 13 14 8 59 52
6 31 23 12 51 10
19 23 6 47 55 48
11 41 35 46 19 43
22 28 30 11 23 56
28 16 9 29 39 48
2 42 24 44 4 43
56 43 14 12 38 21
54 55 48 42 58 17
11 16 43 55 4 59
43 29 52 39 38 16
10 56 60 35 25 36
17 42 26 28 43 7
27 11 3 58 37 23
29 31 10 55 60 22
51 44 32 56 22 19
54 46 16 7 29 17
51 13 16 47 29 2
34 46 35 15 31 54
3 47 45 21 24 29
5 1 53 58 23 9
11 60 17 49 35 43
16 37 23 12 24 50
13 14 18 38 37 48
52 26 2 31 10 34
36 56 17 48 16 57
25 50 10 30 37 44
46 21 6 19 35 57
14 59 22 45 33 6
55 31 27 12 15 14
32 3 19 38 14 56
10 36 22 11 42 18
4 5 38 6 27 53
43 12 26 50 54 40
30 48 32 1 60 34
35 29 32 11 5 16
59 51 20 43 25 14
32 41 53 26 5 6
31 40 25 42 52 14
40 23 21 15 8 34
19 13 29 22 11 20
13 43 38 42 4 57
3 8 27 45 38 4
28 10 20 49 29 53
17 7 3 25 1 39
19 35 47 9 31 10
22 38 60 28 1 45
21 27 53 44 56 37
17 5 32 45 37 30
8 56 21 53 25 7
13 16 19 59 47 21
46 29 26 39 13 21
53 40 8 23 37 32
10 36 14 27 39 11
19 31 15 39 27 50
26 31 32 53 24 17
10 48 58 44 41 13
22 24 9 7 5 33
9 12 59 19 40 52
23 44 60 25 36 26
20 45 21 52 26 15
14 35 37 20 56 13
51 33 6 18 53 55
21 40 54 15 53 29
15 2 35 3 32 27
39 52 57 56 6 42
25 1 26 32 50 51
49 32 56 18 60 46
57 13 46 42 2 28
37 50 59 52 6 27
15 28 4 41 11 24
51 29 37 46 23 26
26 39 5 44 21 12
54 50 35 13 41 6
54 5 19 51 29 17
40 45 10 39 48 37
25 30 17 9 11 12
44 37 40 51 49 35
58 36 60 5 33 2
29 38 60 6 57 16
41 58 18 45 22 38
5 33 53 4 39 35
55 9 45 13 37 43
51 21 42 34 38 10
21 45 10 47 9 55
52 15 36 27 38 24
5 31 16 21 10 26
54 31 29 1 3 43
17 59 9 33 2 39
19 4 56 49 6 1
19 40 33 1 10 23
39 44 55 4 21 53
51 13 38 50 34 42
44 8 33 7 35 14
8 45 35 6 37 4
6 40 17 26 46 7
51 55 40 3 57 44
8 39 27 17 49 54
26 8 7 47 24 10
17 2 21 35 47 26
40 9 1 12 55 49
33 46 31 19 57 11
27 29 1 24 19 7
27 48 42 3 29 39
10 3 23 35 18 30
36 55 20 47 37 48
8 13 37 51 38 60
59 55 12 10 16 44
59 17 57 43 10 40
52 51 21 27 48 22
25 59 21 7 3 55
7 55 57 41 53 33
30 22 50 23 46 21
25 56 24 41 38 50
44 5 56 31 3 10
46 59 7 44 54 1
7 50 55 44 22 20
35 15 31 58 8 4
13 39 60 45 24 52
27 11 51 10 35 60
9 6 58 29 43 35
53 12 2 50 58 49
5 36 24 43 41 35
60 39 15 50 41 24
43 56 36 17 8 32
11 9 10 35 22 38
21 36 15 13 8 27
57 60 35 44 6 5
12 9 31 2 37 19
37 43 10 52 40 59
43 41 29 19 40 36
47 31 18 40 24 60
29 19 56 37 21 14
14 23 18 43 54 57
57 24 19 12 25 16
54 26 44 10 3 22
22 20 24 21 27 60
38 23 36 12 9 49
58 22 23 48 13 30
27 54 43 10 35 32
17 44 12 22 1 25
33 28 2 37 4 38
19 12 35 57 55 36
7 42 56 1 24 43
28 26 32 54 55 46
30 22 5 58 57 2
28 16 9 1 23 39
39 50 10 7 45 31
30 20 53 41 26 59
2 33 52 21 13 1
37 14 6 16 46 51
35 27 28 59 2 45
6 1 7 18 36 16
31 24 37 45 18 13
2 16 28 39 6 58
32 28 58 47 43 31
52 43 8 47 50 37
54 50 53 16 44 56
4 44 15 45 29 17
6 15 19 7 42 54
35 60 5 10 17 54
18 17 58 45 19 2
3 17 20 13 44 18
7 27 55 34 11 45
30 37 57 44 27 21
35 59 37 45 48 8
14 54 52 1 9 42
34 36 28 15 25 14
12 31 6 34 1 5
32 18 12 10 21 5
31 50 14 19 43 22
30 22 56 34 28 42
45 59 2 10 33 34
54 36 30 26 23 37
4 47 35 24 19 15
33 52 37 18 21 16
27 35 17 21 34 38
27 6 3 20 54 17
23 28 32 41 14 52
34 13 53 47 44 7
18 14 3 21 48 32
8 2 19 38 34 35
32 50 14 42 36 41
37 15 3 51 26 48
28 54 25 18 56 21
5 8 53 44 59 27
11 31 21 36 13 26
22 16 6 20 31 1
31 34 21 3 14 10
9 60 50 57 35 36
39 10 55 40 12 41
37 26 27 47 36 14
47 56 51 3 9 12
59 9 25 29 57 17
50 18 47 4 55 20
17 20 21 52 58 14
29 8 19 4 11 57
31 13 35 22 42 56
59 2 55 37 7 57
57 16 33 56 42 19
51 31 35 8 23 30
10 3 15 21 6 46
22 43 19 8 39 35
27 12 48 52 58 33
46 3 1 33 6 8
23 2 43 44 52 56
13 46 20 38 5 22
42 9 32 48 40 47
39 7 22 2 8 58
53 60 16 57 18 40
2 22 9 32 54 11
28 54 6 58 10 3
43 21 22 48 6 27
27 56 31 52 41 24
30 33 47 54 51 39
57 54 53 49 2 30
8 30 12 35 55 26
31 30 10 26 51 53
22 7 30 33 49 52
42 17 55 6 40 2
42 36 19 13 10 53
4 43 27 41 24 21
41 20 43 9 10 31
43 41 1 18 21 11
56 48 6 30 31 10
56 47 38 57 29 21
56 4 8 25 42 21
30 54 2 19 36 55
33 53 27 12 16 7
24 42 10 34 31 53
35 10 8 17 2 12
14 4 55 49 56 6
35 43 4 45 40 52
53 9 55 3 28 1
13 38 47 51 9 19
6 3 29 48 10 21
40 31 19 38 26 21
56 32 12 23 35 55
56 11 45 54 38 57
8 31 24 55 47 56
44 16 2 14 9 27
34 12 25 32 37 39
55 46 32 14 15 49
19 26 57 31 36 7
13 29 20 35 36 40
23 59 15 13 24 56
44 7 3 56 45 14
59 12 27 54 35 52
17 55 4 48 13 5
38 34 11 49 26 43
28 45 32 3 58 43
20 39 14 21 28 37
3 4 59 60 40 11
39 27 51 1 44 7
38 59 51 41 55 14
46 11 52 32 50 4
25 33 29 48 47 45
22 25 30 45 59 14
1 2 55 14 39 5
20 8 51 24 32 23
37 21 2 34 30 54
26 47 28 20 11 55
46 20 22 4 30 6
29 49 28 52 5 60
4 28 22 54 45 57
19 31 54 60 17 7
19 4 37 56 43 28
59 55 41 47 44 17
59 51 30 39 37 5
49 31 38 41 50 17
55 12 38 27 53 49
45 43 48 4 40 54
27 40 17 54 22 58
39 25 2 18 55 10
60 50 55 5 13 57
21 24 22 59 28 7
45 50 38 34 16 9
30 39 44 46 45 32
52 47 49 41 1 28
55 33 2 18 21 36
38 8 5 7 12 37
52 30 19 4 14 56
22 34 15 4 45 6
52 56 1 32 38 6
28 5 9 21 1 42
2 27 55 17 12 29
6 39 37 33 3 4
32 18 30 41 44 51
33 53 52 17 24 25
19 31 50 46 10 42
53 47 29 5 27 16
29 33 42 41 45 40
15 12 46 17 52 35
43 25 56 52 14 49
15 3 1 11 2 16
55 13 30 11 52 46
31 26 11 50 43 42
30 34 60 47 26 5
12 55 36 39 42 37
22 38 48 45 14 44
47 49 51 42 23 30
26 21 46 32 18 38
21 47 56 45 29 44
8 51 19 16 41 2
11 25 10 43 33 53
53 38 16 21 17 47
56 22 41 10 2 60
57 39 41 15 26 2
5 54 15 42 9 40
21 36 18 1 40 54
16 56 51 6 24 54
5 26 33 24 29 32
53 40 42 10 11 14
15 46 30 47 11 34
22 38 47 39 57 17
46 56 58 36 7 31
27 49 29 6 55 56
1 6 26 14 54 60
6 7 1 25 28 35
36 30 13 19 56 40
1 56 8 6 24 23
9 4 41 3 35 10
9 48 59 7 19 3
16 29 25 45 32 31
26 54 42 13 29 51
20 3 22 40 35 52
49 44 31 42 20 47
6 39 33 9 12 19
58 40 10 32 45 57
28 31 18 32 22 17
36 54 59 55 8 11
12 28 14 2 45 22
8 55 39 52 1 54
44 9 28 33 5 34
58 44 30 40 28 25
57 19 18 26 8 47
23 36 57 49 26 32
19 55 4 13 8 49
15 59 17 4 11 36
19 55 2 45 52 17
7 46 38 57 6 51
25 48 21 43 13 28
42 30 37 17 60 13
5 25 18 50 23 30
29 45 2 50 39 47
58 7 44 53 54 6
6 48 15 58 44 60
55 54 60 15 51 10
31 7 12 8 15 6