445
31 40 50 5 26 37
54 42 21 2 9 33
6 53 34 12 21 31
2 13 15 1 3 57
47 4 44 39 34 27
22 11 42 24 3 35
16 24 5 29 18 55
57 16 27 7 9 12
19 41 16 5 28 27
23 7 4 50 12 33
8 16 48 5 56 18
15 19 7 47 56 37
26 32 36 10 21 53
48 33 45 43 37 40
54 50 38 25 45 60
51 11 5 26 1 7
38 10 32 31 58 12
36 26 50 30 60 17
48 10 38 26 29 2
9 28 4 13 53 21
31 45 40 14 49 46
47 6 14 1 17 31
48 43 36 30 10 52
49 56 29 53 55 32
14 47 22 54 20 40
36 13 37 26 11 2
8 3 25 37 39 1
33 58 35 24 34 7
40 59 34 46 36 35
13 39 58 15 37 23
25 13 30 52 1 31
14 13 12 29 21 57
22 44 26 9 60 18
19 45 11 52 39 36
57 18 11 55 20 9
43 41 20 7 38 44
39 60 48 40 53 41
24 55 39 32 37 28
18 55 25 48 14 51
59 57 7 54 39 16
50 48 60 51 34 42
40 22 50 54 32 24
49 41 10 51 23 46
7 8 30 34 57 32
33 47 23 34 17 3
49 30 40 41 24 25
28 55 10 31 7 19
25 2 33 27 44 50
27 4 47 55 14 10
60 58 35 45 37 52
54 59 37 22 5 25
28 14 39 54 6 24
48 40 15 33 56 32
50 22 45 1 5 51
18 32 20 24 37 58
7 44 36 47 54 45
45 16 22 60 8 51
36 46 16 19 12 27
36 46 4 24 48 12
46 24 32 25 8 22
1 45 38 20 54 15
60 59 13 8 26 28
24 23 36 43 1 32
32 48 60 18 40 34
27 12 56 39 25 11
30 29 5 19 1 58
5 19 47 13 43 40
48 14 39 8 13 33
13 60 43 46 16 48
56 53 25 24 58 23
60 53 38 43 30 51
8 59 22 39 14 13
51 6 56 21 36 17
39 36 24 26 30 47
35 17 2 15 16 54
21 45 52 15 22 57
19 20 29 34 10 2
40 43 32 45 15 3
48 4 58 14 30 40
31 12 6 26 18 51
19 44 57 30 29 40
5 39 7 22 17 10
56 37 34 8 58 7
58 3 59 31 35 4
55 34 26 35 50 56
26 41 11 31 57 5
20 4 42 48 28 3
35 56 4 2 11 53
9 22 15 2 32 28
29 18 19 30 56 31
20 21 32 57 3 56
6 25 2 34 41 52
8 6 36 55 23 25
7 31 12 44 1 5
51 29 31 15 4 57
37 59 15 16 10 13
37 21 30 38 15 35
5 4 16 24 3 9
1 26 59 56 29 27
16 8 48 2 36 20
10 15 25 21 9 13
49 55 1 37 21 48
42 41 14 38 8 23
52 14 41 51 21 22
46 54 21 35 44 47
10 14 20 46 17 41
1 12 27 58 32 18
51 41 23 29 43 39
47 28 8 21 51 29
60 21 42 56 9 27
47 38 26 40 56 42
52 13 1 16 53 39
17 36 25 15 40 45
30 35 54 16 44 58
22 36 40 7 48 13
12 60 36 27 1 39
13 5 29 15 8 49
23 22 59 35 9 16
42 55 60 31 21 50
38 11 1 59 36 60
43 48 29 19 26 40
47 56 40 43 54 41
24 19 10 9 28 11
13 15 49 5 42 3
45 16 34 47 48 26
44 37 54 7 5 9
38 8 56 11 19 29
50 11 16 60 42 9
22 1 59 2 58 54
1 8 26 3 49 52
33 20 1 53 40 26
7 38 2 10 23 51
36 35 50 16 49 38
50 31 43 52 14 46
36 57 39 1 48 16
47 9 19 15 40 44
60 52 54 39 44 24
31 5 25 3 2 45
19 9 1 51 11 44
3 9 12 30 19 34
53 34 30 52 43 11
13 33 25 8 26 39
42 49 29 11 15 31
44 48 41 9 55 52
9 1 57 54 4 30
25 48 33 28 19 5
16 1 2 59 44 22
44 39 45 59 49 29
52 29 48 36 26 39
46 31 44 24 60 8
57 59 12 1 11 58
29 35 39 54 27 58
24 1 8 30 15 38
26 27 23 39 1 52
48 41 8 52 36 1
43 4 60 11 41 9
28 22 31 51 25 32
41 54 36 24 37 13
46 18 20 50 8 41
57 14 25 37 24 3
25 23 5 56 24 15
59 57 55 60 46 29
57 58 21 27 5 32
45 28 58 8 30 19
49 1 32 21 42 53
25 55 15 18 11 22
23 51 6 55 29 4
57 44 35 18 41 29
59 9 30 24 55 1
57 51 48 52 20 2
21 45 27 28 38 32
35 31 37 40 14 58
49 19 37 48 40 11
31 43 1 3 59 22
57 55 37 2 19 42
35 50 47 38 15 25
23 1 15 19 55 25
22 3 57 48 12 21
54 35 58 49 12 47
32 9 53 43 60 28
6 1 7 24 21 54
57 52 58 30 2 55
11 18 28 14 2 21
15 10 16 7 58 57
10 7 15 54 37 38
19 13 50 24 33 47
48 54 49 46 21 56
24 31 23 59 19 56
5 37 31 24 16 42
4 57 60 16 31 36
41 7 13 50 19 33
8 14 5 55 9 4
23 8 45 13 50 18
30 27 34 25 22 14
9 31 25 53 12 52
18 19 48 10 27 55
59 9 19 52 47 25
9 35 17 12 54 24
57 46 41 17 28 45
22 54 25 53 45 21
41 50 29 12 31 54
8 16 59 4 24 38
28 48 31 51 12 8
58 15 19 22 36 25
39 43 2 52 9 54
39 48 21 44 11 22
33 45 52 42 24 8
37 19 1 58 29 48
51 48 3 15 37 21
11 35 1 59 13 39
24 47 57 6 56 1
3 58 24 55 42 13
46 36 43 17 13 25
18 36 14 39 33 17
6 3 27 13 40 1
28 16 31 6 46 11
43 35 42 49 15 39
40 45 14 4 37 31
24 17 55 6 47 38
57 25 29 6 48 23
48 9 4 27 38 3
44 43 21 17 47 16
57 38 6 5 22 10
49 27 45 40 42 14
58 40 50 26 22 34
49 45 43 13 58 3
58 23 10 7 8 39
58 59 48 28 26 2
60 51 17 28 7 42
35 18 13 55 23 4
48 10 46 11 6 18
59 50 39 32 15 48
17 60 9 54 32 2
16 4 33 57 48 1
30 10 40 59 37 31
12 17 50 23 54 22
48 42 58 54 14 16
59 42 51 37 43 22
13 24 15 41 8 23
58 37 47 35 25 6
2 17 11 3 31 14
33 12 51 18 45 59
59 32 26 28 47 3
25 5 28 9 22 57
7 48 13 19 57 60
44 2 48 51 9 18
32 14 23 55 34 58
12 25 10 36 42 1
38 7 50 29 56 14
11 23 55 50 33 52
45 16 51 27 19 43
45 12 1 20 56 46
14 46 38 55 3 18
9 15 29 8 13 55
17 57 54 41 26 58
30 43 42 11 2 60
15 47 2 39 58 23
14 30 50 31 56 25
30 25 14 18 19 41
46 52 41 47 53 55
23 24 43 44 39 20
13 38 27 22 20 36
47 39 10 14 3 52
18 45 1 4 31 42
39 42 11 9 51 47
25 23 50 3 5 42
5 42 15 8 34 14
34 37 39 38 15 27
58 43 45 51 23 17
9 7 50 39 21 54
49 34 35 25 2 44
34 53 48 4 41 60
22 43 6 48 37 52
45 7 14 32 26 1
21 41 20 13 46 24
34 18 12 4 16 31
56 48 36 52 17 41
10 27 5 59 4 44
43 59 53 41 5 28
51 48 30 31 38 5
3 35 59 33 1 41
39 5 57 18 10 2
37 49 24 23 32 39
11 42 59 43 50 7
45 48 37 19 59 17
3 56 37 7 32 53
32 36 35 5 9 3
46 53 11 9 23 28
39 22 35 55 41 53
28 40 11 20 37 10
35 28 26 29 54 5
32 20 28 22 49 8
8 7 56 46 59 33
60 4 58 56 54 1
46 39 18 12 36 51
17 50 56 10 12 9
15 22 37 25 27 1
7 52 31 9 37 13
15 52 49 41 27 12
26 57 3 21 52 7
35 46 34 37 57 55
8 50 52 22 9 45
24 51 12 20 16 57
46 43 11 42 40 17
25 19 10 46 39 58
1 5 6 44 16 50
16 21 55 7 32 18
30 41 38 58 47 37
58 37 31 15 35 25
47 60 9 30 11 53
54 50 14 18 57 46
53 25 23 45 11 51
58 34 12 1 25 5
43 59 44 31 54 52
42 25 41 35 52 36
25 27 33 6 44 52
23 16 22 24 27 4
46 27 11 57 48 58
48 31 8 14 45 58
45 3 2 46 43 16
49 52 47 50 23 1
44 11 40 1 58 35
28 8 26 41 25 23
10 1 48 36 17 42
24 43 15 56 48 58
25 34 46 21 44 16
17 26 2 18 47 21
7 53 48 36 11 32
57 60 12 49 1 55
23 41 24 44 16 7
46 35 18 1 38 14
29 36 33 19 17 32
57 45 48 39 51 44
11 17 45 1 43 32
20 37 44 48 58 31
44 42 16 55 33 50
26 50 35 38 29 6
35 55 2 1 19 44
11 56 40 8 7 13
25 2 1 46 35 13
38 35 56 13 48 27
32 23 9 45 13 37
5 15 2 47 18 52
27 29 43 14 12 47
60 39 53 20 46 13
22 57 40 43 20 54
59 26 7 49 42 24
18 56 60 6 49 45
59 26 36 25 54 41
15 10 52 23 6 17
29 13 58 56 23 1
11 39 50 18 42 26
24 52 5 12 17 41
44 34 52 55 43 15
9 55 23 5 40 57
55 18 34 16 31 48
33 57 47 22 24 20
3 37 11 9 35 34
32 59 4 9 16 15
60 50 3 13 54 57
22 57 51 54 11 59
11 7 58 38 55 41
45 58 49 59 27 55
12 37 44 58 22 13
10 21 31 4 34 43
36 29 47 48 45 50
45 17 18 38 6 59
58 30 39 60 26 44
49 5 23 26 40 17
6 53 50 55 38 39
2 7 58 40 50 46
23 55 12 45 1 3
60 43 48 19 39 14
6 51 58 28 26 41
4 54 46 35 28 48
11 21 4 42 32 38
15 53 35 16 10 40
41 39 1 16 30 53
20 42 58 31 6 1
30 25 24 47 37 49
40 39 21 12 22 27
16 22 9 4 55 45
29 55 44 12 11 3
29 24 31 13 23 47
42 54 20 60 50 10
37 51 28 57 30 23
6 5 24 14 19 23
47 31 50 8 43 6
28 58 12 40 48 46
17 38 34 1 39 28
55 57 4 25 53 31
20 53 38 25 48 37
44 30 19 36 29 22
53 7 25 10 27 43
16 3 43 14 44 39
46 44 16 19 59 7
5 43 51 17 9 55
43 4 21 29 54 27
41 20 53 23 35 59
35 59 41 56 13 21
42 27 25 40 13 9
46 22 30 5 25 51
45 28 26 9 56 18
25 22 9 48 34 42
29 28 55 47 44 26
57 33 29 3 26 49
28 23 3 17 54 5
39 4 23 56 34 33
53 39 17 1 8 35
5 47 38 33 28 44
1 14 17 11 4 18
6 15 40 17 46 51
9 48 27 16 8 20
51 21 60 23 3 30
33 43 20 31 55 58
13 7 55 10 48 43
54 25 3 44 43 18
20 38 10 45 7 24
51 56 3 7 11 36
26 23 29 19 45 31
58 40 10 28 51 29
9 17 10 35 44 34
51 28 29 11 12 1
35 2 31 53 43 51
1 6 31 10 25 56
28 8 53 51 55 50
15 37 7 27 3 58
23 56 60 49 39 8
58 9 20 44 7 3
34 10 33 36 12 5
13 57 53 12 32 16
7 3 17 52 21 36
25 41 1 5 8 49
3 39 15 51 10 33
52 23 28 18 43 22
5 10 36 9 14 50
19 46 36 35 38 43
46 58 11 33 55 25
7 10 23 34 12 29
17 28 58 18 54 10
60 40 10 47 56 51
58 5 10 34 12 18
22 58 8 16 14 29
52 41 26 57 24 58
55 24 31 59 9 4
59 33 54 42 30 35