69
55 27 44 4 10 19
18 22 44 34 40 46
41 13 27 11 23 20
28 17 54 46 49 6
47 49 38 44 13 10
22 3 17 37 27 56
45 56 10 24 21 40
14 40 42 5 33 9
45 59 5 46 22 48
41 51 43 29 36 33
46 14 13 2 18 8
19 24 6 11 12 51
26 6 59 57 12 48
57 56 3 29 43 16
28 10 5 30 56 52
4 33 57 55 8 54
21 30 3 18 47 12
34 37 28 8 57 56
49 12 47 31 57 51
50 27 37 57 22 60
55 23 1 58 53 54
15 29 19 59 58 51
14 45 32 19 13 5
10 45 2 34 56 12
42 22 24 7 37 5
31 2 36 32 51 34
28 58 40 20 51 10
51 24 39 50 21 29
1 10 56 50 22 35
36 2 8 39 59 30
34 25 10 58 22 55
45 25 1 37 11 24
49 29 7 38 11 37
25 35 2 59 30 47
40 43 54 4 7 22
23 59 57 24 29 49
13 32 2 9 41 29
27 38 22 20 30 25
36 56 20 51 5 12
36 3 57 21 30 23
32 12 58 57 45 6
14 2 28 48 25 4
33 23 8 38 16 56
60 12 33 30 3 14
60 29 38 5 57 45
36 51 14 52 17 6
27 32 45 50 47 54
54 6 52 33 49 58
20 45 17 47 46 28
26 52 57 14 4 47
36 53 18 56 45 1
2 25 17 7 53 14
7 25 50 8 34 16
25 53 39 45 24 26
31 36 44 39 33 41
51 57 9 38 30 49
3 14 47 11 37 58
50 42 35 10 15 6
47 45 4 8 11 60
17 59 45 39 26 38
38 14 16 15 17 24
43 9 50 60 25 56
60 3 27 12 46 45
7 52 9 36 38 39
13 12 27 30 18 47
7 43 48 12 35 5
18 52 37 8 43 30
56 21 40 10 23 5
39 51 10 24 13 44
26 29 45 12 19 40