370
18 17 16 35 5 27
23 24 30 33 54 7
46 20 40 17 5 31
37 27 55 13 17 22
18 21 13 16 2 56
12 27 14 22 59 31
41 60 34 22 40 33
45 40 8 10 9 39
23 47 7 43 35 28
25 53 11 34 4 42
50 8 14 58 45 40
20 49 38 7 8 30
23 9 6 32 22 16
58 60 14 2 51 33
37 14 40 56 2 25
49 26 54 44 8 55
11 41 21 33 7 37
34 23 8 1 57 45
40 33 48 52 29 6
19 23 31 4 60 18
20 23 58 54 33 35
42 9 56 58 43 38
9 60 21 37 31 30
5 52 3 17 58 19
16 34 14 45 11 55
45 56 40 36 27 17
15 47 27 33 59 55
41 10 17 22 11 20
24 3 57 26 14 11
44 52 26 37 23 6
60 39 36 12 44 18
39 45 11 19 33 2
38 47 25 12 9 56
30 32 2 7 8 52
47 41 38 59 46 11
13 33 44 31 3 18
23 50 42 5 3 32
35 6 29 21 28 17
22 10 21 36 46 3
39 33 20 4 49 50
32 29 4 44 28 55
32 19 24 45 23 52
15 40 57 29 8 44
19 24 30 3 22 10
16 58 45 39 20 19
59 31 21 1 2 34
17 13 10 21 14 4
5 37 7 14 8 45
27 59 32 58 56 31
14 3 46 27 11 6
46 43 2 44 51 20
59 9 4 35 15 29
55 45 16 2 36 12
60 50 42 40 46 12
22 20 15 4 30 23
57 4 25 20 52 51
49 3 54 29 7 1
45 39 57 46 10 2
34 30 33 4 12 32
8 25 10 54 14 51
11 2 40 44 55 51
24 2 45 58 20 5
12 19 42 58 51 30
53 22 40 50 24 27
5 50 29 10 56 11
43 55 14 9 32 6
32 28 2 10 27 29
17 9 50 20 44 28
51 58 55 56 48 26
44 43 22 30 21 19
23 51 10 6 28 19
9 29 44 58 41 49
28 4 48 40 41 35
20 53 55 42 56 32
4 48 40 26 13 53
10 12 20 50 3 29
60 34 59 17 32 25
23 35 36 51 26 39
14 27 49 29 53 46
29 35 5 45 60 13
53 17 54 60 58 42
60 23 7 32 39 52
42 10 37 24 17 14
31 60 51 3 45 55
24 47 15 17 37 13
24 56 21 3 26 41
20 54 6 30 46 43
52 43 32 47 35 31
60 41 42 38 17 1
46 5 35 23 50 3
25 27 41 15 43 36
14 48 52 38 7 40
3 26 42 6 32 49
22 14 8 35 26 19
57 24 49 54 52 41
2 25 32 26 6 56
51 34 24 46 53 59
9 6 33 55 52 21
33 3 20 27 49 39
36 9 19 45 34 43
1 17 52 53 55 57
58 42 8 11 50 15
53 43 52 13 36 48
26 11 22 34 59 21
47 35 51 19 36 14
30 2 34 46 57 37
18 56 55 2 41 42
52 58 60 51 4 42
2 40 4 38 60 47
19 60 38 12 34 48
43 48 60 56 40 12
12 39 15 11 53 58
34 51 31 42 15 7
51 50 18 39 34 44
2 51 29 11 34 53
22 45 35 14 38 60
20 57 54 56 48 17
49 2 60 4 11 32
26 52 16 1 58 31
43 42 40 51 44 41
45 11 32 13 31 28
29 31 50 49 21 11
13 51 40 14 53 46
17 23 34 5 40 7
43 16 18 54 12 35
18 21 41 37 46 53
3 37 52 16 33 14
15 42 60 23 59 24
19 13 49 58 57 43
50 58 49 59 24 16
7 44 59 33 9 35
48 1 24 17 9 14
46 32 28 4 45 49
51 44 46 22 1 36
3 2 54 50 49 41
43 40 13 18 30 4
16 58 47 21 14 48
54 4 8 59 28 31
4 25 37 45 17 5
47 41 10 49 6 45
34 52 50 12 22 39
18 40 8 16 7 38
20 11 32 16 29 51
23 41 25 54 40 59
26 32 37 23 53 6
8 51 10 17 45 39
10 46 60 11 31 13
29 14 58 24 4 56
30 57 38 54 24 34
44 10 18 27 21 57
45 8 46 47 20 21
42 29 22 39 49 25
50 17 44 6 54 40
53 6 48 12 59 52
50 45 35 31 34 39
30 36 8 40 3 53
21 47 19 56 59 30
39 12 47 6 57 52
21 3 14 34 25 28
43 29 52 34 44 36
14 6 22 53 23 32
59 2 44 1 28 49
38 6 45 47 10 8
54 43 36 26 2 8
30 3 16 43 57 31
60 7 6 3 54 11
59 44 41 4 15 19
7 45 52 5 42 58
16 29 24 2 12 11
43 12 60 39 45 2
31 48 41 30 52 50
16 19 2 10 21 34
54 6 7 4 42 24
54 50 34 16 48 3
7 50 54 41 39 49
25 52 28 14 37 60
28 7 15 41 55 3
27 43 21 8 24 5
20 13 49 25 44 52
44 55 15 12 7 40
3 2 58 28 41 37
16 11 25 34 32 31
57 32 49 33 11 16
60 28 43 7 50 39
57 8 19 2 42 49
23 35 51 17 14 8
19 32 12 11 45 3
12 37 57 6 47 44
21 43 45 22 15 42
46 15 55 50 40 30
11 55 47 12 60 19
12 30 49 55 50 31
24 3 36 6 12 57
27 39 30 23 1 19
46 28 47 59 1 33
17 56 32 46 14 29
32 47 27 53 22 26
15 44 48 50 56 2
43 35 21 8 51 9
11 13 30 49 52 31
22 60 21 49 52 25
54 45 30 5 15 9
3 50 13 46 59 7
30 35 16 50 32 43
3 51 27 5 7 56
16 39 43 17 4 45
58 43 36 19 40 29
47 59 44 39 54 11
1 31 41 15 50 10
19 33 55 34 23 56
1 28 20 45 14 55
18 1 42 13 23 17
46 45 21 17 53 18
10 2 11 51 33 59
25 6 53 59 40 33
38 40 42 49 7 6
34 33 52 28 21 55
31 59 56 49 41 40
21 17 53 55 24 34
33 50 1 41 49 13
32 34 3 25 30 47
23 5 39 27 53 6
11 47 39 42 4 10
59 26 24 52 54 22
40 13 3 47 1 23
16 38 54 35 53 30
6 16 29 50 35 43
43 5 36 29 56 35
1 8 43 27 55 37
20 50 46 34 30 44
27 45 55 19 54 47
15 32 42 36 24 22
3 42 49 37 59 38
6 59 58 11 32 23
19 41 50 26 38 54
14 44 60 31 13 54
20 9 38 33 35 17
43 42 58 50 18 55
17 20 41 45 7 53
9 35 26 46 2 11
25 46 50 54 34 60
13 8 46 6 37 16
4 31 55 60 57 28
36 49 42 18 2 51
1 16 39 36 44 32
26 48 49 40 7 27
1 18 19 40 4 48
7 4 54 44 5 48
19 51 31 24 38 26
12 6 19 43 5 49
4 58 15 8 13 28
2 47 10 32 53 39
2 56 20 33 14 34
9 52 25 16 46 10
11 2 53 18 22 36
27 57 51 41 38 54
27 46 45 49 25 35
14 29 54 23 51 5
31 14 8 18 24 12
20 32 13 52 29 34
25 6 15 32 4 9
3 41 11 57 16 33
24 26 22 60 2 45
58 10 31 52 45 44
26 15 11 18 16 22
60 39 35 24 44 14
56 53 22 59 41 50
27 32 50 52 22 30
23 28 7 24 44 11
28 44 37 6 9 56
42 47 18 7 56 48
22 15 44 31 58 8
27 20 57 31 13 4
28 47 10 29 53 31
7 4 17 30 35 58
57 28 17 42 53 16
41 51 22 52 56 26
51 19 11 47 25 39
59 8 23 24 38 42
45 47 22 13 41 27
26 47 13 27 2 22
31 12 8 58 16 22
27 14 50 24 6 31
10 59 17 45 33 29
47 42 38 10 20 1
41 39 59 58 46 50
7 53 2 51 15 10
2 49 22 44 30 39
29 14 44 24 27 21
30 48 21 33 44 35
24 43 25 33 1 38
2 12 31 23 4 60
11 26 5 25 46 1
43 13 25 30 33 31
10 51 43 36 20 29
41 8 38 35 21 4
41 25 46 10 31 15
36 49 24 42 60 52
41 30 49 15 2 50
55 49 59 33 41 11
41 6 44 18 13 21
3 40 26 13 49 37
47 23 40 52 28 22
11 35 12 33 26 23
4 20 21 19 30 45
53 17 2 19 13 9
15 33 39 40 31 50
58 8 48 37 20 29
37 45 31 8 29 55
30 7 8 41 9 19
29 35 52 24 22 10
25 2 6 34 9 43
27 13 19 41 20 7
39 51 60 25 11 31
55 52 60 49 8 35
26 37 28 32 13 2
10 23 31 53 24 1
42 27 55 17 22 3
4 43 33 10 53 57
57 22 37 58 26 5
29 36 14 42 27 12
16 41 51 27 5 35
54 24 28 21 38 29
11 17 7 59 6 5
3 20 19 48 6 40
45 11 38 43 15 26
60 37 57 2 49 23
44 3 20 5 48 34
33 12 59 55 39 10
21 13 33 31 55 18
56 15 48 35 11 38
15 47 53 38 56 44
25 37 4 29 22 32
31 41 16 10 45 29
52 25 7 58 4 27
47 41 8 49 9 55
56 23 17 5 16 36
20 36 3 31 19 47
31 29 22 6 21 45
47 5 54 20 7 48
55 31 50 39 17 29
55 44 11 12 50 59
28 36 7 47 20 33
34 7 12 58 23 55
55 29 40 53 36 57
1 9 23 16 47 30
11 38 29 53 34 19
54 29 59 55 31 30
59 18 1 12 40 37
53 58 19 3 48 23
2 4 33 14 52 16
55 19 41 37 36 38
48 38 55 27 12 50
4 5 11 7 18 42
25 11 51 22 47 6
55 40 39 9 27 42
39 55 32 35 47 37
48 18 58 39 14 30
11 54 9 29 58 37
42 23 9 13 28 26
37 24 43 18 50 57
32 9 12 14 28 16
10 39 35 38 28 25
58 3 20 57 1 32
8 58 41 10 45 46
41 4 2 14 8 26
50 10 1 45 11 34
43 12 28 40 14 20
38 2 50 22 14 51
16 57 39 37 4 60
60 50 47 20 25 55