154
27 34 6 35 10 32
57 52 56 10 29 8
55 3 58 13 18 34
12 28 30 15 38 32
36 56 12 20 4 48
1 57 7 59 23 25
12 57 43 6 21 54
14 23 20 30 19 1
8 21 29 36 55 41
9 31 45 7 5 3
11 34 57 44 48 33
14 18 22 42 60 11
27 26 28 39 19 15
49 41 52 13 24 18
3 21 60 50 11 47
18 9 12 57 24 34
21 48 23 59 30 38
10 33 4 54 32 49
31 35 43 42 21 27
9 39 48 2 35 45
8 27 51 40 17 28
49 50 46 53 60 5
59 57 56 8 5 26
35 15 56 38 16 31
9 1 55 7 28 10
37 57 51 10 58 48
1 23 38 2 12 36
53 45 50 5 56 40
14 42 60 26 6 53
57 25 33 2 27 52
20 3 43 45 51 58
20 44 8 56 15 58
3 49 32 16 57 23
44 11 58 36 30 15
1 14 29 44 26 60
5 36 24 57 17 12
44 47 56 5 42 49
51 9 14 18 34 42
57 21 39 58 12 46
5 19 14 54 38 30
40 9 11 5 48 2
6 29 19 3 20 59
56 11 4 44 37 3
5 44 59 35 56 14
21 44 11 6 56 19
28 4 59 45 30 7
41 48 1 51 8 30
13 22 26 28 23 47
45 44 16 23 60 1
21 9 4 3 15 48
31 45 41 19 22 20
35 4 28 57 54 12
6 1 45 9 47 29
10 46 6 48 41 39
45 36 17 57 4 53
7 29 40 41 47 5
20 60 53 37 7 17
39 44 30 2 13 21
11 13 25 55 54 45
60 57 52 27 25 1
41 16 54 36 44 57
50 6 5 19 16 40
19 27 55 33 49 35
44 30 58 60 13 59
7 33 55 47 2 1
21 22 6 41 17 30
24 14 43 10 44 32
10 60 19 9 17 16
55 47 14 43 10 57
7 21 49 16 2 59
23 29 54 40 60 44
51 53 47 39 10 45
13 12 44 26 23 15
52 31 27 59 9 38
24 18 56 20 42 33
35 9 52 34 13 37
50 44 14 12 35 32
20 49 31 58 1 55
44 23 29 50 51 39
6 26 56 54 44 11
16 12 13 41 15 1
15 52 28 29 6 59
44 11 3 19 31 42
32 59 41 10 16 28
50 60 15 58 10 17
60 19 36 52 5 35
15 43 1 37 14 17
55 3 11 40 57 25
13 59 34 44 47 43
1 51 50 49 47 10
42 48 9 31 36 50
21 47 53 19 17 14
7 12 24 42 1 26
25 27 6 13 3 16
26 27 51 23 34 32
36 39 50 25 9 43
28 54 48 9 59 50
27 45 14 48 60 32
47 32 17 39 6 53
35 52 51 58 8 26
44 55 7 47 25 54
32 52 29 3 28 51
33 32 9 5 51 49
40 4 24 51 16 7
46 23 52 29 34 19
32 14 7 37 49 11
46 37 47 43 34 29
8 20 44 25 4 34
53 6 39 23 20 50
49 29 31 51 58 52
52 19 26 7 28 2
52 28 19 14 57 42
37 48 58 49 3 35
38 44 14 40 11 16
53 37 30 60 17 10
20 28 55 8 40 45
17 23 52 44 50 10
29 36 40 23 18 26
46 30 34 36 17 33
46 11 40 38 13 53
9 20 7 11 3 52
6 60 13 34 3 5
58 26 51 18 42 22
15 47 37 9 28 31
59 46 35 5 48 27
53 24 29 13 34 47
14 15 52 56 28 44
39 56 37 7 54 43
45 51 50 3 13 57
27 57 38 58 53 6
7 43 58 39 12 35
52 25 20 37 2 11
48 35 52 30 36 5
7 24 50 15 14 42
4 39 7 48 10 24
21 17 5 1 2 11
1 25 51 46 11 33
1 11 49 8 23 57
16 39 29 22 3 53
58 32 11 28 15 5
58 26 23 56 10 39
8 54 6 53 2 17
12 42 7 35 16 31
9 34 32 39 23 42
29 48 40 43 1 30
51 5 39 44 29 53
47 16 12 46 57 34
53 26 15 43 30 58
14 12 9 47 34 60
54 7 24 29 50 15
41 7 59 14 51 55
53 57 5 13 10 21
43 19 44 37 2 54
12 14 45 19 4 53
10 42 48 16 49 31