195
38 42 49 56 52 7
35 9 3 28 20 37
1 18 46 44 45 47
39 23 44 19 59 11
6 45 60 51 55 52
36 54 38 52 33 24
46 40 52 9 41 16
58 48 16 29 41 47
21 42 10 49 18 5
49 37 22 36 5 1
14 6 54 24 23 10
49 57 58 53 31 48
31 60 40 10 5 6
56 44 39 14 29 25
54 33 57 2 27 59
33 60 21 58 7 14
28 1 47 12 21 52
60 42 10 56 24 20
46 8 33 60 47 37
41 53 25 28 58 24
22 21 48 8 24 5
14 34 39 27 23 46
52 43 14 21 29 33
56 41 55 14 8 45
59 39 9 57 4 12
1 32 28 39 44 53
44 4 12 7 30 11
56 45 10 37 36 41
40 21 37 52 12 47
8 28 51 13 19 9
43 41 11 58 26 56
47 49 3 51 23 60
28 22 2 13 20 17
43 48 3 7 4 39
44 40 9 20 36 47
10 8 6 4 2 43
52 37 15 60 22 9
30 43 28 27 58 13
22 16 58 32 51 24
21 29 5 38 53 45
18 15 44 39 1 10
31 24 5 13 27 54
37 54 34 5 57 19
2 38 48 34 36 7
6 11 30 44 9 57
39 25 18 28 15 4
57 8 17 31 41 45
26 32 4 60 13 21
60 30 53 39 49 34
2 25 28 45 46 53
55 58 7 52 50 59
7 46 39 15 59 20
16 29 17 32 44 25
16 1 11 38 48 56
52 4 7 49 51 11
45 7 6 48 58 2
13 53 45 36 20 48
13 27 32 31 10 42
48 2 24 21 49 3
35 28 16 32 17 31
24 21 50 40 56 3
3 47 58 57 51 48
57 1 21 58 13 38
11 26 21 4 13 8
3 45 12 50 1 10
23 5 18 16 20 1
30 41 57 21 22 32
9 58 11 42 18 23
34 42 47 48 43 15
52 58 23 57 38 25
41 36 20 34 8 29
45 47 42 53 3 10
22 60 10 9 25 33
56 50 20 52 42 36
26 9 37 38 44 8
5 27 59 47 60 41
13 59 52 20 5 9
50 12 7 59 13 45
46 3 4 1 36 60
21 17 11 13 8 51
24 9 33 46 27 51
55 7 51 8 29 46
9 17 39 30 3 60
32 40 19 46 10 15
19 30 9 32 40 22
50 26 9 51 13 48
10 57 35 32 30 17
60 36 54 14 20 34
35 5 23 58 59 25
20 40 6 29 1 30
30 40 51 3 4 20
58 34 42 43 15 54
7 13 12 57 33 2
53 59 54 28 25 38
53 57 8 12 18 10
20 51 14 6 16 55
41 49 28 7 6 16
18 5 8 15 40 3
22 31 42 10 40 27
58 23 41 50 1 2
45 27 5 56 59 32
1 22 11 7 49 25
46 20 56 14 35 59
15 3 56 20 4 19
50 58 23 36 44 55
41 37 27 23 50 33
29 13 9 4 19 3
57 18 44 48 9 49
17 9 18 57 31 54
36 57 26 51 50 21
9 20 49 35 5 13
13 60 39 2 12 35
1 19 35 15 11 52
27 28 13 34 26 14
42 41 58 16 8 26
45 55 12 20 18 15
29 56 13 45 46 49
34 31 30 50 4 53
37 54 3 29 19 4
32 5 43 25 8 53
10 30 58 2 28 23
26 52 3 45 22 29
7 30 8 45 4 47
38 8 10 57 36 33
51 18 20 4 21 44
58 54 24 38 3 45
7 42 56 8 30 53
31 22 44 23 53 14
55 4 18 2 44 59
39 30 16 9 49 36
3 2 17 36 1 28
60 14 4 47 49 57
28 27 55 47 6 51
25 58 1 14 49 51
33 54 29 17 45 27
21 46 1 24 38 19
55 35 13 31 56 15
20 54 24 7 1 59
7 58 36 44 55 11
38 9 15 20 6 4
33 31 41 23 40 44
41 54 55 47 22 50
7 34 6 10 28 39
26 44 17 18 49 39
9 56 14 1 60 3
59 37 56 17 4 28
9 20 38 25 37 52
43 25 57 29 37 27
52 19 41 13 56 18
6 10 21 43 49 50
11 19 22 26 51 21
14 38 4 50 36 58
28 22 50 59 11 4
19 56 18 50 48 32
57 38 20 35 45 15
16 44 12 10 35 1
7 42 2 16 60 13
19 25 33 53 48 55
60 49 44 22 26 25
50 59 18 44 54 16
34 59 58 9 36 39
12 16 8 3 30 15
15 1 18 44 53 20
51 26 2 55 22 47
30 20 47 56 16 12
28 43 48 22 33 27
10 27 3 9 15 46
53 52 47 17 54 32
31 38 58 2 5 12
11 31 52 51 9 56
26 50 7 8 14 33
40 44 36 10 14 7
37 35 57 58 32 46
32 44 35 26 49 28
26 31 4 2 8 48
20 5 60 19 42 52
10 21 25 53 56 36
13 7 52 20 31 17
42 45 27 33 24 29
54 39 51 27 42 26
35 19 2 40 51 49
45 17 30 37 8 10
51 25 60 1 46 53
56 3 43 13 15 57
55 48 12 8 20 60
60 49 4 14 15 23
2 60 5 52 38 13
47 31 58 2 35 32
23 21 49 20 17 54
54 51 39 33 25 3
22 3 48 27 40 15
59 56 53 33 45 4
21 47 45 32 27 35
21 22 39 7 41 56
58 3 4 19 7 34
27 55 47 31 42 10