52
13 43 24 18 3 11
46 11 43 41 35 30
29 56 19 54 6 12
47 7 57 44 43 30
35 41 32 29 40 2
47 50 8 42 56 39
5 49 13 3 44 26
41 27 17 22 8 32
5 32 18 50 24 46
9 5 50 55 52 45
45 37 58 17 60 55
25 16 45 3 40 48
5 51 27 38 23 59
47 48 5 4 1 56
45 48 59 4 41 58
27 10 31 18 16 9
6 4 34 20 31 38
4 13 45 50 48 1
16 28 21 58 17 11
15 45 34 39 3 37
34 5 7 19 40 41
32 24 29 9 18 51
28 3 5 40 42 10
14 7 33 8 21 36
55 21 59 10 52 43
30 52 51 59 17 19
38 28 50 46 5 4
44 16 15 57 17 10
59 54 45 1 23 58
27 14 25 51 49 53
20 8 49 23 45 56
59 35 7 24 32 25
58 9 37 29 35 12
60 9 47 18 43 1
10 23 3 15 53 29
41 24 31 48 30 21
51 43 26 16 31 58
30 53 57 18 14 15
23 57 18 20 30 16
40 45 39 19 12 43
56 54 50 59 60 57
20 40 46 9 44 42
6 34 3 11 20 19
8 36 24 45 51 31
1 31 54 4 18 41
54 10 14 4 45 17
42 30 25 29 35 56
57 20 28 9 37 15
28 32 53 6 34 5
38 31 50 6 46 55
36 21 33 24 23 52
25 49 28 51 55 35
8 26 17 13 7 42