175
53 4 36 7 51 28
52 23 22 16 35 49
22 17 4 12 16 54
58 45 1 60 49 5
15 10 22 13 21 1
14 45 16 19 22 46
18 45 59 34 11 24
46 21 49 43 1 59
21 39 27 56 30 40
15 39 35 49 18 12
11 19 33 39 35 31
8 59 7 21 15 60
5 36 25 58 30 57
30 22 39 23 6 58
36 26 11 16 30 15
24 31 25 17 29 8
12 59 3 20 22 10
38 53 30 32 10 25
23 11 20 36 24 50
17 56 34 51 49 15
57 48 49 46 34 60
6 42 50 2 14 41
54 36 2 33 3 56
47 34 27 54 59 22
14 6 3 18 9 2
36 57 5 12 35 46
33 41 13 4 42 34
43 19 23 8 39 4
46 23 10 13 6 39
38 35 39 8 40 53
18 53 7 11 37 22
30 32 28 10 5 35
1 24 2 28 37 11
41 37 5 3 56 52
26 17 20 11 49 7
35 60 2 29 11 20
40 45 9 14 35 18
37 53 52 31 54 25
29 60 57 49 54 25
38 1 16 11 13 36
52 24 30 22 11 23
51 27 50 33 24 12
18 3 60 5 30 9
10 13 46 56 57 42
43 58 23 14 30 24
12 28 31 60 30 6
5 10 39 12 2 43
4 33 16 10 41 60
22 40 15 54 32 9
20 53 7 5 3 27
28 31 55 7 27 48
10 16 32 36 21 24
58 42 21 30 36 9
56 53 59 22 32 9
11 47 57 40 39 1
14 3 43 42 52 53
54 8 23 53 21 4
29 44 48 15 27 45
37 46 35 7 38 13
40 56 9 43 18 50
47 56 29 42 54 45
19 6 55 56 51 60
53 8 44 17 19 49
29 60 8 56 3 7
54 6 44 7 8 18
23 19 12 50 21 34
54 25 29 48 34 23
43 25 57 2 15 27
25 17 54 24 9 5
59 55 16 43 17 51
9 35 40 45 48 22
22 10 11 52 3 40
6 21 58 24 34 40
21 14 4 47 12 32
34 9 54 38 11 35
39 23 56 22 50 58
24 11 30 28 58 31
56 17 35 22 18 27
15 13 57 48 35 38
32 12 53 52 58 8
16 11 8 21 34 33
16 32 59 4 36 30
1 16 46 17 37 49
22 15 12 43 60 4
29 26 8 31 28 41
9 19 42 29 46 26
6 56 24 52 43 57
32 21 3 42 60 14
2 15 31 12 35 14
32 38 45 60 33 55
2 36 9 32 47 11
42 12 58 57 17 53
52 17 25 14 9 33
27 40 23 13 16 47
30 37 2 38 51 35
11 41 59 38 32 9
1 22 38 12 53 51
12 60 30 15 34 33
13 41 16 54 32 35
31 5 17 38 14 19
44 19 40 25 28 17
27 42 55 30 15 7
26 12 50 17 11 27
14 18 2 48 37 23
19 46 20 17 52 23
53 16 5 55 54 25
7 29 57 17 54 35
53 17 26 20 3 50
52 26 28 30 51 3
38 19 8 31 51 15
38 57 39 27 15 43
36 57 11 51 47 44
24 53 14 30 47 54
49 13 6 51 36 42
32 51 39 43 30 22
59 41 16 7 9 10
12 55 38 60 54 47
28 35 8 17 49 44
17 30 29 3 22 2
38 34 16 37 57 6
4 5 34 41 8 26
53 50 45 41 25 60
20 47 6 52 58 14
43 18 31 2 53 57
55 18 11 21 51 48
24 29 23 52 32 39
48 33 36 58 28 15
41 43 37 30 26 6
31 12 44 48 35 15
39 48 2 30 51 9
4 6 60 12 9 29
12 7 42 23 32 33
6 58 53 14 4 42
32 52 26 37 31 25
8 31 3 45 1 18
27 10 56 55 33 4
19 36 9 52 24 44
60 44 32 37 58 24
18 36 43 33 8 51
50 22 53 12 1 9
55 36 53 19 38 8
31 53 55 16 39 6
11 48 19 32 55 44
17 23 51 28 54 25
40 1 7 59 49 11
21 4 56 3 27 47
12 35 27 53 39 16
31 17 27 19 18 11
26 57 22 6 50 7
41 20 22 13 52 56
26 20 4 16 15 47
29 60 53 27 1 21
22 28 59 56 11 23
37 42 35 10 7 12
35 39 19 21 41 47
1 36 5 50 23 10
54 27 35 58 16 24
39 14 17 37 3 44
31 39 12 47 35 36
48 31 33 41 2 49
4 24 48 28 23 55
52 41 2 48 19 32
36 42 23 29 47 4
37 34 29 8 60 22
20 53 22 8 43 60
20 50 1 36 6 21
15 37 5 6 58 34
11 23 36 21 28 41
14 33 60 7 19 52
28 30 47 51 23 29
34 57 28 4 51 17
12 22 43 39 35 19
1 3 43 58 51 38
13 22 12 49 21 47
28 56 46 23 7 15
21 56 7 46 39 29