184
32 43 36 56 13 59
23 15 58 36 57 14
58 41 31 56 14 39
33 30 22 27 13 2
22 15 3 39 35 38
10 11 1 38 52 26
53 26 51 48 30 39
55 56 41 46 52 10
3 34 30 39 25 20
20 42 13 23 17 41
43 33 45 48 26 15
54 38 45 28 25 34
30 41 18 43 8 20
28 19 15 32 38 53
8 52 4 2 13 57
33 28 36 42 31 59
44 39 22 3 8 54
24 4 32 26 10 34
59 3 29 5 14 42
11 55 48 28 47 6
2 21 23 39 56 17
35 9 48 24 58 6
60 27 25 5 12 23
42 19 23 18 44 9
14 41 10 42 12 37
56 9 13 59 25 51
4 18 55 27 42 1
44 32 57 43 39 22
1 35 39 24 50 5
18 6 30 16 28 27
25 1 42 13 9 33
53 27 12 8 15 33
52 13 57 33 5 42
30 39 57 4 42 54
48 29 2 56 30 32
57 39 41 8 18 1
60 49 15 25 42 13
57 4 30 58 18 22
50 14 21 44 31 52
15 6 21 45 38 41
42 57 50 27 60 39
24 36 37 27 50 29
40 2 23 47 6 11
47 11 16 18 48 30
37 8 28 38 19 2
18 2 29 38 47 45
37 43 54 7 52 38
46 12 37 57 17 56
60 53 39 4 5 59
50 33 39 37 11 32
47 30 20 52 54 21
37 23 7 6 5 12
52 3 36 48 16 5
15 2 21 38 6 59
29 39 58 51 16 9
26 12 23 2 20 18
40 4 27 53 47 2
3 10 36 40 37 60
60 41 7 17 40 36
36 15 58 32 43 46
6 31 55 15 25 52
30 15 17 9 13 33
10 3 25 55 52 20
54 41 23 22 20 1
8 40 1 12 34 44
8 7 3 11 52 43
11 45 60 50 35 25
49 6 55 47 13 15
36 34 41 55 39 53
22 50 25 28 58 36
24 4 31 50 43 54
39 45 55 29 14 32
20 3 13 8 37 4
34 18 45 27 13 56
7 5 17 19 35 59
25 59 55 3 23 36
55 7 4 43 11 14
39 46 27 14 52 2
58 38 14 21 39 12
11 14 29 9 49 37
3 25 51 5 55 59
39 55 43 27 56 33
60 23 6 48 25 30
27 5 8 12 22 9
10 39 16 21 15 20
46 15 60 1 18 55
40 17 48 14 8 58
34 58 10 45 23 46
38 30 55 36 13 43
57 53 54 2 37 33
10 26 27 9 47 39
16 22 11 9 52 4
10 20 50 53 39 6
19 21 57 11 54 15
24 42 8 2 50 55
51 38 50 4 23 34
39 7 37 13 36 14
16 41 20 54 28 32
11 8 21 57 16 40
41 7 51 59 38 47
43 18 38 2 16 17
2 32 29 33 43 42
28 38 21 47 6 11
8 7 16 44 4 6
42 44 39 20 21 58
39 12 18 14 22 44
40 50 34 46 8 33
31 44 51 54 57 59
60 44 27 53 13 56
50 49 18 59 42 33
12 23 32 7 54 17
4 54 49 59 5 18
46 50 4 5 12 40
34 4 36 39 42 25
10 53 55 28 54 4
53 35 31 22 41 47
7 37 28 31 12 2
26 10 27 52 59 2
48 20 46 21 47 9
59 52 42 7 46 9
47 21 5 10 9 37
60 12 20 5 26 55
53 34 11 37 17 55
20 38 11 40 33 10
8 43 47 15 52 44
11 10 56 9 7 49
19 47 13 16 57 12
57 20 53 56 43 10
57 9 10 51 25 41
22 1 29 41 39 36
52 18 13 41 44 15
13 48 21 60 55 3
6 17 37 20 7 38
39 22 3 33 49 4
24 32 12 45 16 17
20 30 28 58 46 8
27 56 32 35 23 53
9 36 59 47 44 34
17 13 35 28 36 39
13 51 47 42 27 31
37 39 20 31 51 46
35 8 59 7 33 32
56 16 41 34 46 12
33 19 45 29 57 13
15 31 51 44 37 52
39 55 35 42 60 57
6 12 20 59 7 34
11 30 43 9 26 58
15 19 39 21 12 40
33 32 60 28 54 5
49 52 60 7 2 25
27 21 28 40 22 2
40 5 50 1 30 7
10 12 34 15 9 51
8 15 43 45 30 7
48 11 29 2 21 13
26 10 42 5 43 29
42 44 53 28 6 41
39 25 52 57 59 19
6 3 22 20 52 51
46 47 4 39 29 42
10 29 17 34 23 27
14 54 20 52 30 57
29 22 45 40 8 24
47 4 12 13 37 25
31 47 19 16 41 7
46 28 31 18 38 51
36 6 12 58 5 45
10 41 39 9 56 24
18 44 46 23 43 4
43 14 50 22 33 13
27 37 57 29 41 56
8 53 44 27 48 15
50 28 33 7 35 13
25 46 18 24 26 45
23 11 60 58 59 10
60 29 24 59 21 37
54 52 10 37 1 40
7 6 45 17 35 19
17 38 6 56 60 15
18 12 37 21 47 35
18 6 29 31 2 42
51 9 54 18 46 10
56 51 5 38 16 23
51 15 20 16 19 13