407
33 59 3 30 49 28
12 58 14 16 8 18
30 21 36 35 42 5
27 16 35 24 38 46
21 14 40 41 57 16
2 26 59 8 36 3
47 28 57 6 22 3
54 53 36 16 45 28
51 24 54 14 27 48
55 39 45 41 54 52
12 25 57 52 4 24
26 6 22 54 34 60
17 7 51 29 48 24
7 33 5 26 32 13
46 20 28 39 1 12
36 57 29 52 44 8
5 20 39 23 6 15
58 15 24 21 51 59
46 2 56 24 49 30
51 15 11 47 10 44
48 11 13 44 59 41
38 5 41 21 24 55
50 27 26 21 51 59
40 29 45 46 23 33
53 38 18 57 29 16
27 52 28 37 12 36
43 46 23 33 60 7
25 19 3 12 2 6
1 8 40 32 34 41
15 60 25 22 2 35
22 53 36 3 27 43
24 14 54 38 7 47
49 11 33 51 2 5
30 9 36 25 35 2
18 44 59 50 29 15
56 36 26 46 31 28
48 51 5 28 7 21
22 44 2 60 11 20
18 26 32 47 12 50
5 42 9 33 40 13
5 12 7 3 55 35
19 13 45 5 47 24
38 47 18 17 25 48
31 60 3 1 49 34
29 36 50 59 18 32
22 59 26 1 47 40
42 54 19 11 12 59
11 39 29 5 58 3
56 60 1 27 2 34
17 15 45 9 5 51
28 37 1 22 47 39
39 35 41 25 18 57
55 51 13 21 48 12
47 35 51 16 53 9
13 3 30 7 54 25
28 18 9 6 2 17
42 34 11 51 18 9
11 59 29 5 6 34
18 4 42 22 6 38
45 23 18 3 52 37
46 59 36 49 47 30
48 14 54 11 60 5
21 36 57 11 55 3
20 23 30 45 53 22
42 21 56 39 31 1
5 16 1 19 23 4
57 4 60 3 18 35
31 51 26 27 36 42
32 49 28 9 3 10
41 33 6 1 26 17
56 40 30 47 20 50
35 24 25 30 38 4
20 34 44 52 28 6
26 28 32 14 41 17
27 10 22 57 42 16
15 10 5 3 16 4
11 26 17 27 54 7
21 3 18 44 10 31
1 60 35 22 24 20
31 50 13 10 47 18
19 7 41 58 13 3
55 31 12 8 4 49
24 37 6 3 49 13
36 51 53 17 26 9
56 36 13 53 33 23
44 31 42 2 36 49
22 57 14 50 40 49
14 19 3 36 60 11
7 15 52 14 16 43
10 29 54 18 60 41
8 57 30 6 34 15
51 33 14 17 24 42
23 4 39 20 25 8
1 29 60 11 13 49
39 50 45 3 51 34
53 7 43 39 22 47
19 18 56 15 35 10
35 32 41 15 42 45
18 22 33 43 16 4
39 20 30 46 56 60
13 43 58 54 9 52
8 30 12 3 5 56
21 57 53 20 22 19
9 5 58 37 12 25
31 35 25 20 18 7
41 52 22 26 34 53
10 15 23 41 12 28
11 12 14 41 2 10
16 20 2 4 15 1
19 43 23 2 12 10
10 49 46 56 43 20
54 2 58 34 32 1
6 12 39 24 7 5
9 41 1 13 57 21
39 12 60 48 45 50
35 37 6 40 24 42
21 34 31 26 12 30
40 59 57 60 1 41
26 53 27 60 3 4
41 28 47 44 36 21
12 29 46 37 24 32
44 43 6 45 56 34
25 49 30 9 14 31
27 53 10 5 31 42
1 23 31 16 38 22
29 21 7 38 13 52
20 19 58 38 37 52
52 5 32 34 23 27
1 27 55 23 10 51
20 55 30 51 46 37
50 17 44 54 12 26
49 42 14 36 24 45
14 60 2 38 54 15
38 51 2 40 14 4
60 38 58 59 21 16
26 50 33 1 49 36
31 11 6 56 17 13
52 45 7 55 30 13
8 28 46 42 47 55
30 27 36 35 15 8
51 32 21 59 18 49
14 59 15 50 29 4
14 19 1 33 25 21
21 32 14 35 13 26
27 3 13 32 24 42
30 60 44 19 7 17
60 29 2 4 16 54
60 41 52 21 57 44
22 37 7 5 12 21
8 54 29 28 48 6
28 52 40 8 43 17
39 13 41 25 45 10
23 46 32 27 16 28
43 51 19 3 10 36
16 57 40 42 34 21
8 45 22 46 53 60
16 53 46 13 60 47
29 16 18 51 30 2
27 28 32 34 51 10
45 27 44 43 10 12
47 44 27 59 51 37
17 44 38 27 37 6
17 20 59 22 25 18
53 27 57 29 35 49
40 20 52 11 50 7
20 55 29 34 39 5
54 23 19 57 33 27
44 14 43 22 32 60
8 40 52 28 30 34
10 6 32 42 30 19
20 29 13 34 53 35
30 25 22 28 40 57
18 27 12 2 10 57
55 24 58 45 33 41
32 36 59 22 28 42
11 4 55 2 9 10
19 6 33 38 41 36
43 15 13 40 11 55
5 35 58 59 48 15
3 1 57 32 47 53
60 7 26 34 13 50
16 35 2 40 51 36
9 37 60 25 49 46
34 44 49 6 37 2
42 53 7 12 25 59
41 45 5 32 10 8
5 1 4 32 60 14
3 23 49 55 24 9
8 12 53 27 36 21
21 42 4 1 9 59
5 34 58 3 39 53
43 17 53 36 1 11
11 48 9 55 16 52
18 37 25 60 30 28
3 14 34 49 38 47
10 16 53 5 29 57
11 17 47 30 32 31
41 11 49 52 53 58
35 51 55 29 52 5
56 36 3 58 2 35
29 49 21 3 41 24
19 59 4 9 23 45
59 48 54 20 53 47
27 52 38 17 9 4
45 15 59 53 29 21
9 46 38 43 37 39
29 13 57 24 26 60
26 22 11 44 4 17
21 7 54 40 11 5
51 38 17 48 34 56
55 8 2 51 36 40
59 40 9 22 27 58
19 20 17 46 35 38
55 39 9 38 58 23
13 16 23 20 25 31
26 21 8 18 44 59
10 53 56 21 57 45
50 48 19 14 36 49
54 59 22 57 21 48
23 30 7 56 53 17
47 4 2 6 24 12
40 42 5 1 53 13
9 2 3 11 46 34
23 36 5 56 39 46
38 1 46 2 21 45
3 38 39 26 42 13
47 9 60 6 24 53
5 25 48 28 56 3
46 30 28 16 34 2
18 25 48 41 11 8
46 20 29 23 39 44
53 40 47 23 43 3
7 49 58 22 26 16
29 13 33 21 42 20
25 35 44 26 54 12
7 11 10 59 32 35
6 39 59 18 27 4
6 4 14 18 5 22
45 25 27 55 22 32
39 46 1 24 40 60
19 53 39 47 58 37
28 33 34 53 8 56
21 33 58 56 45 16
40 42 29 27 58 8
11 49 22 35 41 43
38 10 21 51 47 33
20 60 24 34 30 7
32 57 16 33 52 12
26 48 12 58 2 46
15 46 45 59 4 50
5 58 44 37 23 13
17 8 54 24 15 50
32 34 28 17 11 22
55 43 19 28 44 40
37 14 1 7 60 44
25 30 43 20 47 2
39 40 9 26 50 55
47 24 28 57 44 18
17 60 51 7 39 40
29 38 31 49 13 56
26 24 8 34 38 11
51 57 30 27 28 50
35 31 46 54 42 49
56 30 15 26 47 11
50 46 28 9 33 47
26 43 14 11 28 59
57 30 56 8 5 19
19 37 7 13 28 3
43 44 19 47 25 35
3 28 38 4 39 55
8 17 25 45 40 50
25 52 12 37 45 22
58 34 22 40 17 28
40 22 34 17 1 41
57 13 54 38 8 28
44 28 26 47 46 7
39 52 51 35 49 36
37 60 35 9 49 39
1 59 46 14 21 28
16 13 12 15 49 6
3 36 41 4 23 34
36 46 45 38 52 33
34 21 22 3 39 53
57 31 13 25 45 41
9 20 8 38 48 53
41 18 1 33 32 49
22 38 7 10 26 39
4 19 43 20 50 17
8 47 39 24 9 6
46 36 12 37 25 59
31 40 53 39 17 36
43 18 6 56 14 44
26 41 46 3 35 37
27 38 26 57 44 32
4 56 20 15 55 12
4 26 6 47 37 41
17 42 57 39 49 26
2 32 56 27 7 24
60 54 25 27 39 36
54 27 24 32 21 49
60 29 39 51 18 50
27 18 45 13 59 30
41 57 10 2 22 52
33 16 35 15 10 55
25 41 47 50 27 38
19 11 50 57 29 53
7 50 40 55 3 2
8 23 37 41 26 39
47 18 51 26 37 5
27 8 55 3 17 28
16 30 14 39 22 26
49 11 12 32 5 27
36 59 26 6 16 1
52 21 16 1 49 26
35 58 27 42 49 45
38 46 15 9 14 12
51 36 14 49 7 60
59 14 23 29 44 8
31 11 52 47 7 58
5 44 43 49 37 41
50 46 36 28 53 26
34 27 13 16 43 24
50 31 53 28 25 16
35 9 32 60 23 29
31 27 16 38 46 22
11 41 54 12 47 35
59 45 17 14 8 58
14 41 20 51 4 37
49 39 21 58 3 48
2 35 7 46 31 48
14 2 17 7 29 48
58 29 42 34 43 16
30 55 44 51 7 39
43 49 12 3 52 54
24 21 18 41 56 11
35 57 31 54 22 9
1 20 58 60 28 22
58 48 35 54 7 13
24 40 9 27 10 26
3 54 51 43 21 56
5 29 25 35 11 58
33 20 13 54 14 18
39 8 26 2 57 3
40 38 13 58 9 32
38 21 8 10 17 11
40 43 10 52 23 38
54 57 1 58 53 44
9 30 40 57 25 59
58 53 30 16 47 33
5 30 53 39 35 1
57 53 2 28 59 25
27 51 50 19 13 8
44 58 49 13 41 16
53 33 36 48 32 34
5 18 20 52 15 10
60 30 53 40 31 2
25 8 22 15 42 40
31 48 7 35 22 34
60 28 7 31 6 29
18 43 54 41 2 10
37 6 35 25 51 16
26 23 3 25 33 37
38 44 50 19 20 28
36 58 7 27 38 23
53 3 60 50 39 25
50 22 25 57 15 46
6 20 32 1 5 31
26 17 50 6 23 43
46 51 19 13 17 22
21 33 55 39 5 46
56 51 3 1 7 15
27 48 43 19 7 32
3 11 34 8 14 33
18 57 15 7 19 32
36 7 9 37 8 49
45 12 32 1 44 35
45 18 51 9 24 26
52 31 58 8 41 57
19 56 20 9 17 14
46 39 55 49 3 20
29 31 32 40 33 3
10 9 6 54 18 32
19 60 58 37 59 47
11 30 59 10 46 19
15 1 31 9 42 30
51 41 4 52 54 59
42 50 28 25 16 8
51 10 35 14 23 55
3 45 48 51 13 31
6 35 15 45 12 43
44 34 6 36 21 39
52 44 10 46 3 59
6 5 14 7 54 25
18 29 28 27 59 40
21 51 20 36 8 42
59 2 33 58 55 23
60 31 22 32 59 13
25 9 21 7 4 48
27 14 55 59 5 21
51 14 57 11 35 12
51 41 27 60 38 55
47 51 60 20 29 48
43 41 58 1 6 39
13 50 2 4 30 38
9 34 14 28 6 40
27 42 22 18 10 35
7 8 2 57 12 28
15 5 30 14 32 44