451
40 13 34 18 46 22
9 45 40 18 41 12
9 13 29 41 23 56
49 11 51 29 44 40
14 3 16 2 9 57
28 32 59 36 3 48
59 5 3 53 33 34
19 17 35 1 18 5
44 42 52 34 38 17
60 46 50 5 35 44
36 38 13 54 42 41
47 17 31 16 25 53
54 55 39 60 16 22
40 5 14 46 11 37
40 23 49 47 8 19
6 8 19 50 25 18
28 25 33 19 14 35
30 4 42 31 54 16
39 34 49 26 54 32
9 20 52 42 50 14
17 31 21 23 6 45
24 1 8 37 6 32
23 1 8 25 41 52
13 58 55 32 46 28
1 23 33 6 30 34
51 59 18 23 58 47
8 57 56 34 20 16
59 38 14 44 36 4
36 33 40 53 31 60
11 37 30 47 6 56
4 40 13 46 36 57
29 35 28 20 19 49
42 23 17 41 9 26
5 41 44 19 28 3
45 5 25 17 60 38
20 16 41 9 5 22
6 31 42 13 60 33
57 11 52 58 39 18
2 14 16 37 50 35
33 27 53 47 4 26
55 32 15 35 7 58
43 52 8 19 48 16
15 21 46 23 41 20
26 44 15 9 24 10
3 23 36 30 43 18
30 12 42 41 50 39
25 24 13 1 33 2
14 56 53 11 51 17
47 58 32 12 42 11
20 32 48 41 26 59
32 17 45 12 29 28
1 53 46 25 17 35
57 29 12 13 52 18
48 54 52 29 60 44
49 35 39 23 42 27
29 27 45 13 12 34
59 29 40 28 20 11
3 26 19 12 52 31
1 36 56 28 5 12
38 47 3 55 4 48
41 30 15 3 56 19
28 3 24 31 7 19
24 15 25 19 7 50
32 20 36 4 31 26
19 35 17 8 7 50
37 32 2 6 13 19
35 45 6 5 25 36
57 41 38 27 3 31
50 12 21 41 4 22
21 30 32 51 17 6
27 40 41 6 30 19
5 1 41 15 59 3
3 22 60 6 34 39
20 18 22 7 32 11
41 37 47 6 18 44
9 3 15 35 44 47
32 23 55 35 36 52
34 4 15 38 29 51
57 60 17 59 36 49
12 14 23 3 4 7
3 17 22 56 19 6
25 49 50 46 57 45
11 52 53 47 33 26
54 57 26 12 20 10
1 31 54 60 7 47
31 12 26 43 56 47
1 13 51 25 28 31
27 39 21 57 46 9
4 55 57 18 45 32
14 39 57 50 31 12
55 59 6 27 10 34
11 53 26 36 50 42
38 33 15 41 19 13
4 37 42 23 33 54
3 54 32 56 55 31
56 13 3 34 25 20
45 56 5 53 2 26
8 56 57 4 27 42
39 43 59 60 44 16
30 27 56 50 55 7
46 4 13 48 54 1
47 40 34 2 31 58
15 28 51 14 2 30
45 22 57 27 44 46
55 2 23 12 48 31
16 41 43 33 9 24
44 5 40 29 34 27
42 14 35 22 5 57
5 48 43 18 22 7
54 33 12 27 36 57
54 17 5 38 9 15
2 26 12 35 57 22
23 2 51 42 41 12
21 36 49 42 57 59
44 23 8 26 53 31
32 52 47 4 54 3
49 12 42 58 30 37
49 56 10 4 2 55
40 46 14 48 55 47
6 45 25 10 36 11
46 2 49 1 42 12
32 14 9 57 36 7
52 35 2 28 27 38
60 30 56 12 32 21
43 16 14 48 55 24
39 24 2 38 19 50
24 45 20 16 19 12
54 11 7 6 19 8
19 46 42 36 56 15
6 14 37 21 32 8
18 26 42 13 1 11
53 19 48 8 52 18
34 43 12 7 13 58
53 11 7 56 55 20
52 32 33 4 53 15
39 60 54 33 19 4
55 33 58 28 35 11
36 5 13 4 29 34
38 27 33 39 47 41
52 5 8 47 6 32
58 49 19 3 44 34
33 46 51 59 32 10
22 14 58 52 57 16
54 25 37 12 57 1
59 47 41 45 12 10
25 19 51 28 55 7
28 9 12 47 16 56
35 44 55 59 12 5
25 23 39 13 43 47
7 19 33 18 17 28
12 15 17 2 7 56
10 49 48 45 23 1
56 36 58 33 11 43
45 34 10 35 53 42
27 46 21 42 33 60
51 29 46 15 16 5
57 10 51 16 24 60
34 48 19 27 32 35
47 43 16 55 32 8
12 19 50 3 43 20
25 57 41 23 30 21
46 23 30 2 22 34
30 44 1 3 6 33
17 21 33 42 35 10
6 31 27 30 5 8
30 8 9 29 54 47
55 23 43 54 32 48
33 44 34 35 48 31
19 2 30 47 12 22
15 16 37 51 9 46
2 39 55 56 28 41
43 24 30 13 17 12
27 33 46 41 10 38
7 27 9 44 35 2
4 41 42 18 47 27
35 29 31 8 30 56
35 59 6 46 58 30
59 37 29 52 40 31
45 15 47 31 8 29
3 2 5 60 12 10
25 43 27 51 28 11
52 41 50 57 31 5
18 26 19 30 53 12
28 33 13 48 45 14
38 43 37 40 29 51
5 36 6 57 25 16
8 43 46 36 18 54
18 55 32 44 4 12
26 25 52 40 11 57
51 3 21 40 11 35
4 1 38 51 15 14
52 5 36 39 42 18
23 42 34 15 19 57
3 42 6 5 22 41
25 23 8 30 56 33
22 60 35 28 38 41
3 11 54 10 44 9
59 25 18 44 2 27
9 5 25 57 16 49
53 52 3 51 45 20
55 15 6 40 13 46
1 44 19 59 23 20
20 1 17 6 26 59
32 52 60 11 49 43
33 50 28 12 4 19
23 22 47 38 17 42
4 28 51 29 18 6
29 24 14 35 47 57
35 39 49 28 16 46
45 33 38 12 42 9
13 6 29 33 49 56
45 41 25 15 44 1
22 59 28 30 50 39
19 14 58 45 60 5
31 59 23 40 28 15
50 38 2 44 6 46
29 16 28 2 48 38
29 23 37 20 9 15
31 56 27 49 14 40
35 24 29 36 30 3
20 30 32 5 11 52
12 27 59 24 51 15
31 56 26 60 11 33
4 9 25 23 33 58
29 36 14 47 50 38
18 44 55 31 23 2
25 26 7 58 27 18
12 41 38 32 45 8
51 1 10 17 19 29
2 12 19 28 5 25
9 57 23 46 48 15
22 25 3 30 20 10
31 32 38 53 2 47
53 36 17 14 24 7
49 40 43 45 6 17
37 58 1 33 25 42
30 37 54 59 24 20
4 3 22 24 32 9
23 43 13 47 25 14
57 6 49 28 10 21
55 45 8 26 7 33
57 53 5 32 21 37
43 42 24 44 15 58
43 35 21 25 49 24
22 21 18 29 59 7
46 49 31 19 36 52
26 12 9 44 50 22
14 51 44 12 60 38
47 13 11 30 28 24
31 55 6 7 52 48
1 13 45 60 42 25
37 32 22 43 42 6
25 51 47 1 37 53
19 9 6 52 42 34
28 8 19 42 1 3
38 17 23 41 19 50
40 53 22 2 9 4
40 16 60 32 31 8
28 44 52 3 50 43
47 50 2 52 27 58
32 33 1 16 27 31
36 33 10 14 16 24
43 28 55 18 21 49
8 3 40 43 35 9
28 30 17 10 51 31
26 20 10 2 14 12
23 33 48 14 37 7
59 28 9 23 14 58
56 42 51 31 14 21
11 53 44 52 40 31
15 35 40 17 41 8
49 45 44 60 37 20
28 6 47 42 48 25
13 52 4 41 7 14
46 12 27 44 14 17
23 31 17 53 20 30
15 60 30 49 52 12
8 23 50 40 47 38
31 45 12 1 10 49
58 11 44 42 43 20
9 54 26 43 48 55
45 17 30 10 32 46
28 1 6 10 8 3
48 47 41 55 6 38
31 29 15 4 58 55
26 27 3 49 16 5
24 23 11 4 51 10
45 25 16 27 34 17
30 5 11 3 44 45
25 12 23 52 20 26
1 24 56 4 46 10
32 14 47 55 31 27
1 32 34 21 47 44
58 38 10 39 44 3
43 8 50 18 3 20
15 34 20 58 6 23
48 56 60 13 27 39
21 6 32 11 18 23
19 31 13 49 9 20
47 3 41 45 57 56
22 43 53 15 24 19
37 8 35 42 13 41
46 39 19 28 55 22
15 48 43 25 27 46
36 22 45 48 15 1
52 8 2 33 32 3
12 22 36 44 16 19
56 3 28 9 15 35
48 19 45 29 49 3
49 9 45 20 60 57
18 33 40 12 14 32
36 12 57 44 45 13
16 6 54 36 8 49
46 4 51 1 25 10
26 35 30 24 8 29
4 44 33 34 16 1
9 43 34 29 55 33
24 22 26 23 29 19
5 30 33 50 57 2
45 19 57 7 11 59
5 19 60 54 40 25
50 7 40 39 38 22
12 10 41 47 13 28
37 35 42 33 5 25
41 59 55 15 42 7
47 48 3 38 23 42
25 9 4 1 30 34
60 57 9 14 52 8
37 23 3 10 4 43
35 34 22 24 52 37
54 3 18 30 40 5
32 39 26 13 52 7
52 7 17 40 1 24
55 50 35 2 53 31
26 44 2 4 45 35
21 34 18 24 31 17
33 59 6 8 11 13
30 16 51 13 3 49
25 56 32 41 21 54
2 1 13 45 44 30
21 22 57 32 11 28
46 56 39 15 40 58
51 38 8 6 60 57
23 8 10 18 54 60
23 37 32 47 42 54
17 58 47 31 14 1
17 8 56 25 49 43
46 42 58 22 11 1
43 30 56 18 46 49
5 2 8 28 14 46
5 60 47 45 21 30
50 40 32 27 39 3
24 12 26 14 55 28
10 23 22 11 56 35
9 4 16 58 26 43
28 27 16 22 15 54
35 47 56 44 31 33
6 2 30 39 31 16
45 31 16 36 10 60
9 31 60 46 15 16
22 60 10 28 45 38
9 32 41 13 16 51
19 43 41 8 58 30
42 14 8 58 57 38
42 23 26 4 57 6
47 49 21 43 9 13
29 9 49 11 35 60
25 32 37 2 24 11
42 28 14 11 53 6
12 15 20 50 48 27
27 21 60 2 58 26
29 48 2 10 11 51
18 28 39 33 55 20
41 10 14 32 22 18
22 6 15 24 55 38
39 54 21 18 44 36
38 8 42 25 31 5
53 10 54 44 2 5
35 6 47 36 9 24
20 32 41 48 3 54
25 45 4 48 39 16
5 28 57 32 24 44
55 45 42 25 53 60
45 8 9 15 33 38
59 47 46 19 6 39
56 1 17 5 51 3
53 27 46 34 59 17
35 39 33 38 40 10
48 41 36 51 33 22
29 3 58 4 45 49
51 35 24 10 44 52
24 3 49 58 9 13
19 27 25 30 43 29
29 11 28 8 26 59
42 5 17 2 46 30
53 10 58 60 40 1
48 26 6 16 47 60
55 44 58 45 33 7
46 38 28 29 14 39
22 55 42 57 33 59
19 6 18 54 25 52
36 29 34 16 21 38
47 44 55 16 48 9
25 43 14 30 12 40
31 11 2 48 40 39
44 34 56 55 36 5
40 31 52 12 33 16
40 30 51 44 7 10
9 3 38 36 2 4
11 39 56 46 37 40
19 23 59 15 7 43
7 43 29 49 23 30
3 5 45 8 19 43
41 31 40 43 55 33
55 49 4 37 34 32
32 50 1 17 59 16
50 49 44 11 48 14
10 34 7 59 53 3
42 11 36 34 56 43
8 45 18 43 23 33
29 21 52 53 20 13
31 32 52 2 11 19
24 1 52 30 18 53
40 7 27 48 45 19
40 16 45 54 10 46
9 15 27 36 44 58
7 26 53 10 29 59
25 56 16 40 20 7
2 23 5 59 40 16
42 7 41 28 27 20
25 50 23 14 57 26
40 55 30 17 43 28
12 20 55 45 53 19
44 49 12 55 41 16
6 59 32 58 60 10
11 60 56 26 28 40
17 7 28 22 45 12
53 50 32 29 28 1
39 28 18 47 46 8
10 3 51 19 56 30
4 11 56 22 31 14
16 58 4 14 29 46
33 32 35 47 1 42
12 22 15 38 13 42
17 20 6 15 16 1
47 10 30 25 9 31
21 29 25 4 59 57
49 60 35 46 50 48
53 34 44 22 13 35
55 45 14 4 1 26
30 16 5 19 13 49
58 6 11 37 10 52