335
11 60 43 26 29 31
19 32 7 20 41 35
57 30 17 58 55 36
15 21 37 20 58 1
6 56 35 26 50 9
56 38 46 7 34 58
39 56 11 25 5 58
55 50 7 19 12 22
35 32 3 30 45 22
10 32 35 17 25 13
40 50 60 10 26 5
43 15 38 60 3 22
6 39 49 54 59 55
19 51 52 46 25 15
7 43 17 1 24 42
36 19 38 40 56 45
9 11 53 54 30 7
31 21 47 8 41 10
17 38 50 13 60 26
59 29 2 27 48 58
38 5 56 9 22 13
26 1 41 19 14 47
22 44 57 34 55 59
10 46 58 42 25 41
27 49 12 11 31 25
33 21 36 43 30 28
51 46 24 32 56 17
46 37 20 14 43 8
35 41 42 30 38 34
29 58 55 49 21 39
54 7 35 56 37 49
30 24 14 4 29 1
18 26 44 14 16 47
30 34 28 56 52 23
27 52 1 49 19 24
53 57 47 38 30 8
59 30 41 45 25 9
36 14 45 48 55 42
47 25 17 32 26 35
3 7 27 21 42 45
29 23 34 50 32 31
31 43 47 7 56 14
55 20 37 42 45 16
39 41 43 56 57 2
36 23 24 30 8 19
1 22 51 17 46 36
45 13 3 47 48 43
29 18 17 50 42 2
3 9 18 32 36 60
53 12 40 20 19 32
52 38 41 24 29 21
12 15 10 43 50 25
47 37 11 13 21 27
1 52 7 5 10 33
58 21 3 28 32 34
59 16 15 32 36 22
32 58 3 55 22 27
55 30 59 29 15 41
56 14 45 16 60 58
42 22 36 46 31 23
38 14 22 30 34 21
22 48 12 49 38 34
7 11 42 47 21 60
12 52 28 14 60 11
35 6 11 31 14 25
21 17 4 34 7 8
48 31 17 20 30 55
42 35 2 49 24 54
26 37 1 18 24 52
21 44 34 45 38 43
39 40 3 46 57 42
33 11 15 53 24 39
21 39 38 60 12 40
18 7 28 13 3 32
46 20 52 12 18 40
35 40 26 8 16 55
16 39 31 13 32 4
28 45 44 30 29 34
46 13 14 37 22 60
49 31 41 2 59 45
43 36 2 49 21 58
25 33 6 24 28 37
46 15 9 60 24 39
16 2 36 18 43 25
7 3 5 44 32 1
12 53 1 28 17 6
26 38 8 51 15 55
30 6 33 28 16 46
30 48 6 15 58 18
2 40 53 15 13 8
37 9 22 55 2 60
45 44 50 16 56 58
14 56 44 40 31 34
52 37 15 8 34 2
44 18 31 25 30 41
42 6 4 32 54 31
6 51 55 19 16 30
21 56 49 10 33 38
36 35 56 2 47 13
17 28 33 21 53 25
50 42 46 5 49 24
23 42 45 36 20 35
31 56 5 25 4 33
26 48 50 55 10 40
30 47 3 55 25 1
41 28 20 2 40 35
16 48 24 10 41 49
5 27 12 35 10 37
29 28 37 12 50 49
40 24 3 1 48 52
46 35 27 5 7 16
47 44 12 30 13 14
37 21 31 1 9 45
45 11 54 48 12 41
49 47 22 25 57 48
34 31 57 12 36 20
16 57 44 58 37 3
60 41 53 23 22 47
22 49 48 20 28 35
28 30 42 12 19 49
18 55 30 59 6 60
25 18 59 1 54 31
1 22 26 18 2 37
2 18 50 59 12 46
13 41 16 29 8 60
10 19 32 33 22 55
20 40 1 56 50 6
33 59 18 52 1 46
14 31 13 53 38 30
21 2 41 22 46 40
40 11 33 26 54 9
27 17 57 26 3 32
8 21 5 18 54 59
17 22 54 58 10 23
14 36 8 13 31 43
42 11 52 8 21 59
32 38 3 10 49 15
56 4 53 19 11 50
14 48 1 5 35 43
17 60 59 37 39 22
49 19 9 59 28 42
37 10 41 4 13 51
11 36 52 7 37 42
48 31 52 60 29 11
16 8 53 34 55 33
34 43 20 14 42 8
47 25 54 28 1 3
28 32 13 41 11 9
15 47 58 51 6 53
37 22 35 39 19 50
37 54 43 7 8 59
9 52 27 19 1 40
48 44 55 24 15 38
53 51 56 16 13 60
1 43 11 21 58 12
38 29 25 56 10 12
37 34 49 40 14 16
21 57 3 18 15 7
5 13 18 15 23 35
4 2 34 57 6 18
40 18 5 41 50 12
34 41 20 13 51 5
16 30 42 2 50 51
8 12 43 54 32 13
51 22 14 40 2 24
8 38 53 34 58 13
17 46 40 19 14 31
12 27 44 18 53 24
9 21 26 31 1 13
44 19 47 4 1 55
36 48 15 35 33 12
44 49 37 20 60 35
46 49 21 11 1 39
18 51 4 48 34 14
2 36 17 45 16 8
56 22 27 40 37 2
33 57 9 56 6 43
7 51 60 29 6 22
32 43 50 5 38 37
23 19 35 31 42 60
31 60 28 49 45 1
58 3 39 31 16 35
40 25 22 3 58 52
1 51 16 54 57 39
19 27 57 24 58 4
50 12 27 10 45 26
4 43 18 50 19 44
32 45 35 15 3 24
39 20 40 15 59 22
52 34 42 17 32 41
32 59 43 38 44 48
21 37 49 3 22 31
28 48 22 32 43 26
32 37 27 16 35 50
27 45 8 32 24 33
7 59 46 55 34 9
53 5 3 43 7 37
59 16 35 14 53 44
24 59 37 29 10 50
52 50 43 8 36 56
11 20 43 55 22 34
21 3 57 51 12 1
41 53 22 2 57 19
26 25 58 60 55 47
60 47 8 10 23 15
11 8 55 19 4 36
54 55 34 8 48 39
14 32 13 41 15 24
59 26 50 44 25 51
17 16 48 44 42 47
18 1 17 48 30 36
42 28 40 59 18 45
5 13 15 58 55 44
36 32 57 3 11 28
34 21 46 25 41 24
11 46 41 33 23 34
40 43 46 58 14 3
7 5 38 4 1 9
51 55 36 6 52 15
29 30 4 28 13 47
10 14 25 7 41 52
16 19 5 49 33 56
16 10 4 5 37 59
13 55 6 3 52 57
57 25 50 30 37 29
30 51 13 57 11 40
3 60 59 8 56 35
13 33 40 55 39 2
51 29 46 36 12 24
19 40 10 48 30 41
38 11 52 21 25 41
12 5 4 17 38 13
31 15 50 16 7 1
47 22 14 37 60 11
34 44 43 51 41 55
59 10 29 39 45 1
36 53 32 7 28 59
54 27 8 32 24 38
5 1 23 12 51 28
35 29 48 16 30 21
7 54 11 46 37 33
28 41 45 4 38 26
38 3 41 10 27 50
19 45 27 54 14 13
24 18 41 28 9 54
58 2 11 5 14 27
16 34 25 47 17 52
11 50 5 20 30 7
58 4 32 30 6 46
13 36 7 59 21 11
30 7 25 6 9 19
53 22 8 46 39 52
31 16 46 15 5 47
24 1 60 19 39 28
15 11 34 49 46 9
19 58 32 3 37 12
48 38 32 43 57 17
9 27 3 25 10 31
49 14 58 53 35 59
17 11 16 55 53 45
36 9 50 15 25 11
36 31 12 48 47 9
40 41 60 9 57 49
6 27 5 45 57 43
20 12 50 42 28 29
53 43 4 60 8 40
7 12 46 39 10 21
2 57 25 14 27 59
2 44 24 28 7 31
8 51 19 57 60 37
12 7 59 1 20 3
47 28 29 11 52 45
37 48 7 46 14 26
59 51 27 37 36 53
59 6 47 55 45 9
59 48 40 2 20 15
25 36 11 32 54 38
49 36 31 60 45 20
54 8 25 46 38 32
15 44 36 51 30 41
15 34 28 33 20 18
43 56 11 24 25 33
17 31 26 32 47 6
40 29 58 19 7 5
41 33 52 56 53 19
58 16 32 10 18 24
49 42 35 18 6 13
20 35 39 22 44 28
13 16 44 49 6 47
9 53 2 1 43 32
35 7 56 47 55 43
36 20 58 57 7 51
34 40 10 36 30 23
5 21 29 50 4 10
57 24 50 59 47 7
2 13 45 36 49 50
11 39 37 30 14 55
7 39 18 32 45 23
39 56 25 8 59 55
7 37 41 19 6 56
41 26 39 60 47 31
4 43 52 30 42 44
58 6 12 25 32 48
33 55 31 21 43 46
32 42 19 29 50 8
55 12 60 13 30 26
55 43 59 1 30 15
33 28 25 41 17 12
56 49 50 23 22 13
9 44 12 30 20 48
43 49 40 14 53 41
33 17 13 38 47 7
40 7 29 30 19 13
14 21 3 56 42 50
11 45 46 52 13 57
9 38 43 20 28 44
54 55 44 22 35 45
3 1 36 52 22 50
31 44 60 7 11 49
43 39 21 8 29 41
15 30 56 24 7 35
17 31 22 4 30 37
21 9 2 17 47 13
18 27 40 52 13 45
13 17 34 30 35 21
35 55 53 25 26 50
39 29 25 37 24 14
41 3 59 5 45 33
11 4 44 49 8 53
31 53 15 45 5 57
35 11 40 15 21 1
43 49 12 16 5 41
14 3 59 33 7 36
24 53 44 19 59 10
44 35 21 16 10 36
58 14 43 6 56 28