29
7 49 47 39 44 42
43 4 52 5 41 8
6 59 26 41 38 42
57 28 41 38 15 36
33 51 37 15 12 23
17 32 36 3 46 52
45 37 38 50 5 19
51 28 4 3 20 15
14 40 45 48 6 56
22 48 8 44 43 33
41 56 51 34 38 55
38 29 11 6 39 40
4 53 36 13 15 9
4 39 28 24 38 41
39 53 58 28 26 60
10 56 17 57 42 30
44 39 57 33 24 20
49 37 23 30 57 18
7 13 53 23 45 21
24 39 2 28 60 59
24 10 28 5 56 58
35 50 42 39 8 6
27 25 16 18 35 50
12 26 41 48 40 56
35 22 52 4 7 18
50 46 12 23 49 15
18 57 28 59 11 15
13 23 34 42 2 48
13 45 40 35 17 52
45 44 51 7 12 21