183
41 30 34 6 55 45
56 51 34 19 54 43
33 17 52 43 29 26
30 26 28 37 46 13
59 34 37 57 11 36
33 51 30 12 21 14
8 13 38 27 22 60
1 33 28 15 19 50
37 24 39 16 9 42
20 37 30 57 1 3
30 9 46 51 57 21
15 18 57 56 10 23
58 15 57 48 55 18
46 52 40 54 43 20
11 5 22 36 52 18
32 49 9 54 56 11
45 59 39 47 60 5
56 32 13 47 60 52
29 19 8 18 54 2
38 24 31 21 37 48
46 8 2 10 19 50
2 60 49 39 13 51
35 33 30 34 59 31
44 53 6 32 33 13
2 59 42 46 35 6
42 2 22 24 31 50
14 21 13 32 5 45
50 47 11 34 43 2
13 37 49 17 16 1
51 15 44 31 24 59
16 53 31 29 15 41
2 20 17 7 52 35
38 40 1 36 9 26
60 28 50 13 39 35
32 34 12 37 25 53
23 8 11 41 22 60
51 53 48 41 10 20
19 2 7 14 36 6
9 41 40 53 56 51
54 24 42 33 3 32
26 53 59 44 46 55
58 14 59 21 6 55
40 54 8 27 4 49
36 54 5 59 60 51
18 13 5 7 24 39
25 29 18 23 22 40
45 37 27 41 23 32
35 28 40 3 7 39
5 6 51 41 32 24
23 35 27 8 32 34
23 49 26 60 44 22
57 52 19 33 38 4
48 25 2 43 40 13
41 4 6 28 38 45
18 30 23 17 37 24
4 9 34 49 58 47
19 15 1 7 11 3
55 18 1 44 35 57
46 14 39 27 48 54
33 27 55 49 54 37
34 44 48 51 33 50
32 41 11 49 33 26
15 20 32 53 3 1
38 44 2 10 28 9
33 4 34 53 16 50
1 50 15 38 24 8
12 2 50 38 29 58
36 6 26 24 57 32
26 13 8 35 59 36
23 37 1 19 44 17
40 35 1 22 17 36
2 7 17 60 57 42
59 19 51 23 7 21
38 19 3 36 28 42
18 49 41 7 28 13
13 50 23 1 57 3
49 48 28 31 43 60
15 32 38 20 55 24
1 32 45 7 2 35
18 20 1 36 53 57
40 48 5 42 6 41
7 60 43 31 3 9
45 38 22 9 26 6
13 35 37 36 28 26
37 25 16 60 1 18
43 21 6 31 14 39
49 40 13 36 15 42
8 22 29 32 43 21
7 8 27 40 29 39
54 32 5 20 24 19
40 29 4 2 11 52
8 12 22 14 39 30
35 24 21 30 60 36
19 28 21 7 32 38
52 44 1 28 20 39
37 45 1 4 16 5
20 39 42 46 50 23
49 51 48 59 8 26
58 54 14 55 23 41
2 4 20 46 22 33
36 37 22 2 9 26
1 8 53 60 23 9
28 53 47 33 15 23
51 46 31 12 4 35
18 26 50 15 56 36
40 57 50 51 59 31
2 44 11 50 33 25
30 31 8 5 36 11
11 58 12 32 29 24
51 18 44 55 48 39
18 36 59 28 5 3
26 34 45 37 42 15
2 13 47 19 24 16
30 17 40 55 18 12
21 39 11 1 42 46
36 38 11 22 18 49
57 53 52 38 9 17
10 3 4 50 56 43
37 57 29 49 15 11
5 45 18 42 46 41
38 34 47 29 46 27
24 40 26 39 19 48
54 43 17 50 39 1
24 42 36 46 9 32
26 17 7 38 4 15
23 57 5 53 14 32
41 26 10 44 5 23
37 45 10 14 40 7
26 6 28 2 51 37
51 57 56 24 43 33
28 56 15 54 59 21
55 1 58 25 9 28
42 21 57 30 59 49
9 6 54 17 33 41
37 2 36 8 45 25
39 40 15 26 31 50
33 8 58 59 27 30
45 26 3 39 30 32
55 30 4 18 38 29
32 35 11 18 28 1
5 34 52 3 53 45
33 57 60 51 28 37
21 17 20 9 33 26
10 19 54 30 33 18
40 25 13 10 7 2
35 30 33 23 24 1
7 54 32 9 3 39
51 31 46 55 4 14
16 10 57 36 24 13
43 5 9 60 25 20
35 39 41 31 19 50
38 16 26 17 7 20
12 59 26 39 32 5
7 57 8 5 43 58
25 18 32 57 37 34
59 12 38 3 31 33
49 16 19 9 41 6
34 53 22 7 36 33
32 2 49 41 36 34
32 52 34 31 49 23
19 32 54 57 51 44
51 44 19 12 38 30
8 56 18 9 27 4
29 52 36 14 54 3
3 58 22 42 11 47
16 55 35 36 53 49
59 6 44 54 32 46
56 9 34 4 50 46
55 28 23 27 36 26
15 27 16 52 53 8
13 28 60 49 40 35
13 6 8 9 1 14
9 44 43 28 31 23
17 31 41 10 43 28
32 17 57 43 34 11
29 49 2 21 60 25
48 26 40 44 17 28
50 56 34 60 55 44
21 5 13 60 35 34
55 42 13 49 58 26
10 15 21 26 52 34
39 24 44 58 56 28
25 53 20 26 52 7
34 17 24 53 42 54