229
17 28 53 59 1 23
45 17 48 13 53 59
28 6 53 60 20 2
48 5 30 23 52 7
31 20 54 51 47 9
7 44 52 8 54 16
13 2 49 22 55 33
29 55 60 50 13 56
40 60 1 3 41 14
30 59 15 47 46 48
42 9 55 58 16 40
15 3 16 5 49 13
2 38 23 43 52 44
32 3 23 44 27 20
9 5 10 17 47 20
39 40 1 14 2 42
11 23 22 12 53 34
11 58 22 51 9 46
59 18 53 15 43 13
23 36 21 28 20 35
32 25 40 53 1 11
10 36 43 54 47 28
1 59 14 27 32 43
37 44 36 56 47 14
48 4 27 21 45 52
40 28 39 48 30 14
39 19 27 59 58 5
5 33 48 2 27 19
28 40 32 3 44 56
14 13 20 33 51 55
40 54 33 12 60 31
18 38 24 30 12 10
27 56 30 47 35 12
32 16 28 19 2 7
55 54 32 41 18 48
32 50 56 40 33 21
22 24 13 20 49 29
31 41 6 42 22 13
13 22 46 41 19 54
30 10 4 60 12 27
28 25 36 10 57 14
27 2 46 24 56 8
44 4 32 6 35 40
20 19 50 1 30 27
1 29 9 19 7 59
32 15 6 58 20 23
60 1 32 49 55 28
32 13 14 6 56 17
9 35 53 5 48 10
51 10 18 29 59 46
11 60 55 24 2 39
47 59 41 8 7 16
32 10 51 48 45 27
33 41 22 42 54 9
41 1 58 52 48 42
12 53 37 18 13 1
14 6 4 2 37 43
1 49 2 38 8 40
39 16 27 9 25 41
46 43 16 24 17 42
52 43 12 15 30 9
9 32 49 12 52 41
35 55 2 42 23 50
44 31 15 29 40 42
8 9 34 21 45 26
36 51 1 23 22 28
8 10 5 49 33 13
44 49 51 24 32 34
19 5 38 26 44 23
28 17 26 57 24 1
17 54 37 20 56 32
6 50 52 25 30 54
56 23 51 21 38 29
40 13 18 57 42 36
37 52 19 54 58 21
44 29 8 1 54 5
29 55 12 31 7 9
1 7 43 17 4 39
3 59 16 11 50 41
55 19 56 27 12 20
24 18 29 59 44 42
52 51 54 7 9 59
42 16 9 22 53 30
14 7 29 53 4 33
50 31 57 46 52 8
16 14 10 37 18 20
5 10 22 60 51 59
57 41 42 9 51 14
14 53 3 30 26 54
35 23 14 51 2 18
7 14 23 43 48 41
13 30 45 57 33 28
1 36 34 28 29 2
25 15 57 31 16 30
46 9 24 34 31 20
13 5 24 17 12 53
46 16 48 44 34 10
37 13 53 32 20 56
30 32 48 25 51 27
17 20 30 34 26 32
37 55 40 53 8 56
30 26 14 37 43 53
9 49 50 8 48 6
48 20 7 57 28 24
31 37 22 6 54 9
6 40 20 13 41 28
7 10 24 55 45 5
50 48 1 13 11 5
31 16 20 26 5 12
39 2 20 24 10 38
10 40 3 13 14 55
41 53 52 59 32 54
45 28 41 40 12 34
1 51 22 30 12 21
22 27 14 3 15 44
43 44 38 46 42 22
9 38 8 32 12 36
16 60 23 6 37 31
24 47 14 41 38 40
44 7 6 40 60 2
19 49 26 59 57 40
57 49 53 25 51 18
22 28 32 23 50 48
59 24 58 23 25 14
44 60 7 59 6 34
25 18 60 5 14 56
60 22 21 31 14 12
40 51 57 35 58 47
21 12 60 8 18 59
31 15 41 38 55 52
26 27 15 34 33 12
6 31 54 57 18 60
2 13 33 46 29 7
32 42 59 12 5 30
32 60 19 43 28 8
17 9 15 58 32 48
47 17 44 56 25 33
13 15 18 6 16 23
28 48 43 57 12 41
27 9 2 60 45 43
7 25 40 15 14 58
18 32 31 34 33 7
20 46 55 52 17 22
18 15 28 31 27 12
31 28 55 32 42 29
3 30 8 29 53 46
48 2 39 52 41 7
54 43 32 37 6 5
26 13 24 54 58 55
33 45 53 17 4 54
51 43 20 46 34 14
7 48 26 4 24 44
58 28 50 37 38 32
36 11 44 33 20 30
16 14 46 37 59 31
19 15 44 57 42 27
44 26 16 59 56 7
42 59 3 39 19 8
14 36 37 12 9 24
46 7 6 44 58 34
11 7 51 22 42 55
33 58 28 9 42 44
23 33 11 4 30 58
25 54 51 7 37 3
7 44 8 21 53 32
31 33 7 58 12 51
11 6 9 60 44 37
25 51 5 29 32 30
41 9 4 27 16 8
24 27 43 48 60 1
48 32 18 54 11 42
15 25 3 30 31 20
20 26 46 35 37 53
41 39 46 16 27 9
25 20 55 42 17 51
25 49 53 16 41 57
55 50 60 5 19 57
21 5 33 16 45 1
31 12 56 51 32 27
53 37 48 18 38 36
45 34 24 3 42 7
46 51 28 47 13 52
30 57 29 10 17 41
40 27 45 5 43 56
31 60 14 2 11 20
32 13 40 58 59 14
23 47 30 39 13 51
58 5 45 27 18 51
26 29 37 60 33 49
59 23 3 45 56 26
51 57 8 33 39 5
35 21 44 12 19 25
10 46 56 34 48 3
43 46 19 57 55 48
51 40 60 49 37 24
30 28 53 19 5 39
3 35 54 46 37 4
30 56 54 46 58 60
53 21 57 29 17 11
27 7 5 55 11 23
8 9 2 50 47 11
40 5 3 13 57 44
12 27 29 50 35 30
57 33 7 15 40 35
34 22 30 28 10 21
56 13 28 10 23 6
27 59 48 35 26 22
55 53 35 16 36 48
17 36 40 30 21 1
40 32 13 43 12 51
49 43 46 37 56 58
22 39 17 1 38 52
25 28 11 21 47 51
20 23 37 60 47 27
60 4 11 23 19 8
43 49 48 38 6 13
45 59 15 4 33 41
4 13 55 17 16 56
40 15 54 26 43 34
20 19 36 44 3 54
49 44 51 30 57 39
45 17 4 15 42 26
56 31 10 11 4 48
30 21 58 9 37 23
34 10 54 49 20 59
19 24 9 10 49 50
59 6 21 52 31 5
3 8 54 19 35 49
32 2 19 38 27 48
19 17 14 34 20 7