466
7 59 49 22 11 3
25 27 3 24 12 45
29 59 36 56 3 17
46 36 29 58 44 38
56 37 6 49 57 38
50 45 35 54 48 19
47 24 15 25 27 28
6 42 47 56 46 2
6 25 15 19 54 20
25 59 49 23 17 6
3 51 15 26 59 43
7 53 3 29 17 45
4 48 33 13 16 24
38 46 4 31 53 17
1 22 39 28 21 36
14 26 51 36 7 50
38 4 1 53 28 7
55 39 31 44 38 34
46 36 43 45 35 21
56 30 38 42 14 27
9 7 51 41 35 15
44 10 49 8 50 11
16 50 31 48 22 44
21 19 57 1 24 34
20 8 29 57 58 43
41 5 2 9 58 32
53 37 24 47 26 55
36 24 58 27 6 56
8 43 3 12 26 41
9 16 59 35 11 17
12 20 33 44 41 2
29 22 59 31 52 28
57 34 2 33 23 20
10 13 33 24 52 1
24 27 10 5 4 7
40 49 55 9 5 35
2 15 39 35 38 55
2 48 49 37 44 41
45 35 40 48 6 31
36 13 51 7 21 27
58 24 32 16 46 36
9 43 26 4 2 27
25 14 49 29 3 48
38 2 32 21 34 43
59 60 37 58 54 10
5 35 49 9 48 43
5 57 12 6 11 58
32 50 29 26 6 58
54 51 37 56 49 43
17 49 13 10 36 32
30 36 18 25 27 43
7 36 20 55 2 10
38 60 47 21 24 23
55 18 30 1 8 26
21 49 40 11 51 45
45 29 30 27 10 16
29 14 6 54 7 15
47 27 36 30 35 59
48 17 29 46 51 12
20 14 2 55 22 29
50 8 9 34 46 44
42 31 41 46 30 15
47 11 37 7 28 20
17 25 32 5 12 43
38 42 43 28 15 45
60 48 7 1 12 56
24 4 39 10 43 56
39 7 37 20 35 33
4 59 49 60 43 17
31 9 5 21 17 42
36 9 55 46 12 27
19 13 41 53 25 22
49 20 29 59 45 56
23 3 20 51 35 19
12 30 3 9 31 21
38 23 22 56 27 41
13 33 2 1 58 19
41 5 48 37 53 21
46 48 21 28 13 54
42 58 11 28 38 26
45 46 8 50 47 18
16 48 54 59 60 35
51 53 34 26 18 37
25 58 49 54 40 32
35 58 38 29 59 8
52 19 36 7 9 40
26 39 35 23 7 21
9 6 27 17 50 40
38 31 60 48 4 40
14 40 5 23 19 41
24 41 21 60 51 50
51 60 28 7 54 53
24 3 43 13 60 46
37 22 33 21 54 55
46 42 17 51 57 19
54 36 16 40 20 24
58 13 50 23 30 7
53 18 49 33 16 48
13 35 29 52 41 2
34 33 10 50 60 37
4 35 47 19 45 15
27 42 20 47 12 11
44 36 34 49 31 58
49 12 10 28 45 29
51 37 53 26 7 46
19 40 34 48 2 45
17 37 23 8 24 6
9 52 32 38 5 27
58 43 39 42 31 44
19 41 49 58 13 54
32 22 47 44 15 4
5 25 24 29 35 12
54 43 30 27 12 26
42 45 3 4 38 22
52 35 22 17 25 24
4 32 55 48 50 15
59 56 22 29 16 52
14 48 12 35 1 20
49 24 39 42 41 50
58 20 56 44 16 47
21 36 45 50 59 14
11 31 12 38 57 58
5 34 39 27 14 35
47 6 14 20 39 13
9 59 13 10 17 26
47 24 21 6 25 52
23 1 17 49 26 42
42 46 25 54 44 7
34 21 17 58 59 24
4 41 31 52 27 10
24 19 11 44 43 18
52 9 18 14 44 31
20 39 9 11 14 37
25 45 44 1 53 51
49 33 39 48 2 27
60 58 35 5 37 43
24 37 26 7 52 15
22 35 20 34 7 60
15 52 45 54 28 18
37 46 50 35 45 30
27 40 48 12 28 6
4 43 47 41 44 38
60 26 7 39 52 13
3 24 37 16 44 6
15 21 13 3 2 4
30 9 34 28 56 40
59 50 6 3 24 54
3 9 57 49 43 41
46 33 41 34 36 29
27 38 13 36 54 25
1 26 58 44 40 30
6 46 45 53 59 10
52 44 4 40 59 23
39 23 11 10 15 37
55 16 41 36 38 50
15 1 45 17 8 29
60 35 57 42 30 56
26 7 57 16 20 58
5 36 28 31 26 20
19 47 14 34 6 9
4 19 30 38 26 52
29 4 12 40 18 2
15 36 10 13 49 20
43 25 36 49 38 27
59 34 39 41 30 42
25 17 37 33 15 59
32 5 55 43 57 51
18 19 22 26 54 8
53 22 16 10 58 46
42 19 21 2 45 26
53 52 40 30 37 2
25 7 45 38 48 53
30 32 40 22 33 2
42 35 25 23 49 59
8 57 60 9 2 42
18 34 33 1 26 43
52 23 5 40 14 12
16 12 35 19 36 39
19 23 2 60 1 44
42 60 33 54 21 16
33 52 34 12 40 24
7 14 38 21 3 25
30 11 53 34 56 8
15 30 5 59 23 28
10 41 21 17 48 18
49 24 16 2 28 48
6 58 36 12 17 11
11 37 60 48 5 13
12 45 44 41 23 39
28 27 10 54 33 47
5 43 44 53 11 4
40 51 9 18 27 39
54 15 9 48 57 53
40 54 9 59 35 16
36 47 24 16 6 48
22 56 13 32 44 6
60 11 12 54 10 24
3 28 50 2 22 34
47 40 24 29 22 52
21 5 10 8 51 3
56 11 27 43 36 49
21 5 29 25 52 48
33 29 6 44 43 8
49 34 43 24 50 19
41 32 3 20 12 30
23 59 5 41 18 4
42 6 19 26 12 43
57 16 8 28 5 6
47 10 41 24 30 34
45 15 53 22 34 3
44 23 47 4 8 25
13 17 7 42 47 49
46 12 57 38 26 6
32 54 35 29 48 56
52 51 43 18 16 60
48 21 31 45 36 29
35 45 32 38 58 44
52 28 36 58 1 41
58 24 53 1 55 25
15 7 48 4 23 40
34 22 13 43 26 47
24 30 56 23 19 40
45 56 6 55 34 13
41 13 60 14 9 53
27 6 26 10 8 12
42 29 33 30 60 3
13 51 40 2 19 3
41 33 55 8 60 17
9 32 7 2 10 40
16 45 46 52 9 7
48 43 29 44 51 40
40 7 8 47 12 11
23 59 8 30 38 2
34 49 9 54 53 7
22 9 56 39 7 34
17 55 13 47 45 52
2 51 12 24 36 16
2 27 18 48 33 39
1 22 56 39 53 44
36 18 53 28 44 35
21 47 59 52 26 7
55 25 49 26 13 14
7 21 25 32 44 56
44 4 11 6 14 8
18 45 4 8 17 20
59 60 32 36 6 46
59 8 7 30 15 38
1 22 9 34 31 4
23 15 40 53 31 50
34 40 23 20 58 35
32 20 43 57 30 42
39 30 11 7 24 18
3 23 46 10 37 41
6 55 32 21 59 50
26 35 4 3 44 10
30 40 15 28 35 13
11 26 58 50 49 53
49 7 30 25 28 18
4 35 53 16 9 26
49 57 33 19 1 29
33 37 43 60 29 51
46 32 38 14 7 30
37 17 16 49 24 8
43 24 22 34 29 28
45 32 46 1 42 41
45 47 56 46 16 51
48 42 43 2 44 37
6 39 28 5 12 21
23 30 39 52 16 24
39 14 52 2 4 32
9 53 36 5 60 14
15 27 40 60 37 51
39 31 56 47 3 21
48 51 22 16 39 8
22 53 4 11 31 6
47 8 44 49 6 18
38 26 10 44 40 50
29 42 1 54 9 59
15 41 44 34 17 36
10 47 29 17 31 15
11 10 56 60 43 39
54 20 11 35 32 19
23 8 17 36 19 45
8 28 15 36 11 10
27 57 12 49 40 24
38 28 40 3 39 18
57 55 9 7 24 18
35 54 45 48 5 3
6 29 39 53 46 57
19 13 2 49 10 60
48 43 21 57 34 58
56 50 6 45 30 12
17 5 46 30 48 2
51 55 23 42 13 16
56 40 22 44 57 3
42 10 29 2 13 7
21 19 48 1 46 31
46 18 6 52 12 30
59 28 2 35 24 16
30 50 39 42 36 28
39 44 56 19 33 25
6 35 52 19 42 28
26 1 3 33 16 32
6 40 47 49 45 18
19 14 27 26 31 24
26 14 22 35 46 7
2 24 57 42 20 54
35 15 2 60 3 32
29 41 33 7 14 48
1 47 43 24 45 22
8 12 22 17 11 29
31 39 34 8 3 58
9 44 41 36 3 5
44 22 21 27 55 25
30 25 22 34 44 19
20 26 43 40 25 34
47 21 37 17 3 40
28 53 42 59 51 19
29 3 45 42 47 19
36 6 54 2 10 8
44 38 42 20 30 18
34 58 50 44 27 31
29 34 58 8 6 33
32 27 21 9 46 58
51 3 7 48 5 10
10 53 45 56 28 19
28 22 1 3 47 42
34 17 53 49 60 13
1 46 60 8 4 6
13 24 4 28 19 36
20 23 59 42 7 25
30 38 31 54 6 16
10 26 13 9 21 54
35 34 13 4 5 10
56 59 3 42 20 43
1 60 29 5 19 12
47 54 24 55 7 26
19 16 37 10 46 52
56 1 41 3 58 44
46 24 31 59 43 14
59 56 38 2 14 41
6 21 23 2 48 45
55 27 8 2 14 37
17 44 37 8 59 4
39 3 15 53 44 20
9 33 36 34 28 12
7 27 47 44 2 10
9 1 58 59 42 21
30 45 58 28 52 2
20 8 6 35 50 17
21 48 30 60 51 26
53 43 11 50 1 57
25 43 44 22 30 50
32 23 24 36 2 17
31 5 48 24 7 55
11 3 50 10 29 58
12 47 2 31 57 13
34 50 15 12 19 48
49 15 47 43 25 18
53 38 56 15 12 2
8 31 56 18 10 6
7 38 55 57 54 32
29 3 12 21 13 52
35 44 3 56 37 30
49 44 17 42 4 43
59 30 2 1 36 6
4 47 23 53 58 21
41 44 17 12 31 28
34 28 16 40 8 31
18 15 35 30 59 60
35 22 11 34 3 14
2 28 9 18 11 42
4 42 19 7 17 52
6 56 48 24 40 21
15 44 22 20 39 56
58 59 47 19 43 15
47 35 15 28 49 27
51 17 46 56 8 24
5 54 18 51 59 19
30 60 2 47 11 1
47 27 6 11 52 19
43 17 23 51 29 1
39 28 9 1 38 17
35 34 32 19 52 54
2 30 28 18 36 43
32 34 58 36 48 13
31 11 33 43 1 12
35 5 12 47 14 7
9 24 1 41 52 40
29 17 5 47 34 59
11 48 15 18 4 29
32 12 24 8 16 39
19 4 49 27 46 2
42 40 58 29 46 27
4 42 41 49 35 22
48 33 54 49 53 44
30 24 49 40 60 10
44 31 3 1 9 28
24 5 33 7 53 6
12 23 36 32 25 49
12 52 18 33 7 6
47 17 11 37 34 7
51 18 60 17 38 25
2 15 23 22 48 11
60 51 59 25 35 47
8 5 15 2 44 21
35 54 37 52 46 25
24 50 11 29 3 20
43 17 55 32 40 49
20 24 46 22 17 27
41 4 50 1 18 25
10 30 12 38 34 27
16 54 6 45 18 32
35 45 11 23 26 42
34 13 55 19 6 30
41 39 29 20 6 54
13 55 42 22 44 33
34 12 13 51 47 57
35 12 59 19 33 1
55 47 20 54 25 30
53 44 39 34 55 10
55 12 3 53 15 14
55 22 8 56 42 27
16 20 40 11 6 28
32 35 27 7 2 53
40 7 16 55 15 18
12 14 9 18 32 46
57 14 40 2 22 23
2 25 39 1 7 48
48 18 51 26 21 12
30 15 14 3 55 36
52 41 2 26 9 32
25 51 30 27 38 46
22 59 15 38 48 17
12 51 18 26 59 4
42 20 41 57 34 37
51 6 53 12 58 1
44 28 15 5 54 49
53 25 55 14 37 6
18 26 27 51 45 56
58 15 8 33 55 53
26 58 35 10 6 30
29 49 47 12 55 57
3 6 21 29 15 19
32 25 37 51 54 24
26 16 35 60 40 55
3 21 58 57 16 6
22 34 9 45 1 18
40 32 54 50 24 20
46 48 21 31 33 38
45 57 33 54 24 15
59 22 12 40 32 23
59 50 58 37 8 20
6 23 29 37 30 32
7 10 32 38 28 8
28 14 36 56 55 21
36 14 40 9 25 41
4 6 45 22 32 36
28 25 5 4 29 57
18 44 12 19 34 28
2 17 36 30 47 32
18 30 15 26 45 38
41 17 19 46 23 6
56 35 38 28 41 5
5 41 31 22 30 6
19 44 60 38 6 53
38 46 11 6 41 4