117
34 29 44 4 27 46
55 58 8 36 29 1
52 46 32 43 20 58
5 51 21 38 34 8
33 29 19 8 40 13
37 32 47 19 2 4
5 42 53 30 9 17
37 25 47 53 10 26
55 43 50 57 42 30
33 20 3 49 13 45
57 51 6 56 13 28
34 29 60 22 50 14
23 38 46 32 12 30
10 45 20 11 41 12
47 5 15 20 52 36
1 44 23 39 59 15
31 23 2 52 20 29
12 1 44 28 9 32
5 3 51 42 8 2
22 5 60 16 52 15
47 53 16 4 55 57
47 50 24 49 56 59
48 44 34 24 46 18
26 43 44 49 1 55
18 2 32 15 36 45
8 23 58 28 33 22
51 13 38 55 14 57
18 32 2 1 55 39
49 18 54 38 2 32
23 43 19 20 55 56
40 26 24 12 48 25
42 44 53 37 22 59
16 57 56 58 42 41
24 31 9 21 30 7
35 27 32 13 38 44
23 19 25 3 46 59
36 43 39 32 26 35
19 1 57 37 60 20
15 41 31 60 3 35
18 28 7 12 3 44
8 34 28 31 1 30
30 38 44 53 21 12
9 16 59 38 49 42
7 49 28 23 22 35
20 40 57 12 14 31
28 60 21 38 51 11
9 56 43 7 54 49
23 20 22 54 25 31
13 43 33 2 52 55
41 29 24 3 52 54
58 55 3 54 21 49
40 9 24 17 16 20
57 40 10 30 48 33
43 45 59 19 33 41
51 38 44 15 57 22
40 22 12 17 56 32
16 10 55 28 51 44
9 22 2 15 24 56
42 40 60 31 47 54
14 24 7 60 59 44
57 18 33 23 19 44
3 1 19 5 44 30
4 48 35 59 2 46
45 6 38 51 28 7
51 49 21 55 36 14
56 10 5 27 55 45
12 20 51 58 50 1
48 4 50 2 31 47
17 39 55 18 25 40
57 17 8 24 12 21
56 2 42 52 4 49
37 14 35 8 34 19
43 12 32 38 27 56
19 15 48 2 26 8
51 26 43 34 18 42
2 21 20 30 46 1
46 60 10 22 5 1
10 31 17 49 59 9
14 24 48 53 37 17
20 16 17 35 19 5
9 14 31 29 25 55
1 12 16 7 4 34
16 28 46 19 21 48
7 37 53 44 40 57
36 55 33 11 30 52
7 27 8 45 38 52
18 21 40 29 20 6
32 41 37 29 11 3
20 59 49 46 21 57
38 50 19 9 22 26
12 52 20 30 22 19
20 51 28 57 40 43
9 33 44 1 46 20
55 57 17 51 44 58
58 9 19 6 40 49
39 49 45 13 21 57
12 17 32 30 8 49
48 30 42 57 8 1
1 37 23 9 60 49
46 1 13 51 33 19
2 51 13 1 46 29
51 10 22 36 39 16
20 9 60 6 36 48
18 52 6 14 2 41
23 51 57 11 41 43
21 4 48 59 13 50
24 22 16 7 51 29
43 54 9 41 42 15
6 48 21 9 4 7
20 52 29 48 13 34
14 46 2 54 52 9
14 30 7 35 19 28
30 10 46 17 11 37
9 12 2 39 59 19
20 44 30 1 12 54
21 52 3 26 14 39
47 6 22 40 31 55
48 42 56 18 36 16