145
9 51 7 26 55 15
27 29 44 7 41 20
24 3 11 17 21 32
46 14 48 51 24 38
27 38 45 57 34 59
31 3 26 16 24 57
20 26 30 25 57 5
25 36 4 7 10 57
55 59 19 34 29 40
48 34 35 2 7 16
4 60 32 22 18 50
39 47 36 48 60 23
50 1 14 11 22 48
51 33 52 10 34 58
51 28 54 8 29 56
16 56 18 11 37 46
22 41 45 6 1 50
59 35 37 4 5 51
55 13 46 43 19 58
55 40 37 48 31 12
46 3 52 29 25 18
58 28 14 41 51 29
48 16 60 36 6 10
15 50 48 4 46 6
27 54 19 26 41 57
9 55 51 33 25 28
2 4 17 55 1 56
18 25 20 15 2 41
4 59 1 45 46 50
31 55 10 42 49 56
6 42 9 41 45 59
49 34 58 31 42 59
8 13 10 37 60 46
5 30 41 34 27 42
23 41 39 59 27 42
36 23 34 57 44 7
31 28 52 59 41 37
13 27 29 23 30 44
16 32 55 54 15 17
17 24 22 44 11 53
48 60 50 14 8 59
54 10 49 24 34 3
56 29 28 45 52 49
12 40 53 19 4 9
15 33 47 34 53 17
45 25 13 27 29 57
55 14 8 36 13 33
43 26 38 46 31 42
34 23 42 4 29 52
32 34 15 55 20 29
42 32 41 25 51 38
2 9 3 57 38 42
54 52 44 37 19 40
9 42 23 34 15 51
22 6 38 1 39 49
31 10 40 37 44 20
25 20 16 42 40 11
19 40 58 57 45 8
10 17 30 34 38 44
5 4 22 34 57 42
56 3 30 2 1 23
54 9 33 26 58 1
44 50 39 60 17 58
15 46 43 40 26 10
46 55 18 14 35 30
57 4 33 52 14 18
39 26 8 28 5 45
9 8 17 36 28 16
42 6 36 32 24 57
38 1 6 39 2 16
57 53 38 30 8 55
44 37 26 22 52 9
55 8 6 51 19 39
51 56 48 44 43 19
9 18 25 57 21 30
1 49 18 33 15 56
6 24 23 21 28 40
13 30 18 1 17 9
40 3 1 44 5 33
53 4 44 5 30 14
41 11 43 40 3 53
59 56 39 29 36 32
38 7 47 30 43 51
5 21 9 53 40 8
56 52 11 27 33 54
18 55 16 45 33 22
13 28 12 29 26 19
50 39 16 8 49 38
54 59 19 33 17 41
10 57 54 38 39 40
51 36 43 4 23 10
56 28 42 53 47 40
43 45 54 34 51 42
42 52 29 43 1 46
7 23 37 29 9 14
33 34 29 5 40 59
50 52 39 42 14 38
23 58 59 13 42 7
39 26 4 55 29 41
6 13 10 48 17 33
31 4 26 23 51 8
60 28 34 15 30 35
22 47 14 11 26 41
7 23 30 35 50 5
25 4 12 34 26 54
53 30 1 38 14 42
14 49 25 1 9 22
10 60 50 53 23 32
44 46 19 23 59 37
18 9 33 48 25 12
9 25 30 2 29 46
43 25 58 14 38 15
18 50 25 60 58 56
51 30 44 37 45 2
59 52 47 5 19 30
12 21 5 6 7 37
8 23 43 49 37 17
37 6 44 32 12 7
12 57 48 40 27 2
1 18 34 25 6 27
21 52 22 4 18 36
55 15 53 34 14 54
41 4 24 44 57 56
19 22 20 8 47 54
8 27 48 33 60 5
20 3 1 18 51 9
51 21 41 1 57 47
35 55 39 1 34 12
45 51 11 19 9 18
58 25 23 15 30 20
52 49 5 48 36 40
54 28 45 53 50 14
47 36 12 40 25 10
11 57 50 3 28 13
32 11 31 27 41 51
38 39 36 23 42 24
42 9 22 3 54 56
28 20 14 7 6 40
28 52 17 56 16 18
18 41 17 59 46 45
24 21 58 13 42 15
25 38 48 42 47 56
19 47 41 34 40 57
45 57 12 17 58 5
38 25 6 17 52 40
49 41 10 20 26 55