451
36 9 6 48 41 18
13 25 20 57 45 55
44 32 23 9 39 13
59 20 29 38 45 19
51 47 28 1 29 2
22 16 59 54 58 34
44 6 54 56 52 58
16 52 3 12 42 51
50 23 22 6 59 9
27 41 44 10 15 31
49 2 51 5 28 31
37 39 14 9 17 5
12 56 34 16 29 30
27 31 19 50 52 22
55 16 5 9 10 33
36 25 56 49 50 29
30 15 21 33 14 19
42 51 56 43 55 34
14 41 6 43 29 8
29 43 13 23 40 48
55 34 41 58 13 21
59 39 4 56 17 52
6 18 46 10 37 17
40 47 33 5 43 14
45 33 24 54 20 52
6 3 4 19 52 29
42 44 18 49 40 56
9 6 25 49 40 12
41 20 32 38 26 3
26 52 10 36 38 44
11 60 15 21 25 20
25 11 22 56 50 35
57 21 2 38 33 23
22 32 8 4 14 29
5 9 35 1 7 33
9 56 27 32 55 44
48 50 11 22 25 41
26 19 55 2 40 12
60 39 38 12 22 50
53 58 25 10 31 30
8 46 49 43 7 52
5 30 27 42 13 15
50 30 41 4 15 36
48 50 12 14 5 8
13 34 57 20 23 4
52 34 39 32 44 38
42 58 32 35 13 14
57 58 38 53 41 55
18 58 28 45 46 29
48 11 16 53 38 47
13 48 40 6 9 44
15 54 6 39 38 46
33 52 8 2 30 23
46 30 22 53 10 60
46 18 56 23 41 33
35 3 27 41 2 56
22 58 41 12 13 37
1 38 39 30 51 28
22 44 40 15 29 42
16 19 52 3 47 9
32 5 3 48 46 4
22 40 34 26 12 18
27 13 54 59 26 16
24 47 54 34 15 23
57 31 50 45 24 28
9 48 22 26 54 31
23 21 52 20 6 31
47 33 17 27 44 53
40 43 35 48 17 45
21 43 51 45 46 26
48 5 60 38 45 3
50 7 52 36 27 41
4 47 1 50 52 39
58 41 52 12 31 53
37 32 21 42 46 59
16 47 52 11 48 6
14 41 48 42 22 55
19 16 53 35 45 46
46 41 59 55 30 19
31 57 33 58 41 5
57 12 41 23 10 21
45 55 7 24 51 15
59 55 54 27 56 1
38 5 35 41 31 57
4 28 45 23 10 33
4 10 42 59 48 26
3 56 7 26 50 46
18 34 14 5 11 2
15 39 44 38 23 50
40 49 34 25 29 15
20 13 6 30 8 59
20 11 32 45 33 21
38 45 43 42 2 35
44 55 38 45 30 1
12 60 46 35 24 18
12 42 55 60 15 34
16 43 26 5 56 22
55 25 42 41 56 37
43 49 53 51 23 47
3 38 57 5 10 8
4 1 37 13 19 30
22 42 33 29 37 44
15 38 46 30 14 44
48 60 47 25 39 30
21 2 22 25 4 34
18 2 57 19 6 53
41 15 29 40 31 35
20 1 41 49 2 10
18 42 16 58 21 59
41 54 34 39 20 17
44 41 10 46 19 32
33 46 38 57 21 39
1 16 58 18 53 34
52 16 33 30 9 19
29 59 17 38 52 7
29 26 4 40 20 15
2 26 22 8 31 23
53 24 32 60 42 18
39 5 18 58 12 20
43 11 35 15 27 16
55 28 38 56 26 41
13 16 20 39 41 17
15 39 43 49 10 6
53 19 45 24 18 2
36 38 20 43 23 3
53 3 39 10 9 15
14 43 38 56 52 59
49 4 12 38 29 42
15 7 43 14 20 42
52 11 3 36 39 28
13 57 27 42 50 39
34 41 44 4 54 11
44 24 11 39 40 58
18 29 11 33 46 26
7 43 47 44 55 22
35 50 37 18 16 57
21 7 3 35 26 43
45 35 38 11 43 15
51 29 53 13 8 48
21 48 35 50 14 29
50 7 39 13 59 51
45 34 46 39 31 3
19 46 36 32 44 12
4 30 32 33 19 17
48 28 52 36 20 58
54 55 27 34 32 16
34 11 10 23 5 9
18 44 42 60 10 19
56 6 36 43 28 1
56 26 27 36 30 5
40 42 50 27 36 48
28 56 11 43 23 49
55 41 52 1 8 47
37 2 43 10 29 23
60 48 57 44 46 9
14 47 54 13 27 29
38 6 22 41 45 43
9 32 23 8 40 35
7 44 30 32 59 12
46 30 36 14 42 33
2 34 17 42 44 58
55 5 46 12 41 8
4 16 9 56 8 46
59 57 30 6 24 20
36 32 23 5 9 12
8 30 4 27 54 44
21 33 22 34 49 20
42 19 48 22 52 9
29 57 3 33 31 23
2 15 42 1 27 24
3 51 21 9 4 16
19 27 33 50 32 22
53 3 55 56 33 1
24 5 3 60 37 16
41 24 20 23 13 54
39 20 5 43 31 17
10 53 50 35 33 37
59 38 13 42 18 52
48 32 36 31 1 28
30 22 39 4 31 24
53 49 16 29 8 6
18 12 34 33 44 58
38 36 29 47 58 48
5 10 48 27 2 22
58 37 23 53 14 55
43 4 10 53 48 37
14 23 55 41 16 47
44 55 50 12 45 60
51 17 43 4 18 54
8 52 5 31 17 22
5 7 48 11 27 41
16 27 34 9 54 57
1 39 8 17 27 16
37 24 8 38 17 20
5 10 37 23 25 44
8 59 25 18 57 19
47 19 32 29 16 11
41 31 45 22 55 46
32 34 22 47 10 50
34 5 7 21 18 46
32 60 16 52 22 44
25 58 41 56 47 9
36 59 38 43 5 14
37 36 59 32 34 25
16 23 10 20 6 33
18 46 13 43 40 2
23 9 40 5 39 7
28 36 37 47 51 31
57 15 18 3 6 54
26 2 9 19 52 23
3 29 4 37 56 48
40 8 4 20 60 17
6 51 43 14 12 47
14 19 31 55 48 52
6 13 23 37 24 48
28 4 47 57 48 3
2 54 9 56 49 22
60 42 3 35 38 45
14 54 30 10 27 39
35 10 47 59 16 12
40 54 33 57 6 31
41 30 16 10 22 9
16 20 31 32 13 51
14 56 32 31 46 20
39 9 5 44 20 17
50 16 35 28 31 19
51 50 43 60 56 1
18 49 53 56 50 28
38 12 48 21 41 50
21 46 9 55 13 32
13 41 11 46 12 20
35 2 57 48 15 27
47 2 1 38 25 60
20 48 54 46 6 32
47 45 23 10 16 8
8 17 35 59 16 57
23 17 58 22 38 52
43 32 53 6 37 4
24 13 7 18 42 11
56 49 7 8 18 6
38 39 55 50 20 11
52 36 54 60 19 57
1 3 26 38 25 54
58 34 4 8 10 17
42 44 8 34 21 7
1 22 13 36 21 16
52 35 55 3 49 46
39 51 40 55 14 2
52 29 18 44 1 41
40 36 48 25 33 2
60 23 1 14 12 15
26 38 45 35 6 29
8 36 54 44 18 48
56 48 39 6 60 51
1 31 24 33 14 32
41 5 56 14 3 50
60 12 47 8 6 18
9 41 34 35 51 44
24 48 17 14 12 19
40 31 21 24 39 9
36 16 37 3 54 52
43 9 44 46 23 8
59 36 24 9 42 53
60 49 12 35 10 40
42 22 3 32 19 10
1 9 6 57 39 40
16 39 48 13 1 30
16 23 8 21 59 33
37 51 44 9 22 20
46 36 24 28 34 7
41 12 35 48 30 24
10 51 60 52 24 36
12 28 40 55 56 20
21 3 54 58 45 20
4 56 5 22 52 41
9 24 14 18 29 20
55 11 40 43 19 34
11 7 58 1 13 9
39 22 10 15 50 33
30 5 43 35 23 32
11 53 47 27 22 7
46 23 10 48 8 13
11 22 29 30 32 15
46 43 5 7 17 12
32 28 37 6 54 1
43 40 17 7 58 23
32 34 24 2 37 20
49 59 10 12 52 42
46 52 7 43 36 40
27 55 1 45 14 48
5 1 48 9 29 12
31 6 30 5 29 20
54 21 23 29 55 18
60 19 7 36 35 59
16 41 32 44 42 51
22 56 15 27 23 48
56 57 39 29 58 35
44 13 58 17 41 27
50 46 59 55 2 28
28 26 9 8 30 10
43 27 44 26 30 52
35 34 4 47 58 3
53 31 28 44 33 30
32 59 17 40 5 52
29 10 8 4 42 32
20 34 16 25 44 59
24 16 32 10 12 55
36 3 10 58 49 12
30 39 18 28 14 52
23 33 11 43 36 4
20 19 8 40 51 6
50 20 60 26 12 9
37 52 1 56 19 11
55 19 47 42 30 58
48 9 27 41 22 25
38 14 59 13 21 12
24 21 2 12 28 32
24 53 52 31 4 47
52 19 20 14 1 22
9 37 33 24 16 12
30 11 28 34 10 9
52 42 19 23 34 33
33 52 38 21 25 3
51 12 10 38 40 53
32 28 2 14 54 49
40 2 21 19 13 38
13 24 2 58 12 3
56 24 44 57 40 43
46 17 29 45 56 2
30 45 14 23 24 38
18 34 2 51 29 56
9 27 58 34 59 11
24 57 43 38 18 44
20 23 2 21 49 32
22 27 47 53 20 30
42 53 54 21 35 12
38 2 54 24 3 28
2 20 56 26 19 4
2 50 41 48 22 7
24 12 39 44 40 31
26 17 30 25 36 4
54 7 17 50 34 43
39 46 60 37 5 47
7 3 29 11 46 32
54 1 21 8 52 13
10 43 32 24 41 48
15 54 16 1 33 26
47 42 13 6 11 36
8 28 39 51 38 5
43 28 59 41 19 48
22 36 59 37 20 16
54 26 23 55 10 60
59 42 19 33 27 3
43 47 16 54 51 18
30 16 7 33 34 36
27 21 45 49 9 11
49 39 20 1 15 14
58 6 20 53 34 45
29 47 44 43 26 41
55 34 50 38 24 46
31 40 58 37 55 27
51 29 50 14 2 12
39 24 29 5 30 4
34 33 22 10 43 7
50 31 43 3 29 44
34 53 40 23 47 51
5 20 28 1 15 32
25 1 15 33 6 45
22 3 14 1 59 4
46 19 40 12 7 59
26 55 24 19 58 36
32 5 28 7 59 21
53 13 28 37 24 50
4 42 31 43 10 33
3 38 28 29 23 5
40 16 44 60 38 13
12 20 22 11 21 48
28 37 4 41 5 55
7 22 23 37 15 38
49 17 58 14 11 32
46 38 3 26 15 8
45 19 35 50 36 17
34 29 18 49 28 39
52 56 22 60 38 19
11 42 7 26 14 55
45 43 5 47 37 6
32 25 44 45 11 16
12 53 52 26 42 31
30 40 27 29 35 57
47 33 49 17 22 5
50 57 58 34 38 3
43 17 48 56 40 36
56 4 58 31 7 39
23 39 33 28 10 53
54 34 9 29 20 49
20 34 48 8 2 60
30 45 56 19 31 1
8 9 30 19 55 28
50 19 37 28 18 46
53 26 37 46 22 10
58 51 26 50 47 13
50 16 43 36 54 56
56 34 45 48 7 21
10 6 32 51 21 38
40 38 44 33 4 19
20 9 42 52 35 45
49 17 53 59 36 24
10 59 6 53 50 21
53 39 7 55 21 49
5 9 45 14 8 53
21 42 27 60 49 59
3 32 16 30 17 10
25 59 1 39 14 35
18 25 39 33 29 26
51 18 26 38 6 25
58 14 22 52 24 10
23 19 12 54 27 18
21 53 3 29 40 33
8 21 45 59 7 14
13 41 54 55 2 24
38 35 41 21 8 4
30 58 27 56 18 7
32 60 59 16 28 41
19 16 58 27 47 11
53 25 26 21 52 47
21 34 51 46 41 38
19 56 30 60 28 6
15 14 32 47 42 52
43 19 57 59 20 21
8 10 19 45 56 25
52 10 46 9 20 13
50 5 2 54 33 37
58 13 27 47 59 43
47 11 29 1 2 14
11 14 26 24 60 56
51 9 30 1 37 15
38 7 46 45 16 60
55 60 27 5 45 31
56 48 23 2 45 36
49 7 35 18 19 20
13 26 8 40 18 31
57 1 56 14 25 43
44 57 35 12 58 21
46 2 26 3 8 52
47 1 6 5 21 49
6 9 31 20 22 43
18 46 59 39 47 53
53 39 9 41 14 37
50 18 9 23 24 54
20 54 32 53 55 31
18 6 10 9 24 60
28 37 36 34 42 56