69
3 40 1 51 8 13
39 47 35 45 54 14
60 51 24 19 26 53
3 49 55 11 23 13
16 26 60 2 1 37
47 17 11 6 32 41
14 2 40 12 22 23
47 28 54 24 52 14
43 39 42 15 20 44
48 37 34 7 58 12
25 30 14 34 19 33
8 27 48 28 37 11
38 29 53 28 44 25
4 45 8 24 41 31
1 6 9 50 13 33
43 59 12 29 28 5
19 44 54 46 11 14
30 10 9 36 41 35
39 36 18 46 57 15
27 19 57 29 5 23
52 47 21 31 10 11
16 28 37 9 27 29
4 34 7 10 8 54
41 15 1 28 17 57
33 18 34 19 56 10
59 26 51 20 58 37
24 51 34 5 35 48
39 20 26 59 50 38
31 26 28 60 12 10
2 5 41 13 10 14
24 30 42 58 28 4
15 58 20 55 49 14
44 15 58 48 20 21
40 59 29 57 14 34
34 2 11 56 25 50
59 44 57 47 9 5
49 12 41 35 45 46
29 49 10 1 7 40
4 59 37 35 58 22
56 32 27 24 20 14
4 32 6 34 23 2
54 31 36 21 56 13
45 10 35 57 60 12
47 48 10 33 57 30
47 31 48 56 2 12
18 60 19 13 45 47
25 53 45 31 8 55
21 2 3 36 26 31
24 51 42 54 26 16
11 34 41 50 36 43
48 31 22 30 36 53
58 33 44 56 5 59
38 35 3 32 55 19
11 13 31 29 18 59
55 49 19 34 29 14
14 51 56 28 20 55
3 47 8 32 13 50
56 19 59 38 34 42
20 10 38 31 58 46
48 8 60 56 43 38
38 42 22 52 25 24
34 48 30 18 16 60
38 3 1 42 33 18
2 56 40 60 18 31
1 8 2 17 46 58
43 49 28 44 47 34
14 44 12 20 41 52
45 40 51 57 37 36
57 27 59 55 1 60
59 47 6 53 36 32