239
3 49 47 21 13 23
47 54 49 6 10 23
7 57 2 1 39 33
44 19 10 39 24 34
17 51 31 42 56 21
27 14 30 22 2 18
53 18 38 49 4 31
4 22 16 33 42 31
36 34 7 46 17 14
12 31 7 21 26 20
49 13 42 10 14 41
28 17 20 58 1 29
17 50 23 11 21 38
8 33 19 51 57 43
39 14 26 6 57 10
4 2 43 21 10 25
48 40 17 52 56 31
50 4 49 23 54 44
9 22 8 57 29 45
15 13 56 10 42 53
10 4 56 14 52 29
35 45 42 55 39 20
21 55 45 1 51 16
13 30 12 50 46 15
24 35 2 34 23 19
8 46 50 54 36 55
36 3 60 40 7 39
1 24 59 46 5 25
25 43 4 38 32 2
49 35 25 38 15 32
11 22 19 25 14 23
34 51 26 28 30 41
39 23 51 10 17 46
10 54 22 28 8 1
3 50 8 56 9 51
53 24 21 45 38 54
3 40 19 58 20 47
9 59 27 49 39 11
13 7 37 41 36 44
23 46 51 40 29 8
60 54 53 32 31 13
4 25 15 57 45 6
5 56 19 43 6 51
38 60 56 8 52 59
47 43 36 3 28 39
58 11 30 31 38 5
50 12 37 3 27 21
31 36 50 2 43 17
47 16 57 60 28 13
37 38 22 5 24 28
2 18 43 6 44 39
11 14 29 25 20 9
16 54 36 32 52 7
51 30 10 3 39 14
5 39 29 37 16 21
2 30 51 24 21 54
43 1 14 20 24 27
24 20 29 19 43 31
33 21 50 39 23 6
50 10 30 22 15 31
15 49 16 52 30 5
41 31 46 13 21 15
38 51 13 25 31 57
18 19 27 13 54 9
32 7 31 15 12 1
58 54 8 23 51 42
42 4 21 45 43 33
8 33 55 32 12 30
18 27 13 50 55 31
7 17 56 46 25 32
48 23 47 51 35 4
49 60 30 20 24 53
45 25 31 59 30 29
24 31 13 27 25 44
12 11 59 14 23 9
50 12 31 52 22 10
6 16 13 23 34 30
28 20 39 33 7 9
16 55 17 53 48 58
9 26 35 13 50 11
27 23 1 60 38 17
32 59 45 17 39 30
59 36 40 48 54 23
2 42 6 41 57 29
17 40 53 30 4 47
60 39 19 34 17 59
28 59 27 57 42 15
13 36 54 41 18 59
23 31 22 53 11 13
21 13 36 44 41 60
26 27 6 19 13 39
53 6 49 1 43 25
51 36 37 2 6 24
2 58 24 42 60 16
32 4 36 12 34 46
1 43 54 15 16 20
47 1 60 20 15 13
26 56 54 51 5 4
17 26 23 5 58 39
26 3 59 51 29 1
19 6 20 42 44 4
22 27 16 4 8 60
4 38 8 32 48 59
21 35 41 16 59 25
52 16 44 20 3 14
2 10 17 43 8 41
43 37 31 54 25 48
60 1 30 17 42 29
34 22 15 54 57 8
47 15 59 20 44 32
54 18 7 8 57 47
37 24 52 60 15 21
44 33 43 27 10 16
17 54 6 43 24 28
44 60 54 46 12 37
51 3 34 6 19 26
27 39 24 35 3 43
17 15 58 44 22 36
39 51 1 4 54 13
27 37 30 47 11 52
21 50 17 54 52 32
6 59 40 57 32 50
43 25 52 1 50 49
15 26 1 50 5 31
20 2 4 11 3 52
55 34 24 3 11 60
6 20 27 34 21 42
47 3 53 26 49 56
51 4 54 35 1 36
58 34 40 16 21 33
28 17 55 24 10 48
55 11 20 28 31 8
10 50 27 36 35 25
13 44 47 5 24 59
10 1 19 29 59 34
5 31 34 39 12 10
25 19 40 12 53 33
19 21 10 8 29 59
46 52 38 6 12 9
45 31 52 43 55 50
52 26 23 49 7 20
14 56 26 10 30 7
28 31 54 4 49 30
24 30 11 19 34 31
15 44 31 34 9 17
58 11 12 40 10 54
57 3 53 34 20 54
19 27 43 49 14 4
38 37 21 48 49 60
3 53 35 39 31 60
58 13 18 53 40 45
55 58 7 12 2 49
25 14 19 23 16 1
33 41 24 11 28 40
15 27 28 10 52 26
12 33 41 50 52 56
7 16 56 57 20 40
25 50 51 45 44 32
4 32 31 9 37 1
3 22 1 29 12 47
5 47 8 33 14 55
59 28 15 49 39 22
18 23 40 19 3 39
50 19 28 23 12 24
19 51 59 28 31 38
5 24 60 13 38 7
45 59 36 49 37 6
54 52 26 23 56 46
48 43 31 59 40 17
22 2 21 27 25 49
52 54 53 37 3 51
57 4 48 44 24 18
32 45 55 1 48 36
35 48 37 21 55 36
17 41 14 48 18 39
57 36 44 16 33 45
44 59 6 34 41 52
31 39 33 48 9 8
49 36 30 27 51 11
14 28 30 4 12 56
60 43 41 22 54 56
21 3 27 51 34 14
32 44 50 39 47 31
2 13 53 45 57 46
54 14 36 47 29 45
39 21 18 50 1 60
51 20 3 39 33 47
19 45 56 48 46 13
8 60 52 37 31 57
24 12 25 7 11 60
49 45 10 33 34 12
10 39 14 54 56 5
52 34 11 4 58 10
25 2 6 36 45 18
32 8 25 34 54 50
4 24 34 5 50 37
17 15 8 14 33 5
42 25 58 2 24 15
59 49 50 38 44 37
3 19 22 36 18 52
12 40 42 24 4 43
5 15 41 17 25 56
50 33 37 34 8 16
16 9 35 37 4 57
46 19 29 17 59 60
4 30 24 19 20 9
30 50 21 25 39 31
21 14 47 10 8 39
54 6 32 1 48 30
37 42 26 5 2 21
44 49 8 55 1 20
43 39 35 22 9 7
46 18 39 27 49 20
52 56 37 23 41 47
30 19 10 32 12 43
8 33 18 28 48 38
33 31 58 20 26 22
43 6 15 11 21 23
11 30 29 6 31 43
25 24 60 53 1 45
30 19 33 55 40 34
47 42 21 1 52 32
26 22 15 46 1 5
19 34 51 43 18 39
14 28 51 37 25 34
36 18 42 22 52 24
25 51 32 7 16 15
36 30 5 39 60 24
12 3 50 19 27 30
31 41 33 5 11 12
33 8 59 37 38 11
58 28 30 21 19 20
5 10 55 32 18 58
1 20 4 8 52 38
31 58 27 4 20 46
33 14 2 25 53 22
9 21 31 20 33 16
33 48 22 24 35 29
47 27 48 22 10 19
8 25 6 15 23 40