32
27 39 43 59 29 45
11 19 40 1 52 60
16 42 55 27 15 10
49 30 9 29 57 19
58 44 37 55 9 48
53 42 7 34 13 15
40 39 51 25 57 53
43 45 55 23 46 35
47 6 17 18 30 33
17 48 6 56 41 47
28 25 8 48 40 31
45 2 44 28 30 18
28 2 39 1 17 43
12 16 31 56 50 14
31 36 8 56 11 27
40 45 5 50 2 13
5 6 9 43 57 29
31 44 22 11 3 52
45 58 50 9 24 36
28 21 59 60 26 30
43 16 22 26 32 10
44 34 26 30 20 41
14 50 13 32 38 27
59 22 27 51 8 19
59 16 52 8 1 38
8 30 26 45 23 57
5 52 44 41 6 30
38 31 46 16 33 10
14 50 60 46 8 52
12 39 50 34 15 35
28 58 2 44 24 30
38 23 33 7 36 45
53 34 11 37 3 55