30
17 41 1 8 33 26
14 40 6 57 32 41
1 53 60 49 7 54
29 5 41 40 37 58
5 6 26 40 16 7
45 9 40 15 26 44
35 38 21 60 4 52
55 60 44 45 56 54
5 46 24 9 6 4
48 42 52 19 13 15
18 14 15 29 53 16
46 60 56 2 38 20
13 53 37 22 19 49
16 19 52 29 41 14
53 34 50 24 45 31
30 51 10 37 24 32
51 9 46 44 37 14
32 9 18 44 29 35
47 55 10 36 53 33
42 41 19 52 45 27
58 26 1 22 5 29
20 26 34 53 55 46
25 58 59 35 42 27
3 60 2 52 40 19
3 52 11 6 5 12
23 43 34 20 60 37
9 20 52 47 53 38
54 10 30 52 41 48
35 57 25 39 11 41
30 21 4 55 32 57
32 31 15 9 3 11