187
34 5 17 41 37 3
5 23 19 10 3 16
23 14 55 59 24 9
19 20 3 7 5 9
45 41 17 56 15 23
20 33 5 58 24 32
6 43 1 9 19 44
15 50 49 33 44 56
37 47 33 8 15 21
47 45 7 51 26 36
46 45 9 47 44 49
26 10 25 6 15 53
51 55 49 2 52 15
48 18 55 41 36 59
38 36 35 1 29 6
29 7 47 9 53 2
25 33 30 48 39 8
7 32 56 8 29 23
11 16 20 48 15 47
20 31 28 26 6 5
28 56 12 18 25 51
18 40 17 34 50 56
3 50 31 22 32 34
4 9 44 42 11 43
44 7 52 27 53 33
5 48 18 9 19 7
25 35 3 18 5 51
4 12 42 54 49 16
46 43 40 14 30 58
12 19 23 16 8 10
39 4 21 48 23 10
59 40 30 27 17 10
10 27 20 23 8 7
47 23 3 58 34 35
9 11 1 48 27 10
39 49 7 50 8 23
30 12 19 55 16 20
60 23 35 31 44 8
2 10 48 51 53 24
14 15 25 35 60 30
35 27 51 5 4 11
2 16 53 48 43 54
6 4 15 20 25 14
33 9 36 55 41 34
50 25 16 46 60 35
44 18 43 55 16 60
15 45 41 9 30 8
8 47 50 46 15 43
47 43 11 50 42 41
53 58 33 16 22 4
27 13 2 19 35 54
30 35 22 28 40 59
5 52 23 11 56 9
32 48 56 38 27 45
34 16 23 59 10 1
45 26 38 50 1 18
52 49 31 32 2 14
7 18 46 38 1 50
15 31 10 17 1 30
30 59 6 38 25 43
57 24 37 42 14 4
51 7 17 56 30 26
55 51 1 58 22 24
7 35 9 54 13 8
46 45 7 58 4 39
20 7 27 57 41 39
43 56 57 47 49 1
39 38 11 9 45 41
51 46 9 41 11 55
44 13 32 10 19 60
44 6 46 32 45 3
35 8 59 58 36 14
26 11 55 56 1 41
40 28 58 17 54 39
41 42 47 3 5 56
42 23 36 12 59 22
44 34 30 53 37 60
60 16 2 56 11 34
34 25 8 38 21 37
33 10 38 41 50 18
25 60 34 39 29 13
18 12 45 39 17 1
6 52 35 21 47 43
34 18 27 12 10 24
7 22 4 44 14 2
58 49 18 41 24 53
60 10 1 44 17 24
31 12 27 32 57 51
4 6 54 1 21 34
33 53 50 30 38 45
20 55 28 36 3 13
22 50 35 3 1 9
20 14 57 5 21 11
20 27 29 16 50 44
45 51 57 52 14 13
29 22 41 11 9 26
35 53 21 29 6 38
1 4 52 20 33 59
55 1 34 22 46 38
22 6 36 59 54 13
54 51 19 25 7 2
20 59 43 45 15 10
21 34 5 60 39 19
18 11 48 8 27 32
37 1 35 53 47 24
10 5 52 47 7 55
3 6 17 13 52 55
53 60 56 18 25 34
28 4 13 7 52 6
40 43 52 6 3 11
28 43 20 36 49 21
11 21 38 7 10 22
16 19 23 21 50 56
51 58 36 53 38 52
27 16 29 14 15 6
35 60 32 26 51 38
42 1 20 32 51 38
35 17 2 22 16 27
20 35 48 15 57 40
34 31 60 49 5 55
14 56 10 46 27 31
3 56 36 57 9 21
39 9 45 10 19 14
44 55 21 41 2 3
56 33 54 11 17 30
6 14 25 9 24 58
6 37 23 12 43 10
32 25 52 38 36 43
41 45 24 36 33 19
54 56 17 34 41 30
18 26 27 21 3 17
34 14 2 24 57 48
56 38 7 41 42 39
35 28 32 12 20 49
5 4 19 8 18 23
35 53 44 20 1 48
24 9 14 38 25 32
24 23 32 30 47 26
23 49 52 14 34 48
37 47 40 60 43 15
36 43 9 52 7 26
15 14 19 60 35 40
32 53 42 19 7 49
15 25 20 22 44 37
52 7 29 38 16 1
15 14 13 43 30 44
35 49 53 21 30 55
46 47 49 7 48 35
13 27 4 29 14 44
12 38 48 34 31 24
60 53 6 14 55 35
36 49 32 28 24 42
44 35 22 16 14 2
36 32 33 15 41 40
40 46 58 50 11 42
39 1 23 19 11 44
24 47 56 49 42 38
27 39 45 18 10 33
18 56 21 11 44 1
36 24 50 21 15 58
7 15 26 34 36 51
54 35 28 6 38 57
43 35 60 18 16 56
12 21 54 7 41 47
36 31 37 39 2 53
6 14 44 38 48 10
16 52 5 33 20 41
57 13 17 24 25 11
20 45 46 60 7 17
25 34 17 4 2 55
26 44 7 16 32 4
56 23 25 43 52 57
12 7 26 21 53 47
30 40 19 34 48 56
51 42 8 4 44 1
48 14 39 5 3 38
44 38 53 39 14 18
23 28 15 26 47 8
18 30 3 27 52 33
50 44 39 10 54 7
57 41 36 31 47 45
25 4 32 56 44 18
1 51 5 28 22 2
55 45 46 43 23 31
54 12 38 26 10 13
57 34 15 30 13 42
45 14 42 5 29 56
24 31 28 19 29 50