202
16 49 7 23 51 60
55 40 48 52 5 33
1 58 36 20 13 22
24 12 11 13 1 45
32 19 33 16 28 14
40 45 52 50 35 43
43 3 30 35 8 58
32 27 37 21 39 13
59 11 27 47 43 32
52 38 2 18 1 40
24 27 22 58 4 2
10 53 9 20 31 28
9 19 36 37 28 13
20 53 4 45 41 34
3 59 19 40 42 44
48 18 15 26 58 56
37 14 4 52 30 43
8 7 57 24 6 16
50 38 48 49 44 36
57 48 39 20 3 40
48 22 29 27 36 23
40 44 42 60 35 20
8 20 28 59 45 46
56 23 24 49 35 3
32 19 54 5 14 10
4 52 41 45 6 5
20 27 14 40 8 3
6 33 53 25 8 17
58 18 47 10 32 12
9 36 10 50 20 52
5 21 57 11 14 44
55 43 50 12 14 27
17 13 53 38 20 59
6 13 4 57 25 56
21 31 38 51 24 44
45 53 40 58 9 21
16 60 45 53 13 59
45 54 4 60 22 27
60 52 14 26 20 29
18 33 59 16 5 35
25 35 50 52 34 9
12 41 17 49 30 54
50 60 33 7 40 17
10 1 44 50 46 48
42 9 58 14 39 49
33 12 53 23 5 29
9 51 1 13 33 34
31 6 51 23 45 38
38 4 31 9 18 53
39 35 52 42 32 31
33 59 37 3 54 41
17 13 16 46 6 12
38 45 41 29 55 1
59 19 4 11 47 60
14 18 7 28 19 40
55 27 12 44 38 22
30 31 58 3 38 34
56 43 8 12 30 25
30 25 59 28 53 51
56 5 42 11 14 10
56 17 32 42 21 26
60 20 5 2 30 25
21 46 39 55 25 37
59 27 40 34 42 6
54 59 33 45 41 17
41 36 54 60 51 52
52 11 39 45 44 4
12 13 21 44 59 18
49 52 4 12 40 41
38 36 23 42 56 6
43 57 34 1 55 47
17 38 59 2 3 41
3 12 38 36 30 20
4 13 49 27 9 42
3 24 43 17 53 44
23 13 17 15 28 14
42 35 56 38 7 30
5 6 30 46 52 43
9 14 60 52 34 31
31 17 25 27 9 10
32 45 13 30 41 33
33 13 21 3 5 43
2 40 41 13 11 20
30 11 26 56 43 9
37 18 46 58 36 31
13 55 39 19 18 31
34 14 1 51 37 2
58 33 59 60 19 17
36 44 37 35 34 5
35 32 44 58 29 8
14 31 46 32 57 17
59 15 47 33 52 11
47 34 13 14 53 19
22 40 4 7 44 33
10 6 26 45 1 21
12 28 27 29 20 3
39 44 59 38 7 1
7 20 55 50 5 30
56 10 5 58 16 19
4 1 44 52 39 8
14 34 47 29 32 31
1 18 6 9 19 8
48 36 59 27 8 54
25 37 21 26 30 1
22 8 56 6 36 39
39 8 28 44 58 46
14 13 50 20 30 12
5 24 43 31 21 42
20 4 26 46 59 25
5 59 44 27 34 10
12 40 27 22 24 55
57 54 8 50 53 5
5 3 14 21 42 20
59 20 18 52 60 41
2 58 51 49 43 41
8 58 52 44 18 28
44 59 20 57 52 14
50 48 40 59 3 38
20 7 3 32 11 35
43 60 59 5 47 12
15 11 8 31 4 56
22 44 1 52 50 33
32 40 26 16 17 41
4 44 31 34 14 30
31 47 17 25 48 13
7 4 9 11 31 34
54 16 31 13 14 36
10 53 41 43 36 48
1 30 7 49 60 52
37 46 35 48 18 4
35 27 51 56 44 60
37 59 41 9 11 56
4 3 1 56 22 31
48 18 51 45 8 38
19 59 10 26 44 41
19 29 17 55 33 52
60 9 40 58 59 14
9 10 15 49 23 8
35 22 46 25 58 20
40 2 5 51 43 32
33 19 32 29 31 49
56 32 45 17 5 35
24 57 21 55 43 13
3 17 27 44 9 40
18 50 42 41 34 21
12 29 44 34 23 55
19 2 36 34 54 15
8 1 13 34 12 31
40 31 22 57 6 17
59 55 35 44 3 6
24 21 5 10 13 35
37 36 30 4 11 2
17 3 48 7 19 20
39 5 16 3 28 38
4 27 60 12 45 23
21 23 24 7 60 35
30 48 21 23 13 50
31 51 55 6 20 17
36 21 11 53 49 59
5 34 40 23 32 60
38 21 47 12 22 27
1 22 45 53 26 37
16 33 15 23 50 53
2 11 41 42 40 39
5 56 47 12 17 54
50 43 10 11 24 7
40 15 1 36 31 29
45 6 56 35 48 23
51 43 27 13 44 25
34 60 44 35 46 50
43 20 13 34 53 24
36 50 44 56 35 3
54 59 16 46 18 60
57 31 59 4 24 5
59 9 43 30 8 16
39 57 24 42 60 14
56 6 8 36 40 37
8 29 23 48 22 53
39 2 53 31 27 11
4 47 48 10 19 6
51 16 54 56 1 7
50 33 51 9 59 24
6 51 37 2 36 31
56 19 20 34 10 26
48 20 33 23 50 54
28 54 38 31 57 39
51 44 17 5 23 33
16 18 36 53 29 60
9 36 42 30 56 19
10 7 38 15 59 53
7 5 27 18 2 3
37 28 58 21 4 23
12 38 31 60 9 20
8 1 37 35 51 13
2 31 8 39 3 13
2 38 1 59 3 31
2 38 60 35 43 26
3 43 54 48 52 8
31 43 50 39 58 14
4 28 48 39 15 49
53 18 17 27 22 44
2 13 39 48 56 44
16 36 5 55 22 17