369
60 58 6 36 39 15
2 13 54 35 42 18
44 54 27 24 31 11
17 3 19 26 33 9
1 18 47 50 28 48
36 33 41 42 13 48
39 51 44 13 27 16
12 38 35 59 40 45
37 26 13 11 50 35
46 15 29 34 53 48
1 20 31 8 29 53
8 23 34 13 5 53
43 58 11 54 20 2
21 11 24 14 34 52
3 42 44 38 49 25
48 28 2 55 40 16
57 54 9 27 24 26
16 55 33 35 19 6
16 53 2 35 56 9
56 2 53 8 36 1
51 18 45 58 25 17
39 26 23 44 5 29
20 50 55 44 56 42
43 42 47 49 48 4
39 52 59 1 32 41
9 30 51 38 23 47
44 39 15 56 3 1
20 52 38 32 50 18
60 5 39 55 25 23
1 26 25 4 55 18
26 48 46 58 16 31
43 49 39 13 8 48
58 17 46 1 25 24
19 26 60 44 43 51
16 27 13 60 41 51
24 34 54 10 52 53
47 40 55 45 19 4
2 51 48 35 7 41
4 39 11 44 43 34
5 25 53 51 50 29
14 54 23 10 33 41
30 18 14 17 49 22
16 34 2 13 40 45
46 25 7 48 19 54
47 27 14 60 52 5
23 53 11 7 43 31
34 52 48 32 26 27
55 54 58 35 50 36
15 3 54 51 53 39
18 2 10 27 7 51
55 2 17 10 40 57
36 43 37 22 59 26
10 58 56 51 41 45
1 58 39 21 7 37
3 54 20 25 60 36
50 6 8 48 25 30
31 7 9 10 23 44
10 58 11 25 27 51
5 1 41 6 20 42
10 52 56 13 11 59
18 26 33 34 17 55
42 6 38 59 45 24
46 51 17 31 7 19
48 28 8 30 50 7
40 12 24 44 47 37
26 12 56 49 59 47
53 60 36 40 14 41
44 48 35 59 15 18
13 23 48 10 29 44
35 7 10 47 51 53
31 17 18 40 19 21
55 11 37 49 43 5
47 15 18 35 51 17
9 58 16 17 14 18
24 14 22 41 32 36
41 51 17 38 19 35
26 54 48 28 46 2
14 13 12 25 22 15
30 34 46 37 20 21
2 1 9 38 47 56
44 1 39 19 51 25
18 32 24 50 34 1
39 58 51 13 30 16
52 25 21 57 32 30
22 28 8 36 24 55
26 38 12 46 42 9
11 53 41 10 33 21
50 7 39 33 34 48
16 41 48 3 46 40
30 33 17 23 25 52
48 8 50 43 49 12
45 23 32 36 7 57
3 32 36 4 59 17
25 40 49 41 33 47
31 2 1 56 13 46
58 27 59 11 4 60
37 27 54 55 17 30
28 23 9 18 37 60
33 57 8 42 16 17
28 9 18 22 44 16
6 60 50 1 58 33
27 52 54 35 34 43
32 2 55 27 58 29
49 9 41 51 34 27
15 36 49 3 2 46
30 35 46 34 10 1
5 2 25 29 43 11
56 48 49 8 38 1
17 48 33 7 57 44
5 44 25 36 41 59
21 1 44 56 17 5
31 52 44 13 21 15
37 51 19 31 49 26
45 39 34 52 20 10
5 36 14 38 7 21
52 9 45 1 2 44
40 20 53 39 45 37
21 59 44 17 53 29
44 32 53 59 52 57
59 36 56 53 48 58
60 21 6 22 3 43
9 14 42 50 54 4
48 34 41 24 3 37
41 27 50 14 59 38
28 44 24 4 30 9
26 8 51 20 43 40
34 20 11 6 1 37
25 11 47 56 60 21
2 55 16 9 36 22
60 1 16 12 44 9
17 50 29 45 6 9
49 11 1 22 31 32
38 23 59 13 19 25
26 31 43 21 12 32
6 55 11 47 25 51
28 30 50 42 43 49
11 2 21 45 59 18
50 52 19 6 12 32
44 50 32 46 59 5
8 28 36 51 19 41
23 34 56 50 38 8
34 2 17 14 21 12
24 31 54 51 35 22
60 58 4 53 20 28
2 34 6 45 24 42
55 15 41 8 14 20
37 4 48 6 15 47
2 12 33 37 41 3
15 35 56 46 54 50
6 20 4 48 7 59
3 6 30 36 26 42
28 52 58 42 13 51
4 37 19 15 31 3
46 26 48 19 44 33
6 8 42 4 44 11
25 49 56 31 52 19
52 19 29 49 57 41
47 58 2 56 25 52
31 27 4 37 5 20
24 23 50 57 28 56
22 10 55 58 36 59
7 5 18 15 25 11
16 53 1 11 49 35
18 30 45 56 44 22
55 1 56 38 26 50
55 15 45 27 24 7
54 5 31 21 38 40
59 46 33 43 56 3
54 13 2 22 7 39
41 12 49 59 18 3
53 9 23 6 51 52
13 59 15 36 10 21
10 60 38 43 9 49
5 33 1 18 42 21
58 12 26 59 39 3
33 54 31 48 9 13
35 52 27 9 25 16
7 57 47 20 3 51
18 55 37 32 5 26
55 36 25 52 21 10
45 50 41 22 27 2
59 35 4 38 17 15
48 38 18 54 10 60
9 35 29 44 11 3
27 32 56 22 59 41
30 26 58 8 15 59
46 21 44 24 30 48
30 10 52 40 7 53
36 53 59 60 37 1
38 29 37 8 35 28
9 26 1 44 20 11
36 5 2 1 6 11
47 11 14 44 13 50
48 43 40 14 38 7
16 52 60 36 47 21
33 10 60 2 21 34
34 41 49 19 24 48
42 8 31 16 38 59
4 45 13 49 3 21
55 48 12 30 52 53
41 33 3 22 7 21
10 56 28 26 21 40
4 7 48 47 42 22
34 16 15 49 39 11
19 29 51 14 30 26
44 13 48 60 54 46
1 4 37 21 41 60
7 3 25 11 24 27
55 33 47 60 27 28
54 60 10 26 23 48
37 31 57 46 55 9
2 10 25 20 59 48
27 20 50 4 58 10
58 17 2 12 14 46
30 3 36 1 52 32
36 55 47 10 22 46
26 12 44 18 56 49
17 12 50 7 8 15
59 51 14 18 8 52
8 48 1 29 16 17
12 31 18 54 36 17
59 41 56 30 35 5
57 37 39 36 19 7
20 7 25 55 46 37
18 25 50 1 52 21
45 15 47 60 19 56
18 39 33 26 40 32
51 44 22 49 39 23
34 44 57 29 2 28
13 47 21 34 60 42
7 29 23 2 25 12
56 58 55 30 3 11
12 24 60 29 7 26
30 40 44 51 11 27
8 11 4 5 52 6
24 9 10 32 53 27
57 2 52 20 28 48
17 59 11 19 44 49
9 45 3 23 60 50
34 50 12 57 35 15
22 5 20 16 52 33
44 36 51 24 58 59
46 17 15 32 20 55
41 48 47 2 13 58
48 41 45 9 52 14
15 31 18 9 1 35
26 10 20 44 9 55
51 41 15 36 50 16
36 8 54 56 45 2
6 16 27 52 32 19
46 45 10 48 12 25
26 49 58 17 52 14
47 60 17 42 11 10
8 5 51 45 22 13
14 55 16 3 43 54
37 17 43 13 36 56
18 11 48 43 40 30
3 6 54 41 22 43
49 12 40 57 2 46
59 37 15 40 29 7
53 30 44 11 46 28
33 35 9 38 22 34
16 11 14 39 57 55
5 60 1 34 47 55
54 41 52 6 36 4
24 31 26 45 51 9
14 25 19 42 16 2
47 24 40 31 17 36
42 32 9 20 43 40
56 35 31 29 15 52
35 23 12 32 51 14
49 16 5 31 45 28
22 32 47 53 59 13
44 33 22 9 37 50
24 43 13 25 45 44
57 37 24 9 29 1
53 56 49 48 32 54
31 41 11 47 24 33
28 4 5 7 34 42
54 25 49 37 59 4
3 26 31 5 30 52
37 23 2 57 50 47
55 32 27 22 24 58
33 59 26 9 41 1
10 52 43 41 46 16
26 53 48 24 50 43
17 54 18 14 9 38
7 13 48 50 33 40
33 20 14 23 50 35
1 46 22 21 20 9
46 4 48 17 18 53
39 11 38 16 23 14
56 59 8 11 2 48
21 12 6 36 47 48
54 27 11 41 17 29
47 36 25 31 56 9
36 54 26 18 15 44
1 19 50 56 17 13
9 24 15 35 16 8
54 24 2 49 45 22
11 58 22 28 10 35
42 19 34 30 58 49
19 35 17 21 2 18
21 47 28 40 46 13
16 28 56 46 59 49
18 49 20 36 29 48
4 53 1 40 58 42
25 24 50 34 40 54
30 29 47 23 21 43
2 41 54 39 57 32
15 48 36 12 33 40
6 32 24 43 23 10
56 12 1 42 6 30
40 30 51 27 6 44
29 15 42 4 10 9
25 42 51 37 57 12
52 49 44 55 41 39
28 14 37 21 10 7
6 23 17 47 50 41
57 54 5 50 35 40
44 34 49 2 41 35
1 27 23 5 58 40
29 32 50 47 40 8
55 9 29 37 43 2
6 60 35 13 41 48
7 48 3 2 44 49
55 23 14 19 49 45
17 48 7 42 45 54
14 34 52 33 31 24
37 14 16 3 41 21
50 16 60 31 56 33
22 23 1 30 44 46
7 36 53 51 3 16
55 28 13 39 6 47
25 21 16 50 17 35
18 23 57 9 20 34
59 9 14 53 19 8
52 50 27 20 42 51
37 39 10 48 21 25
2 37 26 24 10 11
54 52 41 17 33 20
16 21 2 19 4 32
40 60 50 19 3 58
3 16 54 57 38 41
2 50 24 3 52 19
5 21 51 15 28 22
25 60 2 37 30 46
53 1 51 7 10 49
46 41 52 10 4 26
8 13 56 20 25 33
44 58 18 11 57 54
8 55 23 46 14 7
2 31 45 12 3 53
40 7 44 35 30 59
21 57 8 24 38 48
25 45 60 49 22 26
60 42 13 2 33 12
60 47 7 51 25 9
20 4 10 52 27 23
60 48 24 43 23 33
55 30 23 37 6 2
15 38 6 49 42 16
37 41 47 12 3 52
38 29 52 11 8 22
23 2 45 38 53 51
55 3 19 52 7 25
24 35 60 59 44 10
27 58 1 2 25 4
53 44 21 13 5 1
48 22 24 33 37 34