305
44 19 23 34 1 38
55 54 50 31 19 3
47 38 2 16 21 58
40 10 36 4 35 41
42 18 11 49 25 38
55 43 30 52 17 39
11 43 60 31 19 2
36 9 55 7 42 13
33 7 48 11 56 39
55 2 7 21 26 42
11 1 49 52 51 42
38 29 19 24 16 17
60 42 5 17 54 56
44 36 34 7 17 42
2 34 6 22 31 44
38 8 48 20 53 49
12 50 31 38 11 56
30 24 37 33 17 50
31 44 19 3 32 4
13 50 57 36 7 38
53 8 35 29 46 56
26 38 15 17 1 50
49 58 21 22 11 14
17 24 28 26 19 37
35 56 22 20 59 48
13 12 17 39 35 59
52 9 10 59 53 23
54 5 3 51 29 59
55 44 5 45 10 58
59 3 24 16 1 35
42 28 22 55 49 34
49 16 19 56 32 9
4 51 60 19 43 44
26 29 54 30 8 33
16 10 35 39 52 9
36 35 4 7 53 46
55 54 14 43 24 47
34 40 21 2 31 25
31 38 57 40 1 16
52 36 24 5 20 3
59 35 32 53 4 17
31 12 48 6 60 7
16 47 32 57 28 49
43 4 52 6 41 13
27 43 13 25 49 50
22 56 35 55 12 36
49 42 47 40 3 44
55 5 50 4 49 35
59 1 25 18 35 3
16 18 45 8 25 35
11 12 58 60 44 32
30 36 51 59 35 11
43 53 13 14 48 47
18 13 10 11 14 43
26 35 23 18 27 14
24 54 29 8 59 15
1 34 25 30 51 38
36 52 56 57 46 27
32 44 46 36 60 19
57 8 53 28 25 10
39 26 13 3 45 2
19 49 1 59 25 3
59 42 21 48 7 2
49 14 35 31 53 16
59 48 26 22 45 58
44 6 57 41 14 12
58 7 53 17 5 19
15 35 57 1 33 58
59 17 48 53 54 51
14 51 27 16 49 45
21 22 46 23 19 11
47 55 44 57 18 14
9 17 46 40 57 38
37 23 43 57 10 47
47 60 30 25 20 24
40 49 39 36 47 37
60 28 21 58 37 47
38 10 57 56 5 31
34 39 9 4 57 40
60 57 2 40 32 47
30 50 16 8 41 39
16 24 21 12 55 10
27 44 31 39 6 40
7 20 60 25 46 2
13 5 55 38 39 56
59 11 45 40 19 52
36 43 38 3 8 37
44 56 33 25 7 29
23 37 54 49 8 56
9 47 4 5 55 31
49 9 13 44 39 35
49 57 23 12 4 8
6 56 40 52 16 5
52 43 53 27 10 30
48 4 26 59 3 2
54 2 26 24 23 55
53 59 2 10 31 50
23 1 22 10 30 38
50 45 53 59 51 17
58 40 10 21 20 59
42 20 50 12 4 31
41 48 31 6 20 44
44 15 57 12 9 49
27 11 23 24 47 44
14 53 31 47 40 17
4 45 42 34 5 35
23 13 28 25 22 20
22 49 35 6 58 40
37 48 31 25 51 3
56 6 32 7 53 18
12 9 7 15 3 31
56 45 8 57 27 58
4 58 60 15 55 1
23 24 17 29 60 51
21 41 38 4 2 35
29 60 54 42 53 46
9 19 2 5 28 13
39 40 45 30 5 9
12 2 21 25 55 34
32 59 27 44 52 13
47 3 15 36 12 2
28 5 15 49 54 52
23 16 31 13 19 8
8 33 42 14 50 51
28 47 43 33 25 9
59 23 34 10 9 31
19 50 6 4 2 21
51 56 50 2 58 30
18 26 1 30 10 23
8 41 58 19 25 4
2 33 19 20 48 9
46 26 53 3 40 27
60 20 57 45 53 4
54 25 18 37 12 23
28 51 39 11 26 55
59 19 50 13 15 29
26 8 15 17 37 2
11 15 40 55 42 5
31 46 59 24 5 28
24 34 56 29 15 42
4 31 46 44 25 14
37 15 40 5 12 30
40 37 17 21 29 9
1 29 51 45 40 49
33 1 23 59 22 60
31 2 25 59 56 58
16 57 32 14 30 25
2 43 27 20 9 41
41 46 43 52 53 20
18 10 51 47 38 1
40 12 55 26 1 28
20 15 40 6 5 46
27 30 55 13 41 45
5 1 23 27 60 11
59 32 23 36 29 56
12 22 9 15 34 19
38 60 24 18 34 41
45 6 2 16 23 54
35 59 5 18 46 54
60 6 12 5 26 47
15 14 5 38 33 6
40 57 23 53 38 24
40 28 54 49 22 59
50 26 23 8 6 45
45 36 49 5 24 13
9 5 23 28 53 39
49 25 36 46 48 8
43 34 39 47 36 50
46 4 60 39 38 20
59 28 43 48 9 26
25 2 23 30 39 35
5 56 15 43 24 1
43 35 13 16 58 50
4 17 51 57 60 29
28 38 25 41 59 21
22 27 47 20 5 38
57 28 11 10 34 53
34 8 54 38 27 60
21 24 51 17 49 46
32 29 34 9 13 43
55 24 28 30 16 1
14 39 42 36 32 3
42 21 53 44 45 2
4 38 13 45 47 21
42 22 36 56 46 8
52 16 59 2 24 12
59 9 16 21 49 22
20 58 17 41 38 48
22 31 49 6 5 34
41 31 6 11 29 5
7 49 37 53 18 47
1 58 43 4 54 34
47 49 43 19 21 50
18 30 53 4 11 33
39 51 35 53 41 34
26 11 52 50 22 32
13 23 14 27 60 1
27 34 26 10 46 25
43 52 44 5 29 9
43 55 17 27 53 23
36 29 34 10 28 13
29 41 26 7 30 60
36 26 37 43 1 14
11 26 19 38 30 9
17 27 47 45 43 48
9 14 33 17 37 50
37 21 38 47 30 22
23 15 60 6 32 16
56 23 54 26 43 5
15 50 43 52 33 8
58 9 23 21 25 11
26 45 50 1 14 40
45 29 34 46 37 5
12 39 46 7 16 24
44 8 17 39 32 57
52 26 16 4 3 29
52 8 39 44 10 3
9 17 36 35 57 41
33 2 22 58 9 29
4 56 51 11 42 57
34 40 35 55 42 15
7 23 33 34 32 35
53 14 28 50 43 4
10 12 16 31 52 24
17 33 36 1 29 46
58 19 46 20 42 22
14 21 33 36 17 45
9 11 4 26 29 54
32 26 47 19 33 27
30 43 8 32 51 34
6 26 48 29 23 9
7 19 25 2 39 35
42 59 10 5 35 50
25 30 29 46 58 55
8 58 15 18 33 48
33 40 41 44 59 36
59 52 60 4 26 13
7 35 3 48 24 53
44 14 38 40 42 50
29 11 36 21 44 26
46 45 60 36 38 3
42 17 21 13 14 9
8 27 30 44 58 49
36 46 21 34 40 8
14 46 24 57 29 44
60 59 30 19 51 22
32 17 15 53 49 2
8 23 36 54 48 17
45 55 56 58 24 15
45 55 26 43 11 19
47 21 40 25 35 9
52 42 20 25 45 17
60 2 30 41 6 26
11 58 32 36 15 7
5 48 58 21 22 34
35 60 58 22 50 6
47 11 14 29 38 45
16 14 57 3 6 4
55 33 10 48 24 6
50 57 59 60 44 41
31 30 17 49 44 4
4 1 39 33 19 40
14 54 2 45 12 37
11 12 3 1 8 32
38 14 15 37 60 27
36 34 42 53 33 7
50 38 46 17 55 56
27 29 38 25 44 6
47 17 11 46 59 57
60 35 52 40 42 36
28 25 45 53 38 21
22 2 56 10 48 30
8 7 15 14 2 18
27 20 37 36 11 46
24 39 45 18 22 35
6 14 29 60 21 51
58 51 9 24 18 56
23 6 48 37 18 42
33 41 45 59 34 17
21 30 23 7 11 18
13 6 47 1 60 58
34 5 45 37 19 41
31 19 1 40 35 42
60 5 40 59 45 8
30 44 22 4 1 37
17 14 55 23 1 18
25 42 59 50 53 33
37 7 12 2 54 49
52 13 60 45 37 56
44 54 24 17 20 41
42 30 10 21 6 60
18 15 58 49 13 55
20 26 53 54 17 46
23 43 3 45 7 29
24 39 2 15 38 12
44 53 19 48 37 56
42 11 45 58 9 22
17 42 20 43 3 34
56 48 42 35 22 8
33 4 56 57 49 41
22 43 50 55 52 60
48 28 4 24 14 57
28 34 27 36 56 54
7 24 29 23 4 40
48 58 20 52 59 39
2 4 16 49 28 1