260
34 8 59 52 19 18
6 49 21 39 43 40
52 47 51 13 50 20
33 60 40 13 50 37
45 17 50 57 18 16
1 6 55 40 41 21
44 49 1 14 41 10
50 25 6 48 49 57
19 42 11 49 43 6
39 24 17 20 12 28
36 55 53 15 17 19
54 32 24 44 58 23
28 52 16 20 6 8
29 43 6 34 58 39
21 26 46 59 12 57
7 3 52 16 23 56
42 29 16 9 8 48
29 41 23 17 53 45
32 14 26 13 43 18
36 39 53 24 22 16
45 21 3 11 18 44
23 25 40 19 30 24
16 6 42 33 15 27
54 21 45 28 47 32
29 6 51 57 49 30
17 19 14 12 18 25
42 20 49 59 53 38
12 16 50 45 19 56
23 22 34 54 21 4
32 18 54 7 8 20
33 53 21 25 4 51
31 30 18 45 35 20
49 8 25 46 38 43
6 35 31 44 17 14
32 1 33 4 17 55
31 53 19 59 16 21
6 52 49 26 19 7
42 31 19 26 46 17
55 9 3 40 44 2
37 36 21 4 2 15
7 9 23 40 39 41
36 3 51 56 23 28
55 26 45 38 44 35
43 27 1 44 23 17
10 12 4 43 48 54
3 48 37 14 42 56
42 16 41 32 56 30
4 54 23 39 11 56
2 55 11 13 5 39
1 30 19 12 11 15
52 55 54 20 19 34
26 52 41 44 55 30
25 6 43 10 36 8
7 38 10 57 50 6
29 27 2 15 55 43
47 15 43 39 27 10
46 7 36 31 44 26
59 8 53 33 40 31
17 13 53 1 40 21
25 7 47 23 45 37
12 58 27 28 49 43
9 24 53 35 38 51
36 18 20 58 21 42
58 57 6 3 31 40
41 36 44 26 10 54
11 21 4 23 22 59
24 60 57 12 7 6
29 28 42 48 45 51
13 12 50 32 20 26
17 13 8 48 40 20
38 35 52 13 1 17
59 14 6 52 37 24
33 2 50 32 56 55
26 6 34 48 55 37
14 39 41 10 17 13
60 9 22 7 17 23
37 4 40 16 19 49
2 30 38 47 33 20
55 24 51 36 28 35
12 21 17 16 33 42
48 53 26 3 38 28
47 34 27 36 32 28
40 9 42 52 43 6
43 60 32 39 2 35
6 58 11 21 44 55
49 26 57 58 2 23
18 49 8 2 7 25
15 39 11 56 6 27
57 15 48 58 25 6
58 14 31 46 9 51
33 57 29 47 18 30
45 49 35 33 27 31
38 22 55 51 50 3
50 58 31 36 15 11
43 55 49 19 33 3
40 46 22 23 51 4
48 14 6 42 23 53
41 26 14 35 27 48
41 8 50 52 11 19
34 20 33 50 58 40
50 14 51 58 54 3
33 6 9 51 18 1
29 34 38 10 59 47
49 37 15 20 53 13
38 23 40 30 26 16
6 21 5 36 22 44
57 22 9 41 5 21
32 12 1 51 37 41
23 50 33 3 16 32
34 4 19 56 7 55
8 59 2 52 9 45
60 38 49 39 56 46
8 7 33 24 45 35
25 34 44 57 50 14
1 52 12 35 43 40
24 23 48 52 44 3
7 37 5 29 20 41
31 24 41 22 4 19
23 1 14 47 17 3
34 11 25 59 33 7
59 50 54 1 43 3
22 20 31 13 34 57
32 35 44 7 46 34
56 38 59 24 7 39
11 24 25 3 12 41
53 17 58 5 20 6
10 4 22 57 54 51
48 22 27 47 50 15
17 43 41 5 12 10
16 2 11 34 22 9
29 49 3 19 34 55
54 28 26 18 19 43
45 23 5 51 56 50
38 28 47 30 44 22
24 9 8 34 3 22
45 49 56 60 28 26
45 8 42 5 1 14
2 58 55 33 15 56
17 43 50 46 22 44
6 8 46 53 39 54
22 2 50 10 48 53
40 54 53 55 37 25
29 5 34 49 53 16
46 24 60 5 29 35
50 21 11 14 1 54
5 20 41 35 11 38
1 56 34 7 12 8
43 37 14 35 11 57
41 10 54 56 45 22
39 10 6 4 24 34
13 30 45 22 58 14
40 26 24 34 39 7
59 24 8 22 28 5
31 11 43 56 50 32
60 48 10 42 28 53
6 24 25 35 47 36
49 48 20 40 12 17
5 30 43 6 55 26
25 59 5 30 22 45
56 20 27 13 19 10
45 11 16 5 7 47
40 10 35 48 32 55
2 48 40 29 7 54
9 6 36 3 43 10
18 15 34 17 4 35
21 51 29 3 11 5
48 60 28 57 38 18
29 24 41 59 12 21
53 34 56 17 58 29
32 1 21 36 49 11
60 24 48 2 17 21
4 5 24 28 54 42
48 50 53 34 55 49
54 7 24 16 37 21
26 10 46 45 28 1
3 4 54 5 33 9
22 24 28 1 25 15
38 12 59 19 43 6
42 54 39 58 49 51
18 57 10 24 56 55
9 11 7 20 24 40
40 43 34 19 22 35
18 22 24 29 55 34
53 19 38 11 50 6
29 59 18 23 12 47
45 16 47 7 29 11
11 1 2 59 18 21
28 41 49 39 24 45
26 19 33 38 23 14
2 19 41 60 23 31
12 22 3 20 57 43
55 6 33 60 3 17
6 31 15 12 33 54
58 7 24 4 50 55
18 6 9 11 51 10
43 46 26 10 58 45
5 2 3 8 25 48
20 58 19 18 2 6
27 10 34 20 23 16
40 24 45 57 10 29
56 48 37 45 59 34
39 38 42 17 58 26
52 33 6 34 30 60
53 23 34 45 16 37
52 27 36 49 1 60
6 23 31 57 34 25
12 8 51 20 44 24
36 12 30 35 14 44
13 20 38 5 34 12
48 3 27 29 44 19
59 48 56 44 5 20
32 57 51 39 24 52
35 59 54 20 56 39
18 47 22 44 12 48
32 24 4 19 15 57
50 28 8 40 24 38
48 29 25 55 44 6
24 45 36 26 18 51
3 48 8 50 39 20
32 13 9 26 16 44
9 8 28 48 43 56
5 35 33 15 57 27
28 10 16 52 46 7
42 15 34 3 53 14
46 6 13 37 43 24
33 54 60 52 35 28
47 13 59 20 45 17
12 19 44 2 41 56
23 5 9 13 27 57
48 34 39 57 43 19
27 23 26 39 19 6
26 2 58 13 47 6
5 27 15 35 55 50
18 26 53 15 46 44
12 34 28 40 56 9
37 21 1 26 51 20
10 9 38 26 43 42
39 46 30 8 2 50
21 46 32 23 14 11
44 27 17 28 29 13
45 52 37 30 20 25
59 44 32 46 6 15
20 24 30 47 32 35
9 43 29 25 56 44
16 19 54 4 49 48
45 12 44 56 3 20
9 5 10 23 28 45
1 48 56 22 46 13
23 19 25 22 49 54
25 19 58 50 4 9
39 16 27 30 5 35
52 44 39 57 30 9
30 17 55 33 2 10
8 6 18 1 48 9
36 28 42 47 31 39
11 15 22 2 41 18
31 37 19 36 15 49
24 51 14 27 43 41
40 20 16 52 17 1
13 57 1 17 16 29
15 48 6 36 26 29