257
31 48 58 30 34 12
5 53 1 37 22 15
57 48 60 36 49 40
47 28 26 22 39 58
3 25 23 54 57 32
5 4 54 39 31 19
39 35 56 53 51 5
6 37 53 49 59 12
23 43 22 31 4 49
4 34 44 39 57 55
14 4 54 13 44 31
8 24 45 20 7 32
41 40 24 5 18 11
57 37 26 11 59 38
24 37 3 54 1 28
40 20 55 52 31 16
10 41 50 35 1 20
46 34 4 14 3 25
6 26 43 7 30 51
47 48 56 6 33 51
32 46 30 5 41 50
34 13 42 33 53 40
44 23 2 7 57 55
57 16 54 9 43 44
26 9 7 18 44 43
47 48 31 28 10 57
52 20 22 39 57 15
21 1 48 36 54 15
53 49 59 4 20 5
15 56 16 41 48 54
22 55 13 11 15 39
57 1 7 27 38 10
39 26 54 34 15 11
6 37 2 3 43 41
56 58 55 14 59 9
52 35 37 33 24 55
22 26 44 34 9 56
4 45 3 23 10 17
10 28 16 35 44 42
9 4 14 20 8 23
28 45 53 29 40 56
58 42 8 28 12 49
13 49 28 12 25 56
2 52 5 45 24 16
55 31 40 27 59 49
12 43 33 2 31 9
2 45 20 23 40 22
31 56 37 7 25 46
29 58 41 4 13 12
47 59 27 10 29 52
34 22 18 54 58 45
19 9 25 50 8 6
8 60 58 59 4 21
8 24 17 52 42 40
31 26 51 15 40 30
50 22 3 27 47 33
46 9 55 3 35 51
13 56 4 46 44 42
20 17 27 21 38 22
14 10 7 4 53 60
12 47 25 24 27 14
9 50 54 42 19 40
44 38 35 5 7 24
25 16 56 11 12 50
13 47 20 6 40 42
55 13 21 2 56 5
38 19 27 3 48 18
11 25 59 7 23 35
34 14 57 58 27 9
4 47 33 1 44 6
60 20 32 22 44 57
51 27 4 37 13 21
19 54 38 59 24 57
4 25 47 27 13 41
35 38 39 14 11 30
38 44 14 7 59 22
11 55 27 30 52 42
17 40 51 30 9 56
12 54 40 15 30 56
29 6 40 20 25 56
26 58 8 20 49 46
21 29 52 60 40 2
18 7 54 9 6 55
17 49 38 56 10 27
29 13 5 3 34 49
26 10 45 2 47 8
9 33 56 41 24 14
45 49 9 18 37 34
7 10 40 38 37 34
52 18 54 28 30 31
28 55 56 12 47 22
33 41 15 11 10 28
32 19 36 10 35 38
24 33 40 36 5 43
45 36 13 56 18 46
35 14 60 38 9 10
33 18 30 60 28 54
29 13 45 40 56 50
12 38 50 2 59 46
37 38 2 10 55 50
48 50 4 12 15 14
1 46 45 32 10 7
18 4 53 43 46 24
48 1 50 29 22 35
59 37 29 13 17 21
59 16 14 1 43 54
21 4 47 28 5 35
8 15 36 38 17 11
56 36 23 32 42 25
26 53 37 54 55 13
53 6 3 15 39 37
9 41 5 57 13 46
32 21 11 44 17 57
47 42 23 33 11 43
18 24 6 3 40 8
14 53 12 58 30 19
32 44 5 2 22 55
21 2 16 14 35 23
31 8 41 48 19 29
39 58 29 2 57 18
6 7 24 59 3 31
43 11 18 35 1 36
60 46 50 38 21 9
11 18 25 35 21 13
23 35 60 25 19 26
55 10 15 4 59 43
54 22 40 27 23 3
1 45 17 5 47 39
2 18 21 7 45 13
43 33 50 28 7 55
21 52 28 55 16 2
25 49 19 27 36 39
4 14 5 59 56 49
58 33 1 18 9 11
16 43 29 47 33 2
23 24 1 26 47 38
44 15 21 22 45 11
3 42 20 22 33 38
34 37 54 30 11 47
21 51 58 36 26 31
59 58 48 9 8 50
15 49 28 31 48 46
49 7 43 5 39 13
60 28 3 37 29 52
53 39 48 32 35 43
46 29 11 42 20 17
5 55 8 14 26 47
14 33 6 11 50 18
28 32 53 44 39 22
25 22 6 42 28 23
53 38 51 57 40 20
59 11 45 41 24 8
38 4 27 17 31 21
47 48 33 58 9 38
7 30 6 3 31 60
35 51 58 12 14 20
3 10 4 20 22 34
18 58 3 14 27 22
6 26 10 56 57 59
49 17 36 10 19 51
1 22 26 8 9 30
10 53 59 52 21 29
54 33 28 51 58 37
52 27 42 19 16 1
57 42 12 53 33 58
16 50 25 34 22 9
33 10 7 21 24 22
4 8 50 51 16 43
15 24 55 27 1 31
43 52 44 32 7 1
55 42 21 19 26 35
21 28 47 7 3 59
8 1 42 44 39 27
57 25 21 54 39 32
9 45 35 8 10 27
49 43 30 58 16 1
14 8 55 42 3 5
13 44 41 20 23 26
4 34 27 1 60 40
48 47 60 51 1 23
23 46 22 49 36 9
21 60 14 46 9 29
46 31 53 28 49 52
58 32 52 17 46 9
4 17 14 40 39 35
28 4 25 53 20 3
18 29 4 52 59 39
26 24 7 46 8 14
12 14 8 55 24 29
35 44 26 41 59 46
34 29 19 43 56 1
20 2 36 23 40 44
1 12 42 49 38 51
38 17 6 33 4 53
15 45 29 4 11 35
58 16 5 12 8 54
48 24 11 20 7 22
47 50 46 9 53 58
46 51 8 10 22 4
17 29 11 16 57 32
28 3 34 48 36 9
60 23 11 30 45 19
20 29 45 50 2 57
27 2 28 10 57 40
10 7 35 3 33 46
12 52 32 8 29 1
9 7 44 59 15 46
41 20 39 23 53 40
29 49 60 23 4 47
21 46 41 33 28 27
19 40 9 4 59 23
57 52 32 25 47 6
2 8 59 1 13 29
54 34 27 13 52 32
31 14 36 59 6 34
32 7 22 46 57 28
8 19 24 21 56 23
53 18 3 15 19 22
12 8 34 50 9 56
56 54 42 41 18 3
19 9 40 1 56 50
20 46 26 55 39 19
54 3 60 20 57 55
13 41 27 23 56 4
31 40 26 9 17 53
54 35 56 24 6 44
56 27 41 18 55 43
46 18 17 2 34 7
49 23 59 6 10 21
22 40 59 23 38 44
47 51 14 12 40 18
12 35 16 9 10 32
51 8 2 27 44 3
34 59 56 14 25 54
36 50 34 20 45 10
40 41 58 34 1 48
38 44 30 57 53 27
55 57 14 30 43 20
29 4 20 19 5 50
59 60 2 28 9 48
54 23 7 33 56 49
6 54 35 51 53 21
13 60 22 15 4 48
37 12 60 5 10 8
48 6 23 21 34 9
7 45 33 20 51 28
55 12 49 42 25 16
4 57 23 43 21 1
53 41 6 26 3 30
47 57 56 14 33 41
10 49 42 14 17 28
32 24 42 58 5 44
20 53 1 29 33 4
30 11 3 46 37 18
53 35 13 12 27 51
49 55 8 31 17 16
11 36 46 32 21 49
3 55 28 12 38 5