41
43 9 45 39 2 25
46 33 51 40 39 54
25 23 18 35 56 21
52 12 55 45 13 26
7 31 33 57 40 28
40 3 20 14 13 57
10 59 42 3 41 25
32 18 5 8 24 9
36 55 22 43 15 31
6 5 30 16 37 54
54 35 53 44 60 23
8 1 54 26 58 32
47 14 56 20 32 15
9 11 21 52 1 27
50 6 38 42 4 5
56 27 14 44 9 51
31 55 42 34 39 46
21 44 47 32 4 8
35 14 45 19 48 53
49 9 54 42 52 53
51 14 52 44 34 4
4 29 44 16 2 19
28 20 15 33 53 18
50 16 56 17 22 34
25 57 5 47 26 8
5 10 29 36 42 51
40 49 27 23 39 53
15 30 46 23 47 34
47 8 33 4 28 1
28 20 10 8 41 13
43 49 4 46 41 12
60 30 24 53 34 6
32 58 18 23 38 29
59 36 22 16 42 18
57 44 14 24 59 40
21 13 28 5 50 3
22 46 12 52 49 33
17 16 21 33 12 59
8 24 2 1 15 26
22 48 6 38 29 13
52 41 12 9 2 26
2 49 11 19 7 57