234
43 3 14 38 8 25
25 11 51 49 60 50
20 17 43 52 47 14
33 22 40 27 30 26
4 29 12 26 35 6
2 3 59 8 26 30
14 36 34 15 40 55
34 29 7 38 44 57
20 43 36 27 3 26
33 34 19 44 18 5
51 1 15 54 10 45
11 23 4 9 28 54
11 56 21 49 12 50
39 50 42 26 2 22
8 56 24 20 33 27
21 30 22 53 39 59
29 11 52 58 32 16
14 52 25 50 58 31
20 6 8 30 1 21
58 15 43 26 5 42
19 22 48 8 34 32
58 20 1 22 13 23
54 14 21 7 28 18
40 28 23 25 15 29
17 2 14 18 3 38
20 43 39 58 14 23
2 25 41 42 16 5
1 44 14 57 52 22
24 46 57 21 25 34
33 39 31 35 41 59
59 23 49 25 6 37
15 47 35 30 27 21
36 15 17 6 48 20
3 31 48 18 42 55
32 40 15 14 41 24
31 18 23 9 48 51
1 59 34 41 6 18
53 57 32 6 28 2
2 14 31 51 12 52
60 19 24 13 31 32
17 32 25 35 59 15
21 2 3 23 38 22
54 32 34 25 9 27
36 16 19 51 32 3
51 37 23 31 7 35
24 39 5 3 43 41
35 10 59 15 45 14
9 38 7 58 21 33
24 17 54 56 48 35
15 1 46 22 58 43
37 7 39 54 22 28
4 21 8 6 33 36
60 56 36 46 7 1
51 57 39 55 7 56
17 58 53 25 26 56
31 46 41 57 25 28
45 53 50 8 5 16
53 33 25 8 55 47
58 20 18 1 56 32
21 17 10 38 3 48
24 53 34 22 16 43
56 31 33 23 47 20
16 27 34 43 33 35
43 31 29 11 3 25
30 13 9 50 35 41
12 21 42 50 17 54
34 7 60 40 47 23
36 17 19 50 57 13
59 39 53 40 58 25
32 60 14 54 56 20
8 13 9 53 30 48
36 15 37 55 3 20
11 8 41 3 36 27
6 26 51 59 46 47
44 54 24 50 57 17
31 44 4 60 46 41
40 5 8 57 41 53
17 49 16 38 53 56
60 39 13 6 50 3
54 21 34 38 41 25
28 31 41 39 40 6
9 14 11 35 44 40
44 21 28 46 13 26
11 38 27 42 23 59
10 23 46 57 18 56
44 51 1 10 9 4
31 7 8 24 27 46
15 55 41 51 13 4
24 3 29 18 51 49
8 40 27 20 11 35
41 21 55 43 7 49
38 33 4 16 39 60
10 60 4 43 6 25
39 17 47 24 1 15
60 54 8 32 50 7
5 11 30 17 27 46
36 53 33 57 35 24
25 28 17 45 29 18
19 32 21 12 25 24
17 31 8 2 40 4
54 8 40 1 37 59
50 8 35 47 21 41
45 52 5 31 46 16
33 57 59 43 47 48
45 47 38 27 44 12
37 44 60 20 33 35
21 23 47 56 49 48
15 17 46 12 43 21
49 30 21 38 60 12
34 56 43 51 9 26
39 44 51 40 47 21
20 9 60 40 5 56
60 17 41 48 20 13
57 40 19 41 20 21
38 23 2 43 28 42
11 40 35 47 39 19
21 7 9 38 43 13
56 9 4 54 48 28
19 39 1 7 52 60
33 46 12 10 58 19
29 23 48 50 7 60
48 9 14 21 45 24
59 22 32 30 6 4
1 28 14 9 5 39
27 9 10 3 4 23
37 51 48 18 11 13
11 43 35 41 34 28
32 34 40 36 44 46
50 34 31 37 55 48
33 25 60 54 31 18
10 37 52 16 41 27
1 13 33 15 31 50
25 22 1 56 2 41
17 57 21 44 43 55
24 25 28 18 3 4
40 46 34 9 28 47
16 33 38 46 54 12
1 39 10 40 31 55
56 51 43 46 28 10
53 13 12 4 31 51
12 34 59 14 39 3
54 59 57 14 47 6
37 19 54 52 2 17
9 28 22 46 25 55
17 27 22 49 34 8
26 7 57 14 9 3
19 53 10 54 22 60
18 16 23 51 22 43
12 55 32 52 24 21
36 32 19 45 2 37
45 40 52 28 34 5
29 21 3 44 19 52
50 57 8 44 39 11
31 36 39 53 48 4
31 25 21 22 46 45
34 47 35 12 48 21
42 52 56 38 47 28
15 43 31 5 4 6
5 11 37 54 38 48
49 31 3 36 5 43
21 20 49 48 37 2
6 2 48 56 30 31
32 46 48 29 18 38
6 50 55 19 12 54
60 24 17 39 20 6
58 27 23 5 4 51
2 3 42 44 57 33
21 60 5 43 31 10
59 15 51 30 25 37
52 37 30 46 47 39
41 56 7 1 32 36
24 39 56 16 34 8
26 27 41 9 12 7
46 6 57 18 19 54
30 46 42 55 17 37
30 48 54 17 46 37
15 41 60 53 2 50
14 22 43 35 24 41
14 32 58 4 28 16
57 53 4 42 36 51
12 55 29 37 1 21
44 1 5 31 47 17
27 21 49 59 11 14
42 44 51 18 1 27
32 59 41 13 47 52
22 54 40 11 17 6
26 57 50 16 29 53
52 8 17 31 56 36
5 13 7 9 37 35
57 26 52 54 50 22
5 56 7 37 8 58
60 52 3 26 13 31
49 27 26 11 28 17
41 9 23 13 3 24
41 13 50 3 45 9
5 35 42 58 27 19
20 2 16 15 50 51
40 20 29 28 48 53
47 49 33 34 23 36
31 40 46 45 19 52
35 49 34 6 5 25
46 30 22 50 5 60
54 12 58 51 38 31
46 11 34 8 56 19
42 29 56 22 20 10
13 48 41 20 1 53
21 16 26 14 44 27
58 45 8 22 6 18
37 41 12 4 39 22
45 18 12 55 49 9
16 11 51 13 40 47
23 47 36 52 44 10
5 8 36 4 33 7
43 60 44 31 26 49
51 47 59 12 56 23
9 34 35 4 49 57
58 56 59 26 16 14
33 48 15 37 6 36
32 19 36 18 26 40
40 59 6 27 47 56
45 39 38 12 43 35
46 39 49 11 57 24
47 38 45 26 25 35
36 7 5 59 25 23
46 25 42 59 39 53
9 48 28 22 13 25
44 58 7 36 50 53
57 17 56 50 33 48
57 27 16 60 22 5
1 30 7 2 53 52
50 33 38 2 18 40
6 7 11 19 48 18
12 52 24 13 9 54
17 33 31 5 51 53
25 20 1 41 44 3