300
2 12 50 43 30 8
58 10 23 21 31 7
16 51 60 36 31 57
10 20 49 48 51 1
8 46 51 44 59 27
5 59 27 29 54 57
19 7 29 31 1 18
1 6 40 21 42 12
14 15 41 46 3 43
48 42 13 57 52 19
24 23 15 33 60 57
18 12 39 19 50 26
35 13 4 17 19 10
13 46 40 47 32 28
9 8 29 20 50 49
22 52 29 3 38 59
33 35 57 43 7 51
25 18 47 43 22 32
39 50 60 14 20 21
53 28 46 30 12 34
29 24 4 18 54 19
58 39 8 10 26 30
48 6 47 23 49 17
4 48 43 14 9 34
15 38 36 4 25 33
5 47 1 21 24 34
59 17 9 48 7 49
55 46 36 19 44 37
13 55 36 21 47 4
28 18 58 1 38 2
24 38 54 25 48 47
30 9 12 18 26 51
59 43 22 14 3 51
23 49 20 15 4 19
19 37 52 12 22 11
14 34 2 19 57 24
30 45 3 46 23 40
37 38 14 35 2 51
25 26 32 37 5 8
28 41 49 21 5 31
36 45 5 29 11 17
7 38 50 40 57 3
25 42 30 53 1 44
12 55 7 59 60 1
41 36 33 38 58 52
30 22 26 51 2 14
26 32 38 36 29 11
29 17 57 44 55 20
39 51 16 4 37 8
48 32 46 7 12 28
50 23 38 4 48 31
58 44 26 19 50 53
29 25 32 16 5 56
46 24 57 16 39 2
59 25 5 37 20 33
29 18 11 12 45 27
45 38 15 37 42 59
33 56 54 39 27 1
54 30 27 28 24 57
28 23 27 29 49 59
41 54 30 19 1 47
36 35 48 8 41 20
55 14 1 45 27 51
36 39 45 15 32 55
36 59 23 14 55 20
3 2 16 32 60 34
13 41 42 48 10 47
55 23 39 45 58 15
56 30 8 57 3 32
40 41 17 30 3 27
53 50 36 3 56 6
28 10 1 3 4 8
14 35 13 41 46 47
48 42 44 20 38 19
22 43 3 30 19 48
37 10 8 34 41 45
27 41 33 43 35 13
45 55 3 31 30 8
38 10 60 31 15 9
45 16 52 2 38 18
60 3 40 52 51 39
17 54 24 37 41 31
14 22 33 25 59 21
15 17 20 45 32 34
60 4 55 38 21 16
20 8 17 7 29 43
8 32 21 51 23 38
31 12 32 13 20 25
27 54 15 33 25 32
32 36 48 39 41 40
26 31 14 41 45 56
31 23 48 53 55 21
16 9 23 14 39 58
18 51 58 25 2 7
11 19 2 13 28 17
6 46 51 9 49 4
5 33 12 19 59 26
25 43 21 23 1 10
12 13 18 53 51 9
49 52 21 29 35 12
53 43 36 18 30 37
33 12 20 53 4 50
27 42 21 43 8 12
16 21 27 12 49 35
60 58 4 41 5 19
4 23 59 45 19 17
22 4 13 50 54 56
28 51 49 4 46 38
28 39 30 37 10 58
19 7 35 58 11 20
3 49 41 20 29 56
58 9 38 26 28 49
28 22 45 46 52 38
16 11 56 9 5 32
4 40 54 53 33 11
36 7 23 17 58 27
32 35 31 60 45 21
12 21 44 15 7 31
22 33 27 18 19 51
26 1 55 34 9 52
13 10 4 54 46 53
25 44 37 43 5 12
49 31 21 34 53 32
41 50 44 2 55 51
55 52 39 58 3 14
40 51 13 27 33 1
29 3 42 59 37 9
52 50 48 24 12 36
45 25 53 51 28 38
50 9 52 44 6 19
5 8 59 53 47 22
23 5 48 60 34 9
38 28 44 50 21 35
29 47 34 30 41 36
58 34 8 9 17 42
53 59 7 30 49 19
41 16 36 17 60 43
7 14 59 36 38 30
39 23 3 41 11 37
55 27 37 16 14 15
13 45 46 50 26 56
8 7 48 56 32 5
33 19 43 10 4 55
35 22 32 1 59 53
8 33 35 59 45 12
39 28 17 12 60 18
3 47 8 24 53 16
35 60 6 36 45 56
26 13 38 3 15 58
56 13 58 24 5 54
34 53 40 28 27 18
49 7 58 11 57 5
34 55 60 58 7 1
41 34 4 32 26 45
29 46 28 41 44 15
17 7 50 45 59 37
18 28 42 22 52 26
52 17 37 22 21 57
8 39 48 60 53 46
24 44 30 39 25 15
9 24 56 57 35 2
22 54 7 43 26 52
43 38 12 58 53 23
41 35 60 57 59 9
55 37 7 13 3 49
40 58 29 9 60 10
15 56 43 26 27 17
42 56 49 36 51 33
2 8 29 16 6 20
12 50 4 7 20 31
6 25 26 10 2 27
39 44 20 35 54 12
6 20 45 60 39 38
47 57 37 51 45 46
57 15 59 46 26 40
28 59 29 27 10 38
28 52 3 48 21 34
31 27 33 5 1 50
32 5 38 10 54 3
2 29 57 13 43 23
49 51 35 36 47 28
17 32 56 21 11 57
12 23 56 34 16 1
33 34 58 9 11 44
6 1 40 41 31 60
36 30 7 19 10 50
10 39 36 12 45 35
25 2 50 27 21 46
28 19 26 45 47 35
26 54 19 49 44 53
29 22 35 4 5 50
24 43 38 59 11 22
5 11 48 3 27 28
24 16 1 49 17 53
15 51 53 35 23 10
4 40 58 23 21 54
15 28 34 5 35 42
9 12 13 37 47 16
41 21 47 29 16 60
52 41 15 9 43 53
54 15 47 58 4 17
24 42 16 25 4 6
18 19 41 9 21 42
27 11 24 47 44 33
50 28 49 31 33 25
49 46 43 20 18 40
23 29 57 60 17 56
42 1 29 15 40 26
27 52 36 10 51 11
7 50 4 36 16 19
31 29 53 33 11 52
1 54 3 47 60 26
11 37 54 17 56 41
30 13 43 29 55 14
47 57 12 16 33 48
9 11 57 43 5 16
23 26 29 32 13 42
17 60 46 41 6 48
57 48 51 22 41 52
50 14 36 18 5 46
42 13 32 39 38 7
31 6 22 40 52 2
16 55 58 41 2 40
36 41 18 9 4 7
8 54 27 16 52 12
5 18 53 41 28 21
49 4 21 19 3 2
8 5 12 50 45 13
27 39 58 38 60 23
49 3 27 56 33 8
29 45 31 49 43 24
55 23 52 1 32 57
55 3 34 19 6 1
30 52 14 57 55 7
20 49 25 47 35 19
16 26 60 29 38 53
38 28 46 16 6 2
49 22 3 55 1 15
23 54 49 31 56 8
41 28 55 31 21 32
14 13 43 16 6 1
49 25 44 45 51 28
32 33 34 14 54 30
33 12 27 17 48 20
21 37 49 4 33 26
5 4 6 15 39 16
24 51 50 20 45 35
2 54 42 6 49 35
10 34 53 41 58 52
24 2 48 39 26 8
42 43 13 6 51 53
39 3 56 37 9 51
36 33 47 17 37 8
23 15 9 3 18 1
12 8 25 26 32 24
13 24 20 52 12 45
35 11 38 2 48 8
12 33 30 51 27 32
16 23 43 38 50 36
45 26 42 2 28 16
31 55 21 3 7 36
59 22 24 45 46 47
11 15 26 36 34 37
46 42 43 5 54 14
30 15 5 31 59 44
3 59 4 22 60 2
12 34 39 18 25 29
22 59 15 57 7 36
41 7 28 33 13 26
29 44 34 37 24 60
28 49 16 37 56 26
13 49 26 3 23 45
53 27 22 30 23 38
34 43 23 58 56 35
26 38 11 44 36 32
50 9 33 5 2 45
58 41 6 22 18 43
23 22 57 52 45 34
26 55 27 34 2 11
28 11 52 10 24 49
22 53 3 19 44 52
35 38 40 47 58 4
21 38 48 51 14 46
45 13 21 12 40 33
57 52 8 6 7 17
58 52 50 35 48 46
30 42 53 15 35 34
59 17 38 12 54 60
41 46 26 11 17 30
26 49 6 41 23 36
33 19 32 34 2 43
6 28 52 56 47 9
22 34 12 30 11 58
52 36 38 16 51 9
22 59 2 14 27 29
22 32 19 37 6 34
42 57 45 29 35 32
47 19 28 8 26 53
21 32 10 17 58 25
16 56 34 52 58 4
20 26 58 53 32 19