3
24846
1000000
1
4
7
10
13
16
19
22
25
28
31
34
37
40
43
46
49
52
55
58
61
64
67
70
73
76
79
82
85
88
91
94
97
100
103
106
109
112
115
118
121
124
127
130
133
136
139
142
145
148
151
154
157
160
163
166
169
172
175
178
181
184
187
190
193
196
199
202
205
208
211
214
217
220
223
226
229
232
235
238
241
244
247
250
253
256
259
262
265
268
271
274
277
280
283
286
289
292
295
298
301
304
307
310
313
316
319
322
325
328
331
334
337
340
343
346
349
352
355
358
361
364
367
370
373
376
379
382
385
388
391
394
397
400
403
406
409
412
415
418
421
424
427
430
433
436
439
442
445
448
451
454
457
460
463
466
469
472
475
478
481
484
487
490
493
496
499
502
505
508
511
514
517
520
523
526
529
532
535
538
541
544
547
550
553
556
559
562
565
568
571
574
577
580
583
586
589
592
595
598
601
604
607
610
613
616
619
622
625
628
631
634
637
640
643
646
649
652
655
658
661
664
667
670
673
676
679
682
685
688
691
694
697
700
703
706
709
712
715
718
721
724
727
730
733
736
739
742
745
748
751
754
757
760
763
766
769
772
775
778
781
784
787
790
793
796
799
802
805
808
811
814
817
820
823
826
829
832
835
838
841
844
847
850
853
856
859
862
865
868
871
874
877
880
883
886
889
892
895
898
901
904
907
910
913
916
919
922
925
928
931
934
937
940
943
946
949
952
955
958
961
964
967
970
973
976
979
982
985
988
991
994
997
1000
1999999000
1999999010
1999999020
1999999030
1999999040
1999999050
1999999060
1999999070
1999999080
1999999090
1999999100
1999999110
1999999120
1999999130
1999999140
1999999150
1999999160
1999999170
1999999180
1999999190
1999999200
1999999210
1999999220
1999999230
1999999240
1999999250
1999999260
1999999270
1999999280
1999999290
1999999300
1999999310
1999999320
1999999330
1999999340
1999999350
1999999360
1999999370
1999999380
1999999390
1999999400
1999999410
1999999420
1999999430
1999999440
1999999450
1999999460
1999999470
1999999480
1999999490
1999999500
1999999510
1999999520
1999999530
1999999540
1999999550
1999999560
1999999570
1999999580
1999999590
1999999600
1999999610
1999999620
1999999630
1999999640
1999999650
1999999660
1999999670
1999999680
1999999690
1999999700
1999999710
1999999720
1999999730
1999999740
1999999750
1999999760
1999999770
1999999780
1999999790
1999999800
1999999810
1999999820
1999999830
1999999840
1999999850
1999999860
1999999870
1999999880
1999999890
1999999900
1999999910
1999999920
1999999930
1999999940
1999999950
1999999960
1999999970
1999999980
1999999990
2000000000
21000
24271
27542
30813
34084
37355
40626
43897
47168
50439
53710
56981
60252
63523
66794
70065
73336
76607
79878
83149
86420
89691
92962
96233
99504
102775
106046
109317
112588
115859
119130
122401
125672
128943
132214
135485
138756
142027
145298
148569
151840
155111
158382
161653
164924
168195
171466
174737
178008
181279
184550
187821
191092
194363
197634
200905
204176
207447
210718
213989
217260
220531
223802
227073
230344
233615
236886
240157
243428
246699
249970
253241
256512
259783
263054
266325
269596
272867
276138
279409
282680
285951
289222
292493
295764
299035
302306
305577
308848
312119
315390
318661
321932
325203
328474
331745
335016
338287
341558
344829
348100
351371
354642
357913
361184
364455
367726
370997
374268
377539
380810
384081
387352
390623
393894
397165
400436
403707
406978
410249
413520
416791
420062
423333
426604
429875
433146
436417
439688
442959
446230
449501
452772
456043
459314
462585
465856
469127
472398
475669
478940
482211
485482
488753
492024
495295
498566
100000000
100000001
100000002
100000003
100000004
100000005
100000006
100000007
100000008
100000009
100000010
100000011
100000012
100000013
100000014
100000015
100000016
100000017
100000018
100000019
100000020
100000021
100000022
100000023
100000024
100000025
100000026
100000027
100000028
100000029
100000030
100000031
100000032
100000033
100000034
100000035
100000036
100000037
100000038
100000039
100000040
100000041
100000042
100000043
100000044
100000045
100000046
100000047
100000048
100000049
100000050
100000051
100000052
100000053
100000054
100000055
100000056
100000057
100000058
100000059
100000060
100000061
100000062
100000063
100000064
100000065
100000066
100000067
100000068
100000069
100000070
100000071
100000072
100000073
100000074
100000075
100000076
100000077
100000078
100000079
100000080
100000081
100000082
100000083
100000084
100000085
100000086
100000087
100000088
100000089
100000090
100000091
100000092
100000093
100000094
100000095
100000096
100000097
100000098
100000099
100000100
0