10 6 2
1 5
3 4
1 4
2 4
3 5
6 1
3 1 1
1 2
4 1 4
1 2
7 3 7
1 2
1 3
1 4
8 8 8
3 4
1 2
1 3
2 4
1 4
1 6
1 8
1 5
10 9 7
2 5
1 5
4 5
1 2
1 3
3 2
1 9
1 8
1 4
10 8 10
1 2
1 3
1 6
1 5
1 10
1 8
1 4
1 7
12 15 10
1 4
2 8
2 4
1 2
2 3
1 3
1 5
2 6
1 11
2 11
1 7
1 10
2 10
1 8
1 6
11 14 11
1 7
6 1
2 1
1 4
1 8
2 10
2 8
1 3
2 6
3 7
2 3
1 5
1 9
1 10
4 1 1
1 2
11 5 8
1 2
1 10
1 3
1 5
1 4
4 1 4
1 2
25 98 11
1 17
1 13
2 12
1 15
4 15
5 1
8 10
6 5
3 8
3 21
12 14
11 22
1 25
2 4
3 25
1 2
3 12
9 8
1 23
2 11
3 6
3 2
2 23
7 14
4 9
12 13
4 8
4 1
6 17
1 9
5 22
3 7
5 8
1 11
4 16
4 11
9 13
7 2
6 16
2 9
4 19
7 11
1 12
3 14
1 6
5 14
4 13
2 17
3 23
5 7
3 20
2 6
2 5
2 22
2 8
3 4
1 10
1 20
4 23
1 7
8 20
4 21
8 11
2 13
1 18
3 15
4 12
1 16
2 21
3 11
3 24
1 21
6 18
1 24
2 19
5 21
7 8
2 18
5 23
1 8
3 1
2 14
2 20
5 3
4 6
3 16
2 24
3 18
2 15
1 14
2 10
3 10
3 13
3 19
3 17
1 22
1 19
2 16
25 67 23
1 14
2 19
4 20
1 16
7 17
2 7
6 15
5 15
2 6
1 10
4 23
1 11
3 17
5 13
1 19
2 16
2 11
7 24
6 1
6 5
7 22
1 7
2 14
5 19
4 12
6 13
6 19
1 20
1 18
1 17
5 17
8 4
2 18
1 21
4 25
1 22
4 10
2 3
2 20
1 8
1 15
3 13
2 21
2 22
3 4
1 24
3 22
2 1
2 8
1 9
1 3
5 10
4 17
3 10
1 25
1 13
2 5
1 23
1 5
2 15
2 4
2 13
2 23
2 10
2 12
1 4
1 12
29 93 5
5 23
2 23
1 8
5 19
4 3
2 28
7 6
1 13
2 19
5 15
5 26
6 13
3 28
4 8
1 21
1 14
2 8
3 29
1 24
2 11
4 1
7 13
6 18
6 24
2 1
2 16
1 5
1 3
1 15
4 27
7 19
1 27
2 29
1 16
3 27
3 7
4 2
4 15
8 9
2 22
6 10
2 18
1 23
3 21
1 29
1 20
6 14
4 7
1 19
3 11
4 5
1 7
1 26
1 9
2 13
4 14
3 10
1 22
3 19
1 28
2 21
2 5
2 26
3 6
2 3
4 9
3 15
2 10
2 14
5 8
4 26
1 6
3 25
2 7
4 13
1 17
2 6
2 25
3 8
1 11
4 6
3 9
2 20
2 15
5 9
1 12
3 14
2 9
1 18
1 10
1 25
2 12
2 17
8 4 8
1 3
1 4
1 2
1 5
7 1 7
1 2
34 38 34
1 30
1 20
2 7
1 28
1 24
3 9
2 31
1 9
3 29
1 2
2 3
2 4
1 25
2 11
1 11
2 30
1 4
1 17
1 6
1 13
1 8
1 21
1 10
1 5
2 13
1 22
1 34
1 12
1 14
1 29
1 19
1 7
1 23
1 3
1 26
1 16
1 15
1 18
31 33 29
3 21
2 3
1 7
2 15
1 25
1 11
1 4
1 6
1 30
1 26
2 17
2 7
1 2
1 27
1 10
1 31
1 17
1 20
1 8
1 13
3 5
1 19
1 23
1 14
1 3
2 16
1 18
1 21
1 5
1 9
1 15
1 16
1 12
12 2 4
1 4
1 2
27 68 17
1 25
7 5
4 14
3 9
2 27
4 1
4 12
6 17
1 12
10 3
4 9
2 15
2 20
1 5
4 8
1 24
4 19
2 8
1 16
1 3
3 20
8 10
5 17
1 21
1 22
5 15
1 13
2 1
1 20
2 14
1 17
3 13
4 23
2 3
2 13
1 14
2 10
2 11
1 7
1 11
2 18
1 19
2 24
4 22
1 18
3 6
4 11
3 4
1 15
3 7
3 12
1 8
1 9
4 13
3 16
2 4
2 17
5 22
2 26
2 19
2 9
2 6
2 16
2 5
1 6
1 10
1 23
1 26
40 101 40
5 37
1 35
3 28
1 27
1 15
5 31
1 40
6 34
11 16
4 17
1 30
2 11
4 1
1 9
4 12
2 39
4 34
4 3
11 5
3 18
2 19
6 26
11 30
2 25
2 31
6 8
2 28
2 6
3 23
5 9
1 10
1 26
1 11
2 18
4 9
1 31
2 27
1 14
2 38
2 9
1 33
10 27
1 39
1 8
4 40
1 2
2 26
4 15
1 5
2 32
1 12
8 9
1 29
1 23
2 20
3 1
1 18
1 37
5 35
2 16
3 27
2 13
3 35
1 22
4 21
2 40
2 5
1 6
3 31
2 10
3 8
3 21
1 21
4 29
2 24
3 5
4 35
2 8
2 29
3 20
2 14
3 37
1 19
3 17
2 12
1 20
3 33
2 36
2 35
2 22
1 7
2 33
1 38
2 21
1 13
1 17
1 34
1 24
2 3
1 16
1 25
27 9 27
1 13
1 12
1 3
1 5
1 7
1 4
1 15
1 11
1 2
29 7 23
1 8
1 10
1 7
1 4
1 5
1 3
1 2
11 1 10
1 2
21 6 17
1 3
1 4
1 7
1 2
1 6
1 5
53 265 53
7 47
1 30
2 42
14 38
8 19
1 45
1 18
4 51
7 11
2 47
1 23
6 1
5 20
1 39
18 2
1 16
3 19
1 32
5 36
3 36
10 51
6 25
2 4
2 51
3 38
3 50
2 36
8 5
1 40
2 40
7 16
2 25
3 10
1 42
2 11
7 12
12 13
2 22
4 40
1 28
1 47
1 13
5 51
1 31
1 21
2 34
12 27
4 45
5 31
6 47
15 3
6 44
2 30
5 4
4 48
3 40
6 48
9 50
1 3
5 47
5 30
2 10
4 42
13 10
2 52
2 37
6 3
9 1
2 1
2 27
2 46
3 49
2 50
2 19
5 19
4 32
3 46
4 25
8 12
4 28
3 42
3 44
12 42
3 35
6 13
5 23
7 21
1 43
2 12
5 10
4 30
3 17
3 34
1 8
5 26
4 49
2 17
1 38
4 41
1 26
1 24
5 44
5 34
3 14
1 41
2 44
9 35
12 45
3 12
4 26
6 51
4 9
4 15
3 48
2 13
2 23
5 21
11 18
5 9
6 4
6 17
6 20
7 14
7 52
5 43
9 36
2 33
7 23
1 4
7 51
3 29
5 11
6 23
3 25
4 50
2 24
2 15
10 43
7 32
10 24
2 20
4 33
4 14
2 35
7 22
1 11
1 51
3 16
2 16
5 39
5 13
1 10
9 30
1 22
8 28
1 5
3 41
1 15
5 28
4 8
3 53
1 44
1 49
1 50
3 47
4 21
3 51
9 44
7 30
6 29
6 37
7 28
1 7
1 46
5 33
6 38
5 18
4 22
4 16
8 30
1 48
1 34
1 37
2 43
4 39
3 27
8 27
4 31
6 2
5 41
1 29
1 20
5 53
5 35
2 3
5 29
4 27
4 29
5 2
1 19
2 21
3 21
3 8
7 13
3 28
1 36
6 45
7 42
3 33
1 17
3 9
3 24
2 41
2 26
5 52
3 31
5 16
1 52
1 53
8 16
1 35
3 45
3 32
7 3
5 45
2 48
3 20
4 46
3 11
2 9
2 38
3 37
2 28
2 39
4 36
5 32
2 45
4 34
4 3
4 7
4 52
2 14
4 38
3 23
2 49
4 19
2 29
1 14
4 43
1 25
5 22
1 33
3 13
2 7
3 18
2 32
4 13
4 10
2 8
1 12
1 27
3 5
2 53
3 22
2 31
41 258 41
1 20
17 15
1 23
8 30
1 13
5 30
13 7
2 7
13 35
1 32
9 25
5 18
1 33
2 11
2 36
1 18
2 24
14 20
11 9
15 12
3 30
5 19
2 5
5 37
4 32
2 40
11 29
10 6
6 19
8 21
11 27
4 12
5 34
11 41
16 8
2 31
1 21
3 17
7 20
1 39
22 35
13 14
8 19
4 27
2 15
3 20
9 35
25 15
3 19
1 2
12 8
1 30
5 24
1 17
6 27
6 41
7 37
6 24
4 25
4 31
2 17
8 6
12 41
9 23
13 30
4 33
2 32
2 35
4 30
1 40
3 26
1 38
3 14
14 40
17 5
1 11
4 38
20 12
3 16
6 31
9 10
22 7
4 37
3 41
9 14
19 22
6 20
3 25
16 29
1 12
6 22
5 31
5 33
6 30
1 14
4 41
1 19
4 8
3 1
1 8
3 40
18 11
1 9
2 23
8 2
3 11
3 35
1 36
2 29
11 26
8 33
6 4
1 26
16 19
11 19
3 38
11 8
8 24
3 5
3 24
1 22
5 21
6 34
4 17
14 15
15 38
8 25
9 6
1 16
11 33
3 15
4 3
2 30
7 17
6 37
3 23
10 25
4 24
6 18
1 27
2 21
4 7
4 9
1 37
1 29
4 16
2 18
5 12
3 21
5 11
4 15
15 36
6 11
12 11
4 11
3 39
4 36
3 8
3 36
2 19
7 15
5 28
8 31
12 28
2 26
7 27
3 12
10 8
8 7
9 5
5 15
4 29
8 15
3 22
6 5
7 11
8 20
4 2
9 27
3 10
7 34
8 27
2 12
7 28
12 23
1 7
2 14
1 41
5 38
3 13
5 8
7 30
4 39
3 34
1 28
2 9
1 35
1 31
5 32
5 26
7 31
2 27
4 1
2 25
1 15
6 15
2 10
4 26
1 6
4 19
5 40
3 37
9 41
6 28
3 28
6 32
5 25
2 39
4 21
2 41
1 24
4 13
3 7
3 9
6 3
2 33
9 12
2 28
2 16
3 27
4 20
3 32
6 29
1 34
2 6
5 10
6 12
3 18
2 3
4 18
7 16
4 28
2 38
5 20
5 4
1 5
4 23
2 13
4 22
4 40
1 10
1 25
5 16
2 20
2 37
2 22
4 14
2 34
51 419 51
1 23
4 13
3 32
14 22
1 44
1 6
3 26
15 9
4 30
7 21
8 34
36 15
22 8
12 1
8 21
3 42
6 41
12 33
6 31
18 33
4 49
16 11
5 41
1 33
8 32
19 13
27 22
3 12
2 30
5 16
1 10
3 48
5 13
14 27
2 6
10 24
10 35
5 27
4 34
2 49
12 34
6 39
21 24
15 31
8 27
14 7
8 28
5 42
4 29
16 30
1 14
39 34
7 9
20 26
18 51
4 38
2 27
6 16
1 42
3 39
2 22
3 35
6 8
1 51
8 26
5 34
11 29
19 48
7 11
10 37
16 48
3 5
29 32
10 41
13 25
6 19
29 43
35 5
18 7
5 39
11 27
11 19
7 25
9 46
7 13
3 30
12 46
8 14
2 26
18 35
24 23
7 45
6 43
4 37
4 12
1 46
6 24
7 37
3 31
1 11
2 41
10 5
8 49
1 34
4 32
1 7
1 24
8 3
1 2
7 28
4 43
16 28
16 22
21 46
34 23
1 37
2 50
8 46
4 3
2 19
2 31
19 15
26 51
10 44
9 41
2 39
19 23
2 36
4 26
1 32
12 26
8 50
2 48
7 30
1 35
1 41
22 19
7 5
9 20
3 45
2 14
1 4
10 40
9 13
9 21
3 11
14 43
12 10
8 36
3 33
13 48
15 22
5 8
5 45
6 5
12 15
9 12
8 1
3 29
20 4
6 38
9 10
4 23
11 22
20 48
16 4
3 34
2 25
9 43
1 31
18 3
2 24
2 35
10 4
1 22
5 33
12 21
2 28
1 43
10 49
3 49
9 14
2 11
12 51
6 21
10 38
4 33
4 5
8 7
3 28
11 38
9 29
3 36
3 7
6 3
3 16
4 19
10 16
6 15
1 49
5 25
9 18
20 38
8 30
1 40
6 46
10 26
6 12
5 12
1 26
13 33
13 36
6 13
12 35
3 47
17 5
7 43
8 44
2 10
6 32
10 42
7 16
5 49
7 15
15 18
8 45
9 17
10 51
5 26
6 27
7 20
7 51
7 35
2 43
3 2
6 14
14 34
8 47
27 3
10 50
1 17
4 42
6 22
5 1
4 47
6 44
13 26
5 2
2 18
2 29
2 37
1 48
1 3
1 38
18 48
2 47
10 45
10 14
26 23
8 13
9 25
15 37
4 35
12 30
3 23
6 26
5 15
1 39
4 22
11 4
1 29
1 18
3 19
1 9
4 24
3 10
5 11
3 44
10 13
10 43
6 11
8 24
9 44
8 16
3 40
6 47
2 15
5 28
2 38
7 40
11 23
5 29
2 33
11 36
5 47
3 41
6 49
1 45
4 18
6 45
6 30
2 16
1 30
8 38
2 7
12 11
13 46
7 27
2 46
3 24
5 23
2 20
2 23
9 26
1 13
2 13
3 14
10 25
2 4
5 44
4 28
3 43
5 51
2 12
4 25
10 27
9 5
10 36
9 24
5 37
18 13
1 19
3 22
8 39
4 14
3 37
12 20
3 9
6 33
5 38
4 31
7 6
1 47
8 9
7 26
10 15
9 6
3 15
3 21
8 4
2 8
1 28
1 36
4 41
3 20
6 51
7 22
7 24
5 22
5 21
9 30
7 42
11 44
1 20
7 23
4 46
1 15
3 13
2 45
6 17
8 42
7 34
7 19
8 37
4 40
1 25
4 36
2 34
4 21
6 28
7 41
8 41
1 50
2 17
6 25
4 51
5 40
5 30
6 4
6 50
4 7
3 38
4 39
2 9
2 21
6 18
4 50
2 32
1 27
3 17
7 31
2 51
5 20
1 16
4 27
4 44
7 47
3 46
3 50
2 40
3 25
4 45
2 44
3 51
4 9
1 21
5 36
2 42
4 15
30 115 14
12 26
1 12
10 16
1 11
3 6
15 11
6 27
1 13
13 26
5 9
8 30
4 9
3 2
1 25
2 21
2 11
1 20
1 27
1 26
6 9
1 8
4 30
2 19
1 16
4 29
3 7
3 14
1 15
1 3
10 21
4 10
10 13
5 14
2 7
5 24
6 13
11 9
4 24
12 9
2 30
4 1
1 7
2 27
2 29
1 23
2 8
1 2
3 24
2 15
8 23
4 20
3 12
1 6
3 5
5 11
5 19
3 8
3 23
1 29
9 19
2 20
2 10
7 17
1 19
2 4
3 21
4 22
1 18
4 19
1 10
2 24
3 26
6 25
3 17
2 12
2 26
3 4
2 17
6 24
6 10
2 28
7 24
3 11
2 22
1 9
4 5
3 10
7 11
4 8
5 1
1 24
3 16
3 19
5 27
5 8
3 27
5 7
4 17
3 15
3 22
5 10
1 28
4 16
3 28
1 17
2 25
1 30
1 21
2 23
3 18
1 14
2 5
1 22
2 6
2 9
61 3 44
1 3
1 2
1 4
10 14 10
1 10
1 2
2 3
2 6
1 5
3 4
2 8
1 3
2 9
1 6
2 10
1 8
1 4
1 7
31 88 17
1 12
1 26
4 24
3 24
6 19
3 7
2 29
3 22
1 21
2 23
1 22
4 8
1 8
1 10
3 14
2 7
3 15
9 14
2 1
2 24
2 21
3 4
1 23
6 16
1 20
4 30
12 9
6 23
4 26
4 19
8 21
3 23
1 19
2 9
4 11
2 15
3 26
3 30
1 11
2 5
4 10
1 15
2 12
1 9
5 22
1 25
2 11
2 20
3 6
1 28
4 12
3 12
3 9
2 13
1 18
3 18
1 14
1 4
2 4
1 5
1 17
2 3
4 9
2 16
1 13
2 25
4 13
4 17
1 3
1 24
3 21
3 8
2 28
6 5
2 26
3 13
5 7
1 7
2 18
4 5
1 6
1 27
3 5
1 16
1 30
2 6
1 31
1 29
5 3 5
2 3
1 2
1 3
44 263 4
1 17
3 1
16 24
3 30
11 41
1 15
2 17
2 33
5 25
2 25
1 5
13 24
9 13
12 43
1 20
4 12
1 32
2 20
5 17
6 14
1 6
8 21
8 40
1 13
7 16
3 34
9 25
4 27
6 28
7 44
1 36
3 13
4 39
1 14
14 29
2 36
7 1
6 31
8 6
1 42
15 34
6 37
1 38
1 16
5 29
15 12
1 2
3 20
3 40
3 38
8 11
8 36
7 10
7 2
1 26
3 44
5 7
6 5
3 39
4 29
3 25
4 18
5 24
6 12
3 24
4 36
6 34
1 10
1 39
6 3
5 10
7 40
22 37
4 42
20 36
7 21
7 32
8 42
7 13
2 15
5 22
11 1
9 32
2 18
6 23
4 14
5 34
2 6
10 13
5 42
4 16
2 42
1 29
2 41
6 24
28 33
16 6
9 1
7 15
7 36
5 21
1 22
14 8
7 6
13 33
4 15
1 8
3 23
11 12
1 43
1 41
3 5
5 16
4 13
15 37
4 23
10 23
15 42
12 18
16 33
3 32
7 22
7 9
2 23
3 2
2 34
1 33
2 16
8 28
5 2
8 15
6 25
4 21
2 43
2 27
20 7
10 16
3 22
9 29
5 27
4 1
7 12
1 34
7 18
9 44
4 7
5 8
6 44
8 12
5 4
12 17
4 19
2 29
22 40
4 10
2 30
4 24
5 35
1 18
3 16
2 21
1 19
7 34
5 14
7 17
6 35
4 2
11 33
2 11
3 12
2 12
1 37
4 41
6 19
3 33
5 30
2 26
3 28
5 44
5 15
5 31
9 20
3 43
7 31
8 44
3 7
4 20
10 31
10 34
1 21
3 36
12 28
3 26
3 27
4 31
4 6
4 43
1 30
11 21
11 39
5 26
4 28
2 40
4 17
2 19
3 35
2 32
7 35
7 41
4 32
9 2
7 28
3 4
3 8
3 14
1 35
2 13
9 31
1 23
5 23
3 37
6 11
6 32
5 37
3 15
7 19
5 12
1 24
4 35
5 11
2 44
9 23
1 12
5 33
5 20
8 23
1 40
7 38
2 35
4 25
3 18
4 26
1 25
3 29
1 44
2 8
2 39
2 22
2 28
2 10
3 19
4 44
3 9
5 28
1 27
4 30
3 21
3 31
2 14
2 24
3 10
1 31
1 28
32 65 14
1 3
1 11
5 15
2 6
1 5
3 23
4 15
7 24
2 22
5 7
1 28
2 14
2 18
1 23
3 11
1 15
2 3
2 17
1 25
1 20
1 4
2 21
2 28
1 17
3 18
2 5
1 30
5 13
1 8
3 7
2 25
1 18
3 10
6 12
1 12
2 15
1 31
1 32
3 13
1 24
2 12
1 2
1 14
1 9
2 4
1 16
3 31
2 11
2 10
2 27
1 29
1 6
1 27
2 32
1 10
2 23
1 13
2 16
2 30
2 19
1 19
2 26
1 7
1 21
1 22
40 41 40
2 4
1 8
1 9
1 13
2 12
2 37
1 3
1 18
1 34
1 7
1 23
1 40
1 4
1 25
1 12
2 1
1 35
1 26
1 11
1 14
1 28
1 32
1 22
2 16
1 29
2 24
1 17
1 19
1 36
1 10
1 5
2 17
2 13
2 22
1 16
1 30
1 31
1 20
1 33
1 6
1 15
46 280 35
19 22
16 12
12 44
11 20
1 16
9 4
5 4
2 10
3 36
18 1
33 25
13 15
7 10
10 41
1 42
2 25
8 10
16 3
13 11
7 44
1 33
6 32
7 31
3 44
4 35
8 35
8 28
5 42
4 15
3 27
4 37
2 8
3 18
3 40
8 6
1 44
4 28
8 15
27 10
1 15
6 44
3 37
2 12
5 3
14 10
11 25
9 6
6 41
12 38
4 21
8 37
9 23
13 12
11 18
6 15
28 39
8 45
5 33
30 7
1 6
1 29
1 27
8 42
9 27
1 41
4 43
7 23
25 19
3 26
1 23
2 22
1 31
3 23
2 39
6 46
6 31
2 41
2 43
6 39
5 35
5 21
1 26
2 31
10 29
8 20
9 15
2 19
3 25
5 38
10 5
2 6
3 11
1 24
3 35
4 44
4 26
5 44
2 37
2 21
2 38
3 29
7 22
4 32
6 23
3 20
4 8
2 5
18 20
9 38
7 32
3 13
1 14
7 6
5 16
7 14
1 12
1 32
3 17
4 13
4 6
13 29
1 22
7 46
1 2
2 16
1 35
7 17
5 24
6 19
11 32
2 11
5 31
3 2
1 30
7 18
6 3
7 36
6 33
6 16
2 36
5 29
1 21
2 7
2 17
3 19
9 1
3 41
7 12
4 38
4 27
7 40
5 27
7 9
1 10
13 8
1 25
3 10
8 21
6 45
6 36
16 8
2 26
11 40
4 17
1 38
2 9
2 46
8 3
2 34
1 46
2 18
7 13
10 42
8 46
5 14
10 38
3 28
11 45
5 45
6 29
1 7
1 4
3 33
4 36
6 18
6 17
4 34
4 19
5 7
2 4
8 44
4 14
5 39
5 11
4 23
4 20
3 46
2 27
8 27
10 44
2 32
3 32
6 35
4 10
5 1
1 17
7 19
6 10
2 13
11 26
3 43
8 38
1 43
6 20
1 37
8 34
8 22
3 12
3 4
7 16
2 44
2 40
6 38
2 23
5 15
5 6
7 41
3 34
5 8
3 7
9 17
2 30
5 23
4 33
1 36
8 30
1 39
3 1
5 22
2 29
1 13
3 45
4 12
4 42
8 11
2 28
5 18
3 31
1 28
4 24
2 45
4 7
2 42
1 45
4 39
2 15
1 11
4 22
5 26
3 24
1 40
3 39
3 42
6 22
4 16
2 14
7 20
4 18
1 19
3 14
2 33
4 31
4 25
5 32
4 40
3 22
2 24
1 8
1 20
1 34
61 166 19
6 58
12 13
3 55
3 51
2 54
3 37
3 11
1 2
3 45
3 9
3 14
2 28
3 20
1 37
11 54
4 23
4 19
1 3
3 25
2 31
2 9
3 28
4 39
3 36
7 5
3 41
12 54
1 34
5 35
4 36
2 32
4 15
1 32
5 21
2 15
5 29
1 54
3 29
2 10
2 14
2 35
6 25
1 28
4 24
2 38
7 6
1 20
3 61
1 21
1 16
5 52
4 55
3 38
3 7
1 11
3 46
2 22
8 31
5 17
1 35
5 43
1 14
2 29
4 13
1 46
1 24
3 56
2 58
1 33
1 36
2 45
4 59
1 52
1 56
5 48
5 42
2 26
3 21
1 39
3 16
4 30
3 50
4 11
3 26
1 30
3 33
1 10
1 15
1 4
5 6
5 13
2 18
1 7
4 43
2 12
6 50
1 49
1 13
5 4
1 8
1 57
10 22
2 17
3 10
1 38
1 48
4 40
1 59
5 30
2 55
1 58
2 3
2 6
1 18
1 53
2 25
1 9
1 27
4 53
3 31
1 55
1 50
1 31
1 29
2 51
1 26
4 9
1 19
4 7
4 8
1 25
2 53
1 60
2 4
1 43
1 45
1 12
2 19
2 41
5 23
1 17
2 37
2 8
3 35
1 40
2 33
1 6
2 24
2 21
2 30
1 42
2 59
2 36
2 34
1 44
2 5
1 5
1 41
2 11
1 23
2 27
1 47
1 51
1 22
1 61
2 7
62 113 28
6 40
1 50
4 59
5 9
2 8
2 61
3 17
5 31
2 9
2 3
1 53
4 46
3 22
3 62
2 36
1 19
1 17
2 47
2 4
2 29
3 9
2 13
2 20
1 7
1 18
1 23
1 21
6 29
1 59
1 5
3 46
4 6
1 62
3 51
3 21
1 24
1 26
2 10
2 48
2 21
1 3
1 8
2 16
3 58
6 42
1 2
2 26
1 12
3 48
1 16
1 25
3 13
1 43
2 11
4 15
1 54
6 28
3 19
1 36
1 14
4 8
1 13
4 61
1 35
4 10
1 33
2 30
1 52
1 27
1 28
2 22
1 55
1 9
2 40
2 59
2 38
1 61
2 57
3 5
1 32
1 37
1 31
1 15
1 20
1 6
1 39
1 58
1 30
2 27
1 51
1 22
2 33
1 34
1 60
3 10
1 47
1 41
1 56
2 25
1 45
2 7
2 5
1 11
1 10
1 44
1 48
1 49
1 38
1 40
1 42
2 6
1 4
1 29
42 125 38
4 15
3 31
2 26
12 8
3 4
7 2
3 7
10 14
4 24
1 37
1 14
11 21
7 12
1 26
9 15
1 9
4 39
2 17
3 39
3 15
1 10
2 41
1 28
2 22
3 24
3 38
1 36
1 16
2 40
7 13
3 2
4 30
2 23
3 41
1 3
2 33
2 32
1 23
2 16
3 30
1 34
11 9
4 5
1 7
1 22
3 19
4 40
3 12
6 14
2 25
3 29
1 27
3 17
1 30
2 36
7 15
2 27
3 21
6 3
1 11
1 19
4 7
4 34
2 15
5 21
1 18
1 24
4 38
2 20
2 12
4 10
2 28
6 27
1 5
1 41
1 4
6 15
4 9
2 8
3 5
2 35
5 34
3 23
1 12
3 42
1 20
1 8
1 13
5 16
2 14
2 31
1 32
2 5
2 11
1 39
2 24
6 1
1 33
2 13
3 40
2 21
2 37
1 17
3 10
1 35
4 29
3 33
3 37
2 10
3 14
1 31
2 18
2 30
1 38
1 42
2 4
1 21
3 22
1 25
1 29
1 2
1 15
2 9
1 40
2 6
13 11 7
1 3
1 4
1 8
2 7
1 7
1 10
1 2
1 5
1 9
1 11
1 6
65 591 65
1 48
4 41
8 61
4 61
14 20
17 16
4 5
4 21
8 10
1 64
7 65
6 33
6 37
3 19
6 59
12 21
3 61
1 46
7 51
2 56
5 10
4 60
12 5
15 8
7 54
7 37
4 23
1 45
14 9
6 52
16 55
8 17
4 37
3 64
18 39
15 22
7 60
3 15
19 34
14 2
5 31
1 50
2 63
3 27
2 36
4 65
11 5
7 64
6 39
1 60
9 47
11 36
30 41
1 17
2 59
2 60
14 62
14 43
1 22
1 24
2 21
16 37
7 2
4 64
15 62
10 62
10 30
7 43
11 62
16 18
8 28
12 37
3 51
3 41
5 24
7 29
4 24
1 61
4 31
14 26
14 7
21 36
19 64
11 26
5 19
7 19
6 58
25 17
4 44
4 14
10 21
16 25
4 49
13 11
5 15
4 28
2 38
13 8
3 17
5 14
4 25
3 25
17 20
4 34
4 26
32 7
15 61
21 6
1 40
1 47
2 45
12 63
13 5
1 27
11 18
4 51
6 46
31 32
1 54
26 50
3 9
20 23
16 34
6 49
16 8
16 32
29 8
2 49
36 55
23 18
3 18
3 34
3 35
8 56
14 10
5 20
2 29
1 63
13 33
3 40
1 58
12 27
7 33
3 5
16 10
6 9
39 1
22 14
9 13
9 42
9 26
6 62
1 26
7 36
3 31
11 28
11 40
26 42
7 23
1 51
14 53
5 23
8 7
27 37
9 22
33 50
5 40
13 35
6 24
3 45
6 35
1 43
32 62
2 10
16 12
4 53
21 7
1 35
35 52
4 35
17 41
2 42
16 40
4 62
13 57
6 57
3 46
13 52
3 54
6 55
23 61
1 9
7 46
23 39
24 22
2 46
16 44
1 56
6 19
12 19
13 40
7 11
10 42
3 4
3 59
15 56
12 23
5 27
34 60
33 19
2 3
2 55
27 43
5 34
3 14
6 1
15 28
8 50
22 60
2 9
13 50
1 14
2 44
12 4
1 42
11 12
9 15
7 10
5 2
5 16
15 37
6 22
4 59
2 23
7 59
14 16
18 1
13 60
14 64
8 11
8 1
6 50
10 60
1 2
10 50
7 12
13 31
11 10
15 30
19 48
6 38
44 8
11 60
7 63
3 11
11 2
3 55
14 39
9 57
12 8
10 64
7 52
3 49
2 25
1 23
4 11
21 5
3 12
1 29
4 20
9 45
6 5
8 55
4 17
19 21
18 7
3 21
3 36
9 44
11 17
6 36
2 15
8 22
7 34
36 10
5 33
14 12
14 19
2 47
8 41
4 18
9 5
2 58
16 47
5 1
4 9
30 20
8 14
3 42
7 5
10 44
19 62
7 16
5 49
3 6
11 59
4 8
20 33
9 43
8 43
1 13
9 35
2 6
5 18
12 30
4 58
3 8
2 18
1 36
1 49
21 46
4 40
15 13
8 24
4 39
8 34
19 53
12 31
6 28
1 37
10 56
6 18
20 2
7 27
6 25
4 47
5 55
2 37
7 42
12 59
1 16
4 6
7 6
11 9
4 15
5 37
13 23
7 3
10 55
3 62
2 39
18 31
15 29
5 43
19 45
1 34
3 50
1 62
5 39
7 40
5 52
11 1
1 32
5 46
1 12
3 13
1 41
16 2
1 28
3 60
12 47
15 58
1 59
2 40
5 42
14 48
6 30
11 46
15 14
6 17
13 4
3 29
1 52
5 59
4 16
3 10
5 22
1 57
4 56
8 45
7 53
8 25
3 65
20 21
10 47
5 36
4 19
14 58
11 54
6 44
7 38
2 62
6 12
2 13
6 14
3 20
2 8
6 64
5 57
14 42
9 12
1 33
9 33
15 47
2 64
6 40
1 44
3 43
9 32
10 41
10 49
9 41
5 50
4 7
5 30
15 16
7 58
9 62
3 47
3 32
11 32
3 57
2 26
7 62
8 9
3 28
11 63
1 20
2 57
8 18
3 39
6 54
11 47
2 28
2 52
2 50
10 52
1 10
7 45
5 8
9 37
2 34
4 57
8 42
6 56
5 62
8 35
2 12
7 26
9 59
8 60
3 38
8 36
7 56
10 51
3 33
1 3
4 52
9 36
5 32
5 17
4 32
3 52
17 23
5 25
5 53
6 34
1 7
3 22
11 51
1 25
10 6
8 47
6 8
10 34
1 30
10 40
8 26
7 47
5 44
3 24
6 60
1 65
11 33
2 54
5 60
3 37
2 65
6 26
1 4
6 41
5 48
9 28
8 37
6 20
2 19
2 24
4 27
1 53
8 38
4 30
1 15
12 65
5 61
8 32
2 35
12 20
1 31
3 48
6 42
11 39
7 35
9 10
4 46
4 22
4 33
9 52
7 48
7 22
9 39
10 27
2 32
6 15
3 23
3 30
4 10
2 27
7 61
9 46
6 16
8 33
8 51
6 32
4 48
7 30
9 51
4 2
3 16
6 61
1 55
3 44
1 19
2 30
8 59
4 43
7 57
6 13
2 41
4 45
2 31
4 50
2 48
7 9
3 58
8 54
6 31
8 27
2 33
2 53
1 21
5 45
7 49
4 55
2 43
3 26
3 63
5 35
5 64
6 51
5 47
5 41
3 56
2 17
2 22
5 38
4 36
4 29
1 38
2 61
2 51
3 53
25 27 4
1 4
1 5
1 19
1 21
1 15
2 14
3 6
1 12
1 17
1 2
2 10
1 8
1 16
1 6
2 4
1 18
3 10
1 9
1 11
1 3
2 3
3 11
1 23
1 14
1 7
1 10
1 13
58 484 58
2 26
2 38
8 31
7 31
5 47
3 58
1 34
11 49
11 55
2 14
2 31
15 40
7 8
4 51
4 2
20 54
8 16
12 4
27 3
2 42
7 26
1 32
6 24
3 48
3 46
20 17
11 42
2 20
4 43
14 51
5 1
13 20
6 16
13 23
11 32
12 42
1 27
6 43
1 21
15 22
18 53
12 38
1 29
2 45
3 49
1 58
1 49
4 57
12 19
18 10
7 10
40 36
1 35
7 3
3 43
13 52
11 4
8 30
9 40
10 14
5 9
6 18
10 11
7 16
23 8
6 48
4 8
13 38
5 58
11 22
2 21
3 55
7 4
2 33
5 11
1 10
11 29
11 15
9 27
12 1
16 15
1 14
29 44
8 17
22 16
5 30
1 38
8 47
1 46
4 44
3 40
9 1
2 32
3 47
3 6
5 39
3 23
8 18
18 13
11 41
2 28
1 17
9 13
7 40
7 53
18 29
2 3
6 36
10 40
12 16
3 38
2 19
2 36
5 21
1 31
24 16
8 33
10 38
8 46
4 3
4 13
19 32
4 10
4 28
1 52
3 24
5 42
4 39
3 39
4 26
1 18
2 17
23 21
1 39
41 15
2 16
7 36
14 25
3 44
7 32
6 29
7 51
25 5
10 15
6 47
5 23
16 17
3 22
12 33
7 41
7 24
6 35
6 11
1 40
2 18
33 28
5 19
6 26
1 26
5 29
2 43
3 31
11 14
16 55
24 38
21 18
1 57
5 38
6 53
1 11
17 58
9 32
6 13
10 44
4 37
4 15
8 6
9 35
4 29
20 57
2 46
10 52
2 6
3 17
4 33
6 49
23 37
23 29
7 21
3 53
19 13
14 49
8 28
22 53
19 24
4 9
6 51
6 58
3 50
1 42
18 43
5 12
5 6
11 37
9 51
4 40
8 37
2 51
9 33
1 4
9 26
9 21
2 5
2 11
9 39
1 23
3 1
7 47
8 10
10 31
9 16
10 33
20 48
9 44
7 18
1 33
3 11
6 21
8 22
2 56
8 34
12 21
3 51
4 21
3 28
9 20
8 57
3 19
10 3
6 20
3 33
3 15
4 30
2 44
2 24
9 46
5 37
13 30
2 9
1 24
2 7
10 36
4 24
20 32
14 23
17 48
7 38
3 42
5 20
4 42
4 41
7 6
6 15
5 22
11 47
15 57
3 56
8 14
11 9
1 7
23 30
6 10
4 16
7 55
7 11
8 51
21 13
2 12
4 23
7 9
2 10
2 54
1 45
4 31
3 29
10 20
2 57
3 54
23 16
4 53
4 58
2 58
10 53
4 35
2 52
4 17
10 47
6 41
8 25
14 3
5 53
1 56
1 41
9 29
1 30
1 36
8 52
11 56
7 17
19 1
1 37
1 44
6 55
6 17
11 13
10 28
3 9
6 57
8 27
12 58
6 14
6 22
2 35
1 25
11 40
4 36
7 14
7 30
1 22
5 51
1 2
11 46
4 56
8 9
8 40
16 43
5 15
7 15
2 30
9 54
10 35
1 48
3 41
8 45
8 15
7 58
8 12
5 24
10 45
3 37
5 32
5 52
1 13
2 34
14 56
4 6
1 8
4 48
3 26
6 31
17 52
10 48
7 45
1 16
1 20
6 56
1 50
8 26
16 44
2 39
11 18
4 38
9 57
4 18
3 36
2 55
2 29
14 38
4 55
9 48
4 22
13 55
9 53
6 9
2 48
3 13
5 8
8 21
6 25
2 23
4 32
3 20
6 45
1 54
5 13
5 28
2 25
3 32
3 16
2 15
6 27
9 36
3 34
3 35
4 47
3 12
8 20
12 32
5 27
5 45
8 43
8 44
5 17
5 26
1 47
7 46
9 55
5 55
4 19
10 26
3 8
1 51
7 23
1 15
12 40
5 48
1 53
5 31
9 17
3 25
6 52
5 49
1 43
4 45
1 28
3 30
2 49
4 46
2 8
10 29
2 47
6 1
6 33
7 20
6 34
2 53
8 50
3 18
6 38
3 21
5 7
4 5
1 55
7 33
4 34
2 13
6 42
9 14
2 22
6 46
6 44
3 45
3 57
4 20
2 40
5 16
4 25
2 50
4 54
4 14
4 49
4 50
5 35
5 41
2 37
5 36
2 41
5 10
5 34
5 18
2 27
5 43
3 52
3 5
58 514 34
12 17
8 21
33 14
3 8
7 15
1 40
5 29
13 18
8 24
9 36
13 4
16 51
11 16
4 43
1 15
21 34
6 29
10 34
21 52
14 31
1 37
9 19
14 40
2 9
12 31
5 54
12 47
4 5
2 26
37 4
32 45
4 23
4 27
19 12
12 39
7 14
2 14
1 4
6 24
10 50
5 9
24 43
5 56
21 15
11 57
18 24
13 3
2 18
5 8
6 16
6 50
7 25
12 13
5 46
4 56
5 12
20 44
10 49
24 50
27 28
7 20
3 16
18 36
1 8
2 28
11 1
4 19
9 54
10 37
1 17
18 49
8 57
9 53
4 57
7 12
9 27
18 29
13 17
13 2
1 12
2 7
3 10
2 21
3 14
3 41
1 34
13 37
5 17
4 25
19 31
14 16
1 53
16 31
18 27
5 42
3 20
2 56
5 15
1 31
18 39
3 31
15 38
16 26
1 38
9 13
5 50
6 26
2 15
8 28
7 38
4 2
4 16
9 10
8 56
3 15
1 22
3 51
1 7
2 27
2 38
2 10
11 10
5 31
4 53
9 14
6 57
10 20
3 50
2 12
6 22
20 9
7 44
8 14
19 2
4 7
2 52
1 52
1 56
31 23
6 33
2 50
1 33
6 27
5 49
5 33
1 32
13 48
2 54
18 19
3 2
10 35
6 44
2 32
3 21
2 11
10 36
10 53
2 44
10 48
12 35
8 42
17 23
3 1
5 57
15 36
1 16
23 2
24 2
5 19
1 36
37 19
6 11
4 17
10 41
2 39
12 24
9 17
3 29
10 24
14 57
1 2
13 42
7 22
11 34
4 46
28 51
9 26
1 43
10 5
3 56
3 58
22 42
4 3
1 41
6 52
9 57
3 36
5 23
3 35
4 30
2 30
13 6
5 30
1 48
4 40
3 48
12 52
2 29
6 36
5 51
1 28
1 39
1 47
1 49
1 55
1 46
9 44
6 40
12 15
7 24
17 49
6 53
13 47
3 54
9 1
7 16
12 16
31 55
7 34
6 12
2 47
12 8
9 52
5 26
1 18
10 19
16 20
5 41
5 14
13 53
4 36
1 42
10 13
4 9
3 23
17 50
1 13
8 33
20 21
13 19
1 24
1 25
18 40
3 53
1 27
4 35
10 39
2 41
2 42
2 17
3 18
12 56
3 9
7 37
1 44
2 48
6 17
7 23
6 55
3 39
6 20
12 46
3 32
4 33
10 29
8 50
2 53
3 17
2 22
7 6
6 4
6 46
8 29
1 21
1 19
10 17
6 5
3 6
5 45
6 41
11 20
3 5
24 39
19 33
8 36
6 35
7 21
7 55
10 54
5 21
18 7
20 48
5 52
4 18
9 50
10 1
16 27
2 58
23 36
6 49
8 48
6 30
2 34
2 43
1 20
4 54
11 27
6 48
2 55
2 25
11 45
8 54
8 31
3 44
10 38
5 28
2 31
10 47
15 52
5 40
3 30
15 16
12 57
4 15
4 21
7 53
7 50
7 57
3 7
10 52
4 26
2 45
5 47
9 22
4 34
1 14
15 13
7 58
4 44
4 58
9 31
6 2
10 8
6 23
5 11
3 45
11 23
9 18
3 38
3 34
5 44
8 58
7 49
7 39
8 40
3 12
9 15
12 36
7 33
1 29
8 18
4 39
6 31
10 31
2 20
5 25
7 51
2 16
3 11
5 35
10 12
7 35
9 41
4 55
2 57
5 32
7 45
12 21
11 36
3 40
12 29
6 32
9 43
10 14
2 5
23 55
11 13
7 32
10 44
10 26
4 22
3 37
4 41
1 54
5 18
12 30
1 30
3 27
6 28
6 34
12 20
4 31
4 11
12 9
2 37
7 28
6 14
4 51
4 47
3 46
6 51
3 28
7 11
8 32
16 36
6 39
1 45
10 4
2 35
10 32
8 20
3 43
9 35
1 58
8 11
7 5
4 29
3 25
4 24
12 28
6 9
7 41
9 32
13 7
2 49
4 32
6 15
5 48
6 42
2 46
5 37
12 54
2 36
1 5
4 20
7 36
3 33
9 55
8 16
1 50
8 6
9 23
5 13
3 47
2 40
8 9
1 57
3 57
9 24
7 31
5 16
7 56
5 58
8 35
3 42
2 33
6 25
4 50
6 45
4 8
4 14
6 10
7 10
5 43
2 8
7 8
1 6
1 23
7 40
5 53
4 42
4 12
5 24
5 36
1 26
4 49
3 22
2 51
4 28
8 52
7 9
1 51
3 52
5 39
3 49
3 19
4 45
4 52
3 55
6 18
1 35
4 48
3 26
3 24
26 98 26
5 4
2 12
2 7
1 10
3 24
1 26
4 23
4 14
4 10
3 20
8 20
3 1
6 9
7 26
7 21
1 12
1 21
4 11
2 18
6 18
2 3
7 24
1 6
13 8
1 15
1 16
2 19
1 5
2 23
1 14
1 2
5 6
16 17
4 16
2 10
1 24
15 25
3 26
2 25
2 16
3 9
7 8
2 11
5 10
4 15
16 9
3 12
8 3
1 13
4 13
4 9
3 14
4 25
4 1
2 13
3 5
2 6
1 7
5 19
4 8
2 17
6 23
6 11
1 9
3 11
3 7
5 11
1 8
1 20
5 8
3 17
3 4
1 25
13 3
1 11
4 20
1 22
6 4
4 21
1 19
3 19
2 5
3 6
1 17
4 22
2 8
1 18
2 14
3 16
4 7
1 23
2 9
2 24
2 20
2 4
2 15
3 18
2 21
48 257 37
2 30
10 44
33 27
1 23
14 37
1 17
2 29
1 31
5 9
8 43
2 22
4 31
8 22
2 23
4 38
3 33
3 46
3 40
5 21
3 39
1 18
4 26
13 35
4 8
19 12
4 40
3 21
1 30
1 9
12 35
5 1
3 16
5 46
18 46
3 44
2 5
4 7
10 22
11 1
8 3
5 37
7 10
5 17
10 34
3 28
7 9
9 35
2 21
13 48
6 19
13 15
10 12
2 1
3 14
4 37
1 15
1 7
1 20
6 25
7 41
14 43
10 32
20 18
14 46
1 27
2 46
4 6
3 2
5 31
2 42
6 38
37 24
8 30
2 43
1 25
4 36
5 16
2 14
5 35
1 48
9 39
6 14
11 20
10 1
2 16
3 1
15 4
2 34
5 10
2 17
6 27
5 14
13 25
2 13
2 32
5 3
8 26
8 12
10 23
4 12
2 15
7 3
1 28
14 44
6 5
2 48
5 39
9 24
1 24
5 38
1 44
2 47
8 14
3 29
14 27
6 9
1 34
2 27
2 18
7 14
4 20
6 32
3 32
7 12
1 47
3 26
2 38
6 12
4 29
16 19
6 35
2 24
5 20
3 35
7 23
5 11
1 14
5 15
1 22
6 37
11 40
11 22
4 25
9 32
11 7
1 19
6 20
2 19
9 42
1 45
1 13
1 4
6 15
6 2
4 22
7 8
7 16
4 11
2 4
9 28
10 21
5 44
2 36
8 13
7 47
5 45
5 13
1 12
1 41
4 24
8 32
1 21
4 28
4 34
4 10
2 9
3 17
2 31
2 8
1 8
7 34
11 35
5 48
2 44
4 3
2 40
4 35
1 39
4 48
1 16
3 30
7 39
2 26
3 47
3 24
4 5
3 15
5 41
3 38
4 16
3 36
9 19
2 7
3 22
7 40
1 33
4 44
1 6
1 26
7 26
6 13
4 45
2 28
2 20
8 18
2 37
5 22
3 45
2 45
3 27
5 26
3 9
1 36
4 33
3 12
1 35
1 29
2 10
7 38
5 7
5 8
3 13
3 6
4 43
3 10
2 39
5 33
3 19
2 25
5 34
4 9
2 11
2 12
3 48
3 34
1 32
3 18
3 37
4 13
1 40
4 23
1 38
1 37
1 42
1 43
2 33
1 46
11 18 11
2 8
1 4
2 11
4 2
1 11
5 10
1 7
1 3
3 9
1 9
1 10
1 8
2 5
2 7
1 6
2 3
2 9
1 2
10 5 10
1 6
1 4
1 3
1 10
1 2
84 610 73
12 45
4 45
3 36
31 64
7 54
8 44
15 32
3 5
27 76
5 46
10 9
1 33
4 60
2 16
1 34
16 55
4 8
1 83
6 31
1 29
3 57
16 62
7 17
8 76
19 13
4 57
9 29
25 7
11 64
3 66
8 56
2 9
5 55
6 80
8 52
2 45
2 19
2 11
2 84
10 54
14 58
8 72
13 83
3 32
10 7
1 59
4 30
2 53
11 46
2 65
19 12
6 39
2 46
3 78
4 22
5 48
9 48
6 21
4 32
4 46
14 77
2 26
4 47
1 13
26 66
5 36
9 30
21 32
1 76
6 13
2 75
4 56
21 37
6 72
5 51
15 9
19 83
2 38
7 16
2 51
2 74
2 63
1 5
2 41
1 51
4 19
9 79
24 77
2 34
5 49
14 73
14 12
6 79
3 80
1 80
16 40
7 58
4 5
18 61
1 70
2 33
21 51
25 17
3 29
18 45
11 3
7 78
18 49
5 54
5 58
8 13
9 55
2 81
15 35
8 41
40 32
1 39
4 6
1 30
3 25
8 9
1 40
1 45
2 22
5 33
4 21
1 17
4 35
1 46
2 67
1 77
1 63
8 61
7 19
5 50
7 71
2 73
4 59
2 42
3 10
8 67
3 23
6 44
4 79
3 9
13 4
13 26
35 54
1 31
10 50
13 69
3 56
5 18
9 81
5 27
1 67
6 71
10 40
16 27
14 50
24 27
5 83
3 46
29 55
11 44
7 34
3 37
5 39
1 2
1 72
7 4
7 22
7 70
13 46
3 75
15 56
16 48
1 84
4 54
6 26
16 31
9 23
18 60
15 61
1 41
3 15
7 28
6 20
4 69
6 82
3 50
4 80
1 69
6 65
5 78
3 2
8 23
8 1
10 71
1 58
1 16
5 10
2 59
8 65
12 21
23 41
22 27
4 2
1 12
2 14
4 71
8 63
15 16
9 61
2 25
12 38
5 25
18 17
3 71
11 22
8 18
5 73
6 55
9 80
6 75
23 18
6 53
2 15
2 7
4 15
3 58
4 14
16 63
14 76
4 34
10 27
1 43
6 78
3 44
1 54
3 62
5 28
4 72
3 83
10 19
4 51
1 20
4 78
2 52
8 70
11 82
6 54
13 80
1 61
6 49
15 24
15 55
12 69
16 28
14 70
8 19
1 60
13 43
3 45
3 65
4 20
8 84
4 81
5 9
1 74
4 49
5 75
2 24
4 29
17 72
2 12
4 12
3 84
3 7
3 67
1 10
7 5
3 70
3 28
14 7
6 30
3 72
6 45
1 27
10 64
1 15
6 1
5 15
15 41
7 68
16 59
4 58
4 44
8 14
8 12
5 35
3 64
11 39
4 41
7 31
4 31
7 49
5 22
10 35
3 55
6 28
2 55
3 52
9 43
6 68
6 61
4 40
9 50
8 34
4 36
12 74
14 44
6 12
2 31
7 80
12 23
3 53
4 17
9 45
7 65
2 35
18 35
3 4
3 6
3 35
17 3
8 37
9 18
2 37
4 26
7 42
2 29
3 12
10 78
5 26
2 17
2 70
7 51
1 50
2 48
2 47
33 27
6 50
4 37
6 59
13 14
8 31
5 56
2 76
1 75
7 43
6 73
8 22
8 48
9 53
4 27
1 66
3 31
6 15
5 47
6 33
1 47
3 24
3 1
5 13
10 56
1 52
2 58
2 71
12 55
5 24
10 47
2 10
3 42
8 2
2 82
8 15
4 16
7 12
7 8
14 55
3 60
2 78
4 50
6 64
4 66
13 28
2 28
4 73
4 25
4 84
4 18
16 35
2 23
1 9
3 19
4 74
15 64
1 14
17 12
11 21
2 32
2 36
5 72
2 20
3 38
1 24
13 71
2 39
2 21
6 41
6 14
4 28
3 59
1 21
4 65
11 60
2 77
3 47
4 43
2 49
8 43
7 62
16 56
11 72
8 11
6 43
1 28
4 75
1 81
2 54
3 77
3 61
12 70
11 33
1 23
9 31
3 16
5 76
6 10
3 18
5 67
7 41
4 52
5 34
1 42
9 40
1 53
4 23
6 22
5 80
5 70
7 26
6 52
2 50
7 45
1 82
6 11
1 36
7 37
2 64
5 69
2 40
5 60
3 13
5 71
5 6
5 14
11 32
4 11
3 74
7 32
4 53
9 77
7 38
7 48
1 25
5 44
3 73
5 63
3 8
4 61
7 30
6 69
5 12
4 83
1 37
4 9
4 55
1 55
1 56
1 73
8 20
5 23
4 82
3 48
3 30
9 52
9 24
1 35
1 7
3 39
9 58
1 64
3 26
3 20
8 79
6 29
5 65
2 56
3 40
5 8
5 62
2 80
10 32
3 41
10 43
1 26
2 62
2 66
1 71
3 21
1 4
4 39
5 29
1 48
1 22
6 46
11 10
3 51
5 41
3 22
6 34
1 38
8 26
4 63
1 62
4 33
5 32
1 68
7 57
2 83
4 38
6 2
1 78
2 30
1 32
3 49
2 72
1 65
5 79
6 17
3 82
3 14
2 27
4 68
3 69
7 64
3 54
4 42
1 11
6 16
5 17
3 76
1 79
6 37
2 60
3 68
2 79
1 44
7 9
3 43
2 57
2 18
3 27
2 13
2 43
5 53
5 37
4 64
2 69
5 31
4 76
5 20
2 44
5 16
6 9
1 19
1 49
3 81
5 40
6 8
2 5
4 70
1 57
1 18
3 33
3 34
2 61
2 68
79 495 38
6 30
9 32
7 42
9 60
6 1
13 50
8 64
7 26
16 39
3 64
6 25
4 20
14 79
1 22
4 66
3 62
10 50
6 46
7 60
1 31
11 56
6 21
16 15
9 26
11 30
2 8
3 13
1 55
18 4
25 70
6 7
1 45
5 48
10 46
16 10
20 41
1 8
2 77
5 26
1 48
11 52
25 52
7 9
5 43
21 59
7 8
16 30
4 64
8 14
3 58
2 32
9 56
13 5
20 8
9 38
8 48
16 50
2 1
15 56
1 65
17 73
7 58
4 27
17 18
2 14
5 41
3 26
8 38
14 32
8 11
1 23
12 54
7 69
10 58
14 69
7 53
5 53
18 7
1 44
13 65
7 64
9 13
4 42
3 63
4 54
5 38
4 37
5 25
27 69
14 11
4 2
10 69
8 74
4 55
13 64
6 36
8 16
21 41
4 71
6 39
18 51
10 27
6 62
5 32
21 67
6 38
8 65
1 53
5 62
3 55
1 49
5 57
6 27
13 14
3 37
8 37
10 65
8 17
6 43
3 18
8 58
10 38
3 77
10 17
1 35
1 33
4 16
4 72
20 61
3 78
1 28
1 18
10 24
3 38
2 17
6 23
1 79
1 9
14 61
6 34
5 78
2 61
13 73
4 11
1 52
2 34
3 68
18 21
4 39
1 41
2 30
4 26
6 16
1 30
5 72
10 6
2 15
13 29
2 10
12 64
22 4
1 51
2 11
27 54
2 28
1 13
2 33
1 58
7 11
17 39
6 26
4 53
7 46
1 14
5 63
3 14
7 52
8 61
2 25
2 31
6 8
3 5
7 35
8 49
2 50
22 55
6 71
3 50
19 35
9 28
2 18
7 1
2 13
3 17
8 46
2 29
19 36
9 25
1 71
5 17
3 29
10 43
5 10
5 6
7 41
5 42
11 45
13 37
2 7
1 56
1 72
7 16
2 51
8 3
8 9
4 45
3 22
5 45
5 22
5 7
10 71
2 21
4 79
5 50
8 30
5 24
12 43
12 73
6 28
3 40
10 53
12 22
4 75
2 59
1 16
10 23
4 46
1 34
11 33
7 61
5 51
4 10
2 45
3 56
1 47
4 76
4 70
2 3
2 12
8 19
4 19
14 54
10 57
2 69
13 36
1 3
5 16
2 62
1 63
6 9
14 74
1 21
5 9
3 54
3 65
2 39
1 73
6 76
1 42
11 42
6 61
6 24
5 37
11 40
4 40
4 33
2 56
4 21
1 20
12 65
4 65
6 60
7 68
3 25
3 61
2 52
2 41
1 5
3 31
4 24
9 50
5 44
1 60
1 27
10 63
11 34
5 28
3 70
4 78
1 46
1 50
1 78
10 52
3 39
7 36
2 24
6 33
7 59
2 35
3 12
12 62
1 66
4 25
3 9
4 28
2 67
4 41
5 73
10 20
7 34
5 54
1 64
2 38
2 36
8 71
9 19
3 33
1 26
2 68
8 23
6 58
12 39
1 4
1 40
3 20
2 37
1 12
1 24
4 5
1 59
4 6
2 19
3 10
4 61
2 47
1 37
1 29
2 5
2 75
4 50
4 35
6 49
7 49
5 31
8 10
3 36
6 18
1 10
5 40
4 62
1 76
6 11
1 43
6 35
3 27
7 32
3 73
6 66
1 67
1 61
11 39
3 19
1 39
2 63
2 20
2 66
3 6
3 11
2 71
2 6
8 57
3 53
7 50
6 74
4 67
2 22
2 72
1 32
3 15
1 15
3 32
6 75
2 46
4 13
1 77
2 58
6 69
4 74
1 70
6 41
5 65
1 69
2 79
11 22
3 24
1 38
3 34
3 35
3 45
3 74
8 39
2 78
6 17
5 8
2 23
6 15
2 27
1 11
6 55
4 51
3 44
2 40
4 68
4 15
4 29
4 48
4 32
4 47
2 16
5 29
2 60
3 41
3 72
2 42
2 26
2 73
1 62
1 19
7 76
6 68
4 63
4 49
8 35
2 74
2 44
4 77
1 17
6 14
6 32
3 28
5 20
2 43
2 53
1 75
3 51
3 57
5 30
3 59
3 43
3 48
3 71
1 68
6 47
3 4
2 54
5 52
5 47
5 34
4 31
1 57
1 54
3 21
4 17
6 45
3 42
3 67
4 52
2 49
3 76
1 36
2 9
1 25
2 57
1 74
3 23
4 8
3 66
3 7
2 65
3 46
2 55
3 47
3 79
2 48
2 64
92 1318 29
17 5
16 44
35 79
4 74
10 61
4 67
23 5
14 67
10 90
5 21
3 21
40 61
24 50
3 42
4 2
1 14
21 79
11 89
2 35
3 73
7 6
1 30
14 2
6 2
20 54
16 55
3 47
16 17
13 62
21 48
65 41
14 75
16 19
6 62
6 59
4 7
23 62
18 24
10 37
16 9
28 62
18 54
8 4
13 22
68 87
20 42
11 2
8 13
2 60
6 41
24 73
42 51
5 34
3 26
27 28
1 54
4 90
27 40
7 45
3 13
67 90
5 25
5 60
6 44
5 90
37 64
6 10
1 45
12 45
19 78
24 72
17 11
5 83
3 8
1 89
21 36
4 66
6 66
33 80
1 31
2 49
38 43
16 72
10 80
7 35
15 18
1 51
13 56
42 24
9 88
6 22
5 7
4 57
28 39
25 15
14 11
37 35
27 74
30 27
35 31
2 50
1 68
23 79
7 52
21 15
24 5
19 50
19 67
6 61
3 10
4 22
16 30
13 33
2 31
9 24
3 52
24 89
5 18
4 65
8 51
23 87
10 84
2 7
19 35
12 14
26 89
13 42
2 56
23 64
56 41
33 18
18 63
34 69
4 37
23 50
17 12
18 75
3 46
17 82
85 32
47 43
5 65
21 41
15 86
33 11
2 43
11 8
8 41
26 83
1 70
1 41
25 4
14 34
15 60
3 54
6 91
4 3
20 80
7 58
12 11
14 82
35 24
39 86
1 74
24 8
16 6
8 54
1 59
10 31
38 27
3 86
38 36
5 3
7 19
5 52
28 67
2 74
6 79
37 38
3 60
30 69
1 9
4 40
17 66
27 16
3 87
24 45
15 87
2 32
8 43
6 35
2 52
2 64
23 74
1 7
9 10
5 85
15 75
8 40
10 89
19 2
10 28
24 44
8 36
44 56
20 29
14 56
6 74
16 60
39 52
32 18
11 46
5 63
17 41
8 87
35 82
27 42
2 90
20 28
13 78
25 29
12 78
37 52
65 64
38 10
4 75
7 88
3 63
4 52
22 14
7 44
2 36
1 35
7 72
9 70
14 6
2 15
50 58
3 40
5 72
1 82
5 70
18 56
33 62
30 82
54 89
1 53
8 29
30 76
18 89
4 14
25 48
23 66
4 9
20 59
15 32
9 38
7 66
17 8
11 35
40 48
5 8
7 34
6 58
13 31
6 68
27 29
7 65
6 36
15 83
29 70
55 2
12 9
27 2
9 30
1 73
21 22
60 71
25 70
2 20
26 80
14 40
2 76
12 2
42 37
37 46
2 17
14 77
21 61
25 75
7 79
24 63
12 25
19 71
20 63
9 78
11 77
55 5
21 44
16 15
13 83
2 26
1 8
16 34
6 19
21 60
1 88
10 48
7 60
30 43
25 52
2 44
15 71
3 49
10 15
4 35
6 45
10 13
10 58
12 49
20 10
19 11
5 30
3 89
9 14
14 72
18 82
4 24
6 24
5 49
13 86
11 47
6 51
1 84
53 41
14 63
9 72
16 23
56 17
12 23
17 92
5 27
6 31
6 64
9 48
15 72
36 42
3 29
11 88
43 40
38 48
4 34
5 88
3 33
2 46
17 21
8 69
6 56
13 66
11 10
16 57
35 54
10 77
17 48
10 56
15 40
2 39
5 40
36 44
13 43
1 86
20 50
5 59
9 86
1 83
10 34
2 61
1 36
1 2
14 7
27 80
18 14
1 50
3 76
12 75
5 74
23 69
14 76
7 81
13 19
2 86
27 87
15 68
1 56
4 21
42 92
13 75
1 46
12 37
7 89
16 65
40 59
7 28
14 88
1 87
9 49
2 57
8 80
23 52
4 59
19 1
42 86
3 83
10 44
4 81
8 39
5 41
3 79
1 22
14 92
7 24
9 22
11 9
25 7
7 70
18 43
7 92
3 31
4 39
7 42
2 70
51 63
16 84
6 57
3 23
1 61
17 31
9 76
34 77
54 33
34 17
14 26
23 83
34 36
15 89
15 13
1 64
7 31
12 80
3 18
36 17
17 42
10 39
9 45
5 45
20 79
26 5
8 84
13 44
10 68
17 24
16 11
16 43
24 71
12 1
31 62
7 82
8 59
24 81
18 29
18 1
14 61
16 38
9 59
33 58
6 11
18 27
3 82
12 76
3 19
24 83
33 21
1 32
8 9
44 27
9 80
16 79
20 69
12 54
26 46
8 35
9 55
1 69
4 69
18 7
4 51
2 33
8 65
7 80
15 23
17 18
8 28
24 67
2 66
1 76
1 91
27 60
8 73
29 45
8 2
2 34
9 39
9 40
10 50
15 73
3 14
18 41
9 27
13 73
6 85
5 32
2 10
23 45
41 85
3 72
40 44
8 42
8 78
3 56
9 44
8 19
6 37
3 62
16 26
17 15
11 81
10 45
34 19
34 80
2 77
1 92
5 31
10 71
7 22
29 14
16 52
22 58
11 50
10 87
21 55
2 80
25 73
9 20
14 85
9 29
22 48
17 43
15 66
6 40
13 29
17 77
3 38
13 68
23 76
5 11
9 67
6 1
12 92
9 21
4 32
17 35
2 78
1 33
22 83
19 52
4 46
15 46
5 58
5 56
3 59
21 49
3 20
16 77
3 71
5 66
18 64
5 20
6 92
7 26
3 92
8 63
21 42
13 40
22 65
3 78
12 15
21 65
1 25
14 21
8 46
7 21
18 55
14 35
18 49
7 48
3 50
33 35
23 81
15 33
2 73
14 44
6 77
12 50
33 22
3 74
8 89
44 80
23 31
9 77
20 40
29 34
18 16
3 35
9 56
8 76
3 9
18 11
4 43
11 60
28 3
4 91
18 50
12 74
17 4
1 27
3 1
7 8
1 11
4 54
4 61
16 91
13 25
13 38
3 80
4 82
49 39
2 82
10 72
5 73
3 88
12 87
40 50
8 33
10 78
5 28
1 4
13 77
11 36
38 44
2 72
24 30
32 41
4 55
13 39
24 38
2 85
9 84
3 37
3 12
1 37
23 41
3 67
22 81
1 13
4 28
1 15
5 36
5 4
17 55
7 87
12 59
5 22
9 34
5 84
3 65
7 9
15 45
27 37
7 41
13 72
14 47
3 22
4 50
3 69
4 42
5 1
1 66
19 21
22 90
17 62
20 22
16 3
9 74
7 77
6 18
1 28
30 62
21 45
13 89
18 31
6 48
11 7
2 37
10 36
13 74
1 65
12 20
15 36
4 13
3 11
4 12
11 66
14 54
14 66
10 82
3 64
3 66
24 75
14 55
3 51
4 71
12 28
11 55
3 30
4 70
17 23
14 64
2 30
28 90
6 38
3 55
14 43
5 92
7 50
1 58
7 36
19 85
3 32
5 91
9 87
8 86
9 2
7 30
51 13
6 23
12 16
1 17
8 20
22 44
15 55
5 67
1 71
8 91
6 80
19 20
35 92
17 22
10 63
10 32
16 73
13 27
28 2
4 78
8 10
8 32
9 23
61 9
16 8
2 51
2 45
14 79
15 19
6 15
3 43
26 78
21 39
6 42
13 41
9 58
7 86
7 73
20 75
8 30
15 9
16 85
1 29
1 79
1 62
6 69
14 5
25 58
8 6
8 68
15 58
2 13
7 85
8 92
5 54
2 84
12 71
10 69
2 67
13 79
4 76
12 19
8 64
6 88
4 68
11 91
7 17
25 69
23 10
12 85
1 48
5 29
11 59
21 83
30 47
2 88
3 6
16 24
4 26
12 6
5 6
7 15
24 31
5 44
4 92
37 14
2 81
22 26
9 62
19 61
2 54
54 39
5 71
15 11
16 4
10 85
36 49
19 28
15 56
5 87
12 32
3 2
10 16
26 35
20 78
12 40
7 29
12 60
9 75
13 36
19 62
3 27
8 50
8 67
14 15
8 75
6 87
1 42
3 25
18 58
8 21
11 49
4 19
11 44
12 88
24 27
5 61
5 68
8 47
12 47
1 39
26 24
12 39
20 23
8 74
9 85
23 11
2 79
4 27
1 90
3 34
28 31
9 46
5 82
3 84
4 30
15 50
3 70
1 67
3 36
8 77
21 52
19 91
11 22
10 74
24 28
10 46
12 57
3 61
6 13
11 4
3 15
11 48
13 84
2 71
1 63
24 55
4 79
10 54
8 27
7 59
7 67
8 62
12 44
7 75
4 62
6 82
5 2
6 84
11 86
2 22
8 61
7 3
7 32
15 20
2 89
15 34
2 21
1 78
9 41
14 81
16 49
6 28
6 83
5 35
4 49
11 90
4 47
14 89
13 24
4 31
6 17
14 50
13 90
17 57
11 63
17 86
8 34
24 52
11 73
2 42
8 56
20 71
2 58
14 52
10 26
2 83
11 21
12 79
22 84
4 53
11 74
12 62
2 41
10 43
9 25
1 52
2 48
4 29
17 70
9 91
1 55
6 26
2 53
4 73
14 74
4 38
13 60
12 35
23 19
3 41
13 11
11 20
2 16
11 58
1 77
1 60
12 67
8 85
17 71
6 53
9 42
9 73
1 75
9 60
17 68
9 63
9 18
16 71
13 46
10 47
3 44
21 38
20 86
7 63
8 58
8 88
2 38
5 79
3 53
12 31
5 57
10 42
7 54
10 91
19 66
6 75
7 69
1 16
8 57
6 49
3 77
7 71
19 69
8 22
22 69
13 26
10 29
17 27
10 92
6 20
13 48
10 27
4 44
6 72
18 51
16 68
9 13
13 67
5 16
12 43
13 18
4 77
12 18
15 24
14 28
7 90
17 10
24 1
8 26
4 89
17 26
8 14
7 10
4 64
13 55
20 48
14 10
10 24
11 28
12 63
6 71
13 35
10 75
6 33
2 87
1 57
9 6
1 72
5 10
3 45
11 42
3 39
4 23
2 59
19 38
12 82
14 32
2 69
5 43
7 78
10 52
13 14
16 33
10 53
13 88
2 24
7 91
10 64
15 51
12 26
5 48
2 92
2 68
5 19
13 5
13 85
9 28
15 92
4 45
4 33
7 13
5 69
5 15
12 5
11 53
13 57
17 51
5 76
5 77
7 33
14 87
4 85
4 88
1 23
7 38
11 52
8 83
11 79
11 45
18 61
13 80
1 81
10 19
3 81
1 85
6 70
6 46
11 29
7 23
10 88
4 60
9 32
8 72
7 46
13 32
6 52
6 27
11 87
9 57
1 43
9 52
14 58
11 83
6 29
8 38
23 56
1 80
1 34
2 18
7 62
19 87
11 31
5 78
7 51
1 38
10 30
11 40
9 26
15 27
2 91
11 75
9 31
5 89
4 36
5 39
2 29
7 40
7 16
11 76
5 37
12 42
1 47
12 89
12 30
2 47
7 83
9 53
7 27
3 58
13 50
4 86
4 84
3 85
10 25
4 56
9 35
9 79
6 43
2 65
10 67
10 33
2 25
4 83
1 40
8 70
5 50
2 75
5 51
14 27
5 33
6 73
5 62
4 48
3 17
4 58
7 12
9 36
10 1
12 83
7 55
5 81
12 91
3 90
16 13
18 40
7 64
11 84
8 81
10 4
14 60
13 63
12 73
1 21
8 90
9 51
11 80
12 38
6 21
6 90
3 91
4 18
4 63
8 52
17 44
8 44
5 46
1 44
5 9
11 30
6 81
6 86
9 71
3 75
4 41
6 30
2 40
6 32
1 20
12 72
10 86
6 60
16 67
6 65
7 43
8 12
7 53
9 64
4 6
7 37
3 68
4 87
9 50
6 78
7 56
7 61
8 15
5 64
3 48
5 42
9 83
1 49
1 26
8 55
2 63
7 74
6 47
12 58
7 47
10 22
5 47
8 48
9 17
7 76
5 86
7 57
4 72
6 25
6 34
8 79
8 71
5 75
5 53
6 89
8 25
6 63
5 80
3 57
6 50
2 62
2 23
6 39
3 24
6 67
4 15
16 30 4
1 13
1 9
1 11
9 6
3 6
3 16
5 3
2 12
1 3
3 14
3 15
3 8
1 8
1 2
2 10
3 4
2 16
1 4
4 5
1 7
1 5
1 6
2 9
2 5
2 4
2 13
1 12
2 3
1 10
1 14
43 123 8
2 38
1 16
1 43
1 22
1 18
2 8
6 39
4 16
1 3
4 26
6 33
2 5
3 9
5 33
4 6
2 35
2 25
3 33
2 32
2 24
1 6
6 29
1 25
3 4
1 14
1 27
5 7
2 39
4 36
3 36
1 20
5 29
2 42
4 29
1 2
3 17
7 19
1 41
2 3
5 31
1 39
1 34
2 34
6 7
3 18
2 28
4 13
1 32
3 7
11 5
8 26
5 14
1 10
1 5
1 13
4 30
2 40
3 13
2 20
2 17
1 11
2 43
5 3
7 41
1 38
5 24
2 31
2 23
1 31
2 37
2 7
3 23
2 36
1 17
4 2
2 6
5 30
3 10
2 41
4 5
3 12
2 30
1 15
6 41
2 16
1 7
4 9
1 24
1 9
2 18
1 8
1 4
3 39
3 34
1 12
2 19
2 13
1 23
1 40
2 26
1 35
1 30
2 10
4 15
3 29
2 14
1 19
3 8
4 8
3 6
1 21
1 33
3 25
2 21
3 19
1 29
1 26
1 37
1 42
2 9
2 15
1 36
1 28
18 33 2
1 16
2 10
2 15
3 13
2 4
1 2
3 2
1 5
3 7
1 8
5 12
1 15
4 8
3 5
4 5
1 6
1 12
1 7
2 7
3 14
1 13
5 8
3 6
2 5
2 6
1 18
2 9
1 9
1 17
1 11
2 8
1 4
1 3
69 715 67
11 62
38 54
2 19
3 57
11 32
2 4
1 29
2 24
8 34
49 55
4 48
5 53
4 16
6 42
24 28
2 16
14 27
12 8
18 20
1 22
6 8
9 64
17 50
3 39
5 15
1 11
14 48
6 18
5 21
27 33
5 10
2 61
4 20
12 48
1 2
2 10
28 36
6 23
19 6
1 20
6 24
4 40
28 45
33 30
15 54
7 11
6 13
7 52
9 3
2 7
3 68
1 32
20 10
28 16
2 49
30 40
4 60
2 67
2 32
5 48
6 47
1 51
33 47
3 53
5 45
3 17
20 54
28 39
9 23
14 6
18 35
10 21
4 52
2 47
1 30
6 22
9 19
8 53
11 46
6 25
11 24
4 9
9 11
4 17
2 26
34 64
6 53
3 5
7 68
7 27
2 12
3 34
5 69
4 3
5 65
20 56
27 30
1 18
6 9
24 62
11 34
12 34
12 54
23 19
22 28
26 59
16 32
12 30
15 51
13 55
18 51
5 50
9 39
9 31
1 61
13 52
6 44
3 11
7 45
18 50
8 39
24 54
4 5
17 49
38 58
17 59
18 54
7 32
10 62
6 4
20 24
38 66
14 56
3 8
5 8
1 25
2 45
26 46
7 40
18 37
10 41
8 64
4 35
2 64
2 46
11 68
1 62
7 17
17 30
24 41
9 57
11 26
16 59
13 54
17 32
4 23
4 11
1 16
4 56
38 48
6 20
12 9
13 58
16 61
1 56
5 38
22 61
22 69
1 44
2 30
4 42
23 44
8 56
44 41
2 55
25 21
19 15
1 65
5 14
33 13
5 30
27 63
3 19
4 24
13 44
2 5
1 50
8 52
20 57
17 36
6 10
5 7
1 35
10 33
12 58
4 68
8 31
1 36
3 29
6 41
7 64
6 54
14 62
7 28
16 18
2 50
1 38
18 55
6 12
1 6
4 39
3 25
19 60
2 22
4 34
10 7
3 61
35 59
11 13
5 59
6 34
18 2
3 28
13 51
12 13
7 21
4 64
10 66
13 42
6 39
10 60
3 47
11 6
14 26
19 40
15 60
1 40
12 51
16 52
4 7
13 59
16 33
6 50
26 56
29 62
1 7
4 19
2 34
2 40
3 15
17 42
12 25
10 19
9 22
9 24
15 67
4 46
18 43
2 11
4 22
3 40
6 45
15 45
6 3
5 29
5 39
11 14
1 52
10 55
12 36
8 10
12 53
3 36
6 7
1 57
13 9
7 58
3 59
3 13
21 37
10 12
2 15
3 52
4 58
4 67
11 50
13 67
1 23
3 16
18 66
13 48
9 35
9 34
9 36
25 42
7 22
4 21
7 55
4 1
4 63
11 64
11 25
5 37
1 8
10 32
10 11
5 43
26 30
2 21
18 53
3 24
33 32
3 32
10 48
1 63
4 36
2 69
4 31
28 26
2 27
15 23
5 52
1 28
14 8
2 33
3 10
20 68
1 24
11 28
3 26
1 41
1 34
13 40
3 30
6 26
9 41
6 40
2 9
8 4
4 15
8 7
9 5
4 33
2 54
3 1
10 1
13 46
8 66
1 5
23 7
17 56
22 42
11 43
10 16
12 24
7 16
7 19
2 38
7 34
7 39
1 19
8 67
9 48
4 54
11 19
9 21
6 33
11 57
8 32
6 66
1 31
3 46
3 31
11 29
31 34
12 28
8 49
3 45
15 39
12 47
18 65
6 64
28 58
22 44
17 31
2 23
16 44
6 15
5 61
10 44
11 48
7 42
17 1
14 35
2 62
17 15
3 12
12 60
4 29
3 55
4 14
8 15
12 4
8 57
4 66
3 56
10 9
1 64
10 27
8 2
4 18
7 63
16 19
3 44
6 59
1 59
5 32
12 17
7 61
12 68
20 7
10 24
2 36
8 24
1 26
15 20
8 17
1 12
5 47
10 37
13 69
14 60
1 14
6 58
6 56
7 53
7 38
9 26
5 54
19 12
14 21
8 37
2 42
5 33
2 44
4 43
3 18
7 54
16 29
10 23
1 27
3 27
4 59
1 53
1 46
7 24
15 52
3 22
9 27
12 52
5 12
20 39
7 3
5 34
2 68
13 37
4 28
9 65
5 31
8 26
20 22
4 26
1 55
18 26
12 26
12 67
6 17
18 14
4 62
1 21
6 16
12 56
15 16
19 52
4 55
1 9
5 42
7 30
6 46
2 58
2 37
19 66
13 43
4 57
3 64
4 44
5 19
8 22
1 67
2 43
10 42
4 49
6 65
7 29
6 62
2 25
2 52
3 69
19 69
11 45
10 43
9 16
4 45
5 44
4 27
3 48
5 64
7 44
4 13
3 33
15 56
7 14
11 30
2 31
17 10
17 52
9 8
2 57
11 18
4 10
3 58
2 48
1 43
7 66
14 58
5 66
2 59
7 62
7 43
5 27
1 60
8 38
2 17
5 62
2 35
2 29
6 36
8 40
5 24
12 11
3 35
1 58
16 35
12 62
9 52
10 26
2 66
9 17
7 9
11 8
16 50
7 69
1 13
12 57
10 29
5 13
5 28
5 23
3 14
3 42
5 49
6 55
3 66
6 2
4 51
5 11
1 33
3 54
10 13
4 65
11 53
5 57
12 40
10 25
5 18
3 67
8 61
10 69
15 11
7 60
3 21
9 20
8 28
17 48
1 68
9 51
10 34
5 41
1 66
3 37
11 44
14 64
3 49
7 36
1 42
12 20
10 53
9 38
12 39
16 21
5 20
1 15
2 63
5 68
9 30
6 68
6 61
4 38
3 63
2 65
3 60
4 53
4 47
3 50
3 20
6 60
6 5
5 22
6 43
12 50
3 65
7 41
1 69
13 19
8 44
11 38
6 28
9 29
1 47
9 61
6 48
6 30
9 53
4 50
6 49
7 46
1 37
6 52
4 41
6 51
7 50
6 29
4 37
11 31
3 23
5 67
2 28
2 51
2 53
5 55
4 32
1 48
8 51
7 25
1 49
6 67
2 13
7 12
6 57
2 20
2 14
7 59
9 67
8 16
11 35
7 15
5 26
8 45
12 38
8 62
8 47
2 56
6 35
3 62
2 3
5 58
2 60
9 32
7 33
8 36
8 19
5 40
7 35
3 38
8 58
2 39
4 25
5 56
3 51
4 61
1 45
1 54
5 35
6 63
4 30
1 39
5 25
7 13
5 51
6 27
5 46
3 43
2 41
4 69
3 41
55 274 14
9 46
7 46
7 28
3 55
6 24
3 12
2 27
2 41
4 15
1 12
2 11
2 14
8 47
9 20
4 12
15 51
6 17
2 31
10 8
6 55
4 28
2 5
3 32
10 55
7 14
2 19
9 14
11 22
2 7
1 53
4 19
5 36
1 9
2 26
14 49
9 44
3 39
8 50
4 39
5 31
3 5
7 6
13 42
6 4
1 3
2 35
10 49
4 44
5 21
9 35
3 40
6 42
4 5
3 54
5 10
8 52
26 47
7 38
7 55
6 18
16 52
22 26
4 18
7 24
4 27
1 22
2 37
1 28
2 55
7 11
12 36
6 37
1 5
2 23
17 26
4 31
2 24
8 49
1 32
3 36
4 20
6 28
4 52
7 12
8 15
4 10
7 27
4 29
3 34
10 37
2 53
6 11
1 10
3 11
2 16
13 4
1 15
4 34
7 34
1 38
8 9
6 43
13 54
2 47
5 30
2 33
6 38
17 5
1 20
11 18
1 2
1 24
2 49
7 17
4 42
5 8
5 9
1 25
1 6
9 36
4 9
5 23
1 50
8 43
1 4
3 43
6 36
4 51
3 37
1 19
5 7
1 17
2 17
1 41
4 25
7 22
7 31
3 29
5 53
17 25
4 11
8 42
2 45
3 31
3 28
3 33
10 43
2 51
6 2
1 44
8 2
3 50
6 23
3 52
3 47
11 52
5 14
3 24
2 36
3 19
8 7
5 49
3 38
3 17
5 15
8 41
3 2
1 21
4 40
5 39
4 14
1 51
11 5
11 49
1 45
2 28
1 26
2 44
2 42
2 13
1 54
1 43
5 38
2 22
5 42
10 19
1 33
3 48
1 8
3 44
2 50
1 23
3 35
1 40
5 51
1 49
9 10
7 48
1 14
7 36
6 32
2 52
2 43
4 3
2 30
5 48
4 49
2 29
2 4
1 31
4 22
2 38
1 30
1 16
4 37
5 6
6 3
2 39
4 8
5 33
5 45
2 18
4 54
3 23
3 10
2 34
3 18
3 49
4 48
5 44
1 48
3 22
2 12
1 37
9 29
6 35
4 33
1 46
1 35
4 30
1 27
1 13
1 55
4 38
2 54
1 11
4 7
2 20
4 16
2 46
2 40
1 39
1 34
5 35
1 36
2 15
3 13
3 30
2 9
3 21
1 47
1 7
2 25
1 42
3 14
1 18
3 7
1 29
1 52
2 32
3 9
2 21
2 10
2 48
57 205 32
22 4
2 35
3 42
10 23
7 1
10 52
1 14
12 25
1 46
11 7
1 32
2 18
4 18
19 11
10 25
7 51
1 15
2 15
2 42
6 47
1 44
3 24
1 36
10 48
8 9
3 5
3 28
8 37
4 10
12 57
4 7
1 11
5 24
3 39
3 30
2 52
1 17
5 29
10 33
5 51
6 13
2 11
3 53
1 21
1 26
8 13
2 43
6 52
5 25
6 4
4 35
8 38
1 49
2 28
8 30
1 23
1 10
4 46
3 11
4 12
2 3
8 6
1 20
2 27
6 17
1 33
3 34
2 47
4 8
2 31
2 29
3 52
4 45
2 56
5 37
7 53
2 40
3 38
4 54
4 39
6 30
6 9
4 55
6 15
2 20
1 56
2 25
1 53
3 44
2 17
3 40
2 48
3 36
4 44
1 55
1 5
7 43
5 23
6 26
1 24
8 48
2 19
1 12
2 57
1 51
2 41
3 4
1 40
1 52
1 47
9 12
4 36
3 29
2 5
4 50
5 17
3 8
6 27
1 13
3 48
4 26
3 13
5 36
2 4
4 42
2 1
2 51
2 6
1 18
3 9
2 26
1 6
2 49
7 45
2 13
2 7
1 8
3 6
4 28
3 47
2 9
3 45
1 54
1 19
1 57
1 30
7 15
3 7
3 10
3 14
4 15
1 35
1 41
2 12
1 45
1 48
1 34
2 8
2 36
1 4
1 39
2 38
4 38
2 34
3 31
2 14
2 24
5 10
1 22
1 25
2 21
2 33
3 19
2 54
4 13
3 33
3 16
4 23
1 43
3 17
2 32
4 37
2 23
3 56
2 10
1 31
2 45
1 9
3 23
1 42
3 54
3 55
2 22
4 19
1 3
2 46
2 37
3 21
1 27
1 16
1 29
1 38
1 50
1 28
1 37
20 52 14
1 4
7 11
3 18
4 10
3 7
2 7
4 14
3 5
2 3
6 4
1 12
1 14
3 19
1 9
3 6
5 6
1 2
3 12
3 20
1 15
6 12
1 18
2 5
5 20
1 5
1 8
1 11
1 3
2 19
1 20
2 16
1 10
2 13
1 7
2 12
5 4
1 13
1 6
2 20
1 19
2 6
2 4
3 14
4 9
3 9
4 8
2 8
2 10
2 9
1 16
2 14
1 17
61 463 11
4 37
16 48
1 12
16 57
1 5
9 25
5 21
5 14
19 15
3 28
1 24
2 59
10 31
8 47
4 47
1 32
7 13
9 59
1 6
8 59
14 17
2 16
8 46
7 31
2 25
10 13
9 57
9 23
3 4
26 5
11 12
14 3
14 23
4 20
2 41
8 32
1 48
7 10
8 6
12 5
4 49
4 31
6 55
6 57
35 36
17 60
10 6
3 7
3 54
6 41
9 60
5 54
1 59
11 3
8 28
30 50
4 59
2 18
3 21
5 6
3 42
1 3
4 18
1 16
11 36
16 61
1 20
2 50
8 54
11 60
13 22
5 25
3 48
1 4
13 24
1 19
10 19
10 36
3 17
4 25
5 27
15 27
4 57
2 55
8 10
3 47
9 27
3 18
13 19
2 35
1 61
1 15
3 61
1 60
2 23
11 23
17 61
3 39
6 12
12 18
15 55
5 35
5 50
4 51
2 20
2 26
8 49
1 54
4 29
5 61
6 22
4 50
8 30
3 58
10 53
2 22
2 45
17 28
5 20
6 17
10 4
32 35
1 29
1 22
9 11
14 41
3 19
8 26
9 32
12 15
3 38
14 36
19 2
1 50
4 9
1 35
9 21
3 52
9 26
7 14
3 10
8 35
3 45
42 26
13 35
1 51
7 9
2 48
10 50
2 24
13 14
3 51
14 39
2 31
21 28
1 42
8 43
2 33
9 28
14 2
3 31
6 52
4 14
3 15
8 16
1 8
3 16
25 58
6 59
7 32
17 38
12 23
7 53
2 5
3 26
17 10
12 3
4 43
9 44
3 8
13 25
5 52
7 35
7 49
2 49
10 44
1 43
20 22
13 16
3 35
11 52
5 46
1 14
18 14
8 12
8 24
11 17
16 23
3 25
3 27
23 43
5 51
5 49
10 21
3 46
8 9
2 9
14 51
12 45
8 51
6 50
3 57
3 33
14 11
2 34
1 44
12 16
16 53
5 4
5 57
1 49
3 22
14 20
4 32
4 19
12 30
11 55
1 40
17 1
6 18
13 44
5 30
4 44
9 43
8 34
5 47
3 13
5 45
1 2
13 2
6 49
5 28
6 53
4 28
3 24
2 3
10 48
3 41
2 30
2 6
16 25
8 7
2 54
9 46
8 41
2 52
13 40
3 30
9 10
2 46
13 21
5 33
19 33
1 7
1 41
7 23
5 15
4 40
15 21
6 21
7 11
10 56
1 46
4 2
2 53
9 29
9 17
4 15
8 17
7 37
4 8
2 58
1 45
8 25
7 39
2 29
2 12
7 57
1 27
2 44
6 47
4 22
6 37
7 33
1 25
7 50
4 52
14 56
2 43
7 26
5 42
1 30
5 41
5 7
6 43
9 54
6 45
6 25
5 29
15 8
9 37
8 44
3 43
3 36
11 13
3 40
6 26
5 11
4 7
8 33
14 27
5 9
5 36
7 28
2 28
5 39
6 33
7 43
4 24
1 57
9 36
4 12
4 33
2 47
13 50
11 37
6 39
4 6
12 32
7 54
10 14
4 41
4 61
4 60
2 42
4 48
3 44
10 54
2 21
6 24
1 52
12 7
1 13
6 32
8 55
1 47
9 55
1 55
12 34
6 29
9 22
1 38
1 21
4 13
6 48
4 21
1 10
1 33
6 54
2 27
6 16
7 42
4 39
6 36
3 55
5 10
3 59
7 34
6 60
6 23
12 48
3 9
4 45
4 16
2 40
11 30
9 1
4 38
6 35
7 22
3 5
1 36
3 49
2 17
2 60
9 53
3 20
10 15
4 34
1 53
4 58
1 39
6 20
9 50
6 31
6 27
2 56
3 34
4 27
2 11
8 60
1 18
4 56
6 51
11 45
2 7
2 51
5 43
7 6
8 14
1 28
1 56
5 37
3 53
2 39
2 10
1 37
1 26
5 38
5 60
2 61
3 32
7 38
5 8
5 24
3 29
8 36
1 11
2 37
1 23
5 48
6 3
2 32
2 38
2 36
5 34
5 40
3 50
4 46
1 34
2 15
5 19
1 58
3 56
4 17
2 8
4 23
5 17
4 26
1 31
3 23
3 37
2 57
38 22 38
1 24
1 34
1 33
1 5
1 6
2 21
1 12
1 16
1 13
1 2
1 7
1 29
1 9
1 21
1 8
1 20
1 4
1 14
1 15
1 3
1 11
1 10
78 540 61
2 45
1 53
3 34
2 38
1 17
2 65
4 70
14 40
2 69
2 52
3 50
5 10
7 17
2 53
4 32
9 53
1 26
5 56
9 11
2 24
5 68
5 8
7 58
9 63
14 10
15 74
7 19
2 30
10 24
4 3
3 9
2 28
2 62
15 32
10 12
8 32
4 49
48 40
1 41
9 1
5 22
24 39
9 76
1 39
15 63
1 12
6 41
18 7
1 27
7 14
1 59
17 58
1 66
10 11
17 76
16 24
7 35
15 9
11 41
4 57
10 57
9 22
3 70
1 31
6 65
4 52
17 61
5 26
15 1
6 3
2 71
2 57
18 51
1 4
12 66
8 66
17 14
7 28
11 70
6 42
9 61
7 8
14 44
17 18
5 76
4 68
2 12
9 27
4 75
3 62
2 33
18 28
15 34
2 9
13 70
12 55
13 2
4 30
7 72
19 21
4 60
2 7
9 77
1 50
5 29
8 1
2 61
14 27
3 76
10 27
3 1
2 51
5 41
1 10
2 74
17 36
6 19
14 43
5 75
6 48
4 11
5 4
7 43
10 38
1 40
1 13
9 69
5 23
1 25
3 19
10 35
6 45
21 42
1 78
21 5
2 37
2 66
3 45
3 20
12 69
7 39
4 19
1 64
2 60
9 25
7 30
6 77
5 73
2 21
4 78
2 58
3 39
16 52
5 14
1 21
13 47
5 65
2 39
3 58
3 55
1 47
3 66
1 18
4 76
10 42
1 67
4 54
8 4
4 27
11 74
2 44
17 34
2 70
13 61
10 33
1 75
6 71
2 67
4 2
3 2
5 62
6 16
6 69
6 54
5 28
6 25
7 64
9 14
2 46
3 57
2 23
9 73
6 35
7 62
8 43
7 41
8 37
2 1
5 55
2 41
1 23
19 58
3 56
1 48
1 38
3 42
11 77
7 44
16 48
8 25
5 48
2 18
3 15
3 16
3 52
3 68
6 61
5 69
12 62
1 24
6 24
3 41
6 28
4 55
1 42
1 36
2 47
5 77
5 63
2 25
3 8
6 26
2 36
2 35
11 57
10 7
19 27
1 69
20 62
15 17
4 50
7 50
8 77
7 15
3 32
4 37
3 22
14 4
6 39
10 74
1 35
8 28
9 23
13 68
3 44
1 33
3 24
5 45
3 21
5 38
6 38
5 24
4 36
2 10
6 2
4 7
3 54
7 32
2 14
2 50
8 57
5 64
5 47
10 68
5 74
5 42
10 17
23 21
1 28
1 77
8 17
6 12
1 5
3 59
3 72
7 29
3 61
2 54
3 60
8 35
6 56
1 62
7 9
6 10
5 54
8 60
7 5
4 65
2 34
1 46
5 37
10 50
11 40
2 55
11 7
6 64
1 57
6 46
8 30
2 8
6 74
2 27
14 47
12 60
2 68
15 36
2 64
6 32
1 22
2 48
3 26
1 76
13 42
2 73
10 65
1 7
7 3
1 56
1 72
11 29
1 58
3 25
22 56
5 58
11 55
16 28
3 14
9 35
6 73
1 34
2 16
3 51
3 73
6 67
3 63
1 16
1 63
4 41
4 53
13 40
4 22
4 67
4 17
7 12
4 51
5 11
6 8
14 58
5 17
18 40
8 49
8 58
12 8
4 77
4 56
4 45
3 46
8 38
4 42
8 62
14 39
1 60
8 67
3 48
4 63
7 24
7 33
4 48
4 28
2 20
10 36
3 13
2 42
2 22
7 37
4 61
2 77
3 33
16 35
4 33
8 46
7 21
9 37
5 52
4 73
2 59
2 43
1 37
3 67
4 66
7 75
5 59
7 31
6 51
8 40
5 3
2 49
2 26
5 34
6 70
9 36
9 18
3 77
3 35
3 53
4 13
2 75
9 75
10 23
3 17
4 71
1 55
2 76
5 78
2 32
11 21
5 51
5 66
11 14
10 62
9 68
10 78
9 44
6 55
2 5
7 38
1 54
7 60
2 15
8 14
1 43
4 26
5 6
1 51
1 74
5 9
2 78
6 78
5 18
2 40
11 56
3 69
6 72
7 6
1 73
7 26
6 31
4 16
4 10
1 65
8 39
3 30
3 31
9 58
2 29
4 47
6 49
1 29
7 13
4 12
1 14
6 21
1 44
5 30
4 25
6 30
1 71
1 49
1 30
4 38
5 61
7 16
1 11
7 70
6 15
1 6
1 20
3 74
2 72
1 19
1 52
4 31
3 28
7 56
3 47
1 68
2 17
3 40
6 68
3 71
5 15
3 37
6 34
3 78
3 75
4 18
5 70
6 14
4 72
4 59
4 9
3 43
1 70
2 11
3 38
4 24
3 11
3 12
4 43
2 63
4 6
4 34
5 16
3 18
2 31
5 40
1 32
2 19
1 61
4 74
4 29
4 46
3 64
4 44
3 10
2 56
3 27
3 23
1 45
3 29
76 374 76
10 58
2 5
16 48
8 22
6 35
1 2
11 37
6 38
1 42
8 18
8 75
4 30
3 14
4 58
14 60
1 60
2 31
1 3
1 13
6 18
5 13
4 24
1 35
2 51
10 46
1 39
2 19
6 31
1 65
2 21
1 12
2 46
15 17
5 17
5 22
2 20
9 53
1 22
3 71
3 17
11 27
14 2
17 43
1 54
2 39
3 8
2 47
4 74
4 42
1 27
3 53
1 67
6 64
8 60
4 38
5 55
3 18
5 40
2 9
17 24
3 46
1 62
9 42
1 66
2 11
12 27
3 75
1 53
9 64
5 72
4 59
1 14
2 37
3 62
3 58
6 8
6 71
7 45
8 30
4 68
13 16
17 42
2 65
5 43
4 6
4 19
7 6
1 73
6 41
4 25
1 24
2 55
5 42
5 28
3 54
2 68
5 24
4 73
3 2
2 44
5 12
1 49
3 10
9 73
5 44
1 16
2 16
3 12
1 5
1 38
4 41
5 64
1 15
2 56
2 35
12 38
6 37
3 37
11 63
5 27
5 59
4 48
2 12
2 40
2 38
2 58
1 47
6 29
2 25
6 75
5 52
12 36
10 24
1 45
4 37
3 56
9 32
2 50
3 59
8 9
4 8
2 28
2 52
3 74
10 14
2 41
6 13
3 68
5 67
1 4
6 19
10 8
1 6
4 55
1 43
4 34
4 31
7 33
2 33
1 70
3 70
17 22
5 47
1 25
3 38
1 56
2 26
14 23
19 75
2 8
2 63
12 48
5 19
1 75
4 49
3 9
3 76
4 22
5 14
5 60
1 71
1 8
1 41
6 59
8 68
7 42
7 21
4 54
3 7
7 67
1 32
1 37
4 16
5 57
2 30
13 74
4 11
1 76
9 18
5 76
2 53
2 71
2 59
4 76
1 18
9 68
1 40
5 6
1 59
1 10
1 23
3 30
6 16
2 34
9 60
9 13
3 64
8 67
4 44
1 36
8 14
2 74
4 28
3 61
1 61
8 76
4 35
3 42
6 36
2 24
3 22
3 72
5 18
4 46
2 23
1 7
1 19
6 49
3 67
4 40
2 45
6 14
5 36
7 11
4 14
1 34
1 30
2 7
1 63
4 12
1 64
5 51
3 44
4 69
3 55
4 61
1 50
10 25
1 11
4 5
3 39
6 60
5 45
2 4
4 33
10 43
5 38
6 34
1 68
10 36
3 26
2 70
2 57
5 21
1 17
1 33
3 63
3 50
1 48
7 55
1 57
4 75
6 56
4 65
3 60
5 58
2 66
4 20
7 47
6 10
2 10
5 54
1 31
9 6
4 56
4 21
3 13
2 42
4 10
4 3
1 69
1 55
9 50
6 42
5 29
2 48
7 19
2 76
3 34
5 50
3 41
2 13
5 61
12 10
4 60
2 72
2 36
1 28
2 49
3 49
3 36
3 47
1 9
3 20
4 13
2 69
2 17
1 26
3 51
1 58
5 23
4 50
1 21
4 32
3 29
4 43
1 72
6 70
2 73
2 18
4 53
3 43
1 20
2 60
1 29
4 57
1 74
2 27
5 10
2 62
4 23
3 15
3 66
2 43
1 51
3 5
5 41
3 25
4 64
2 15
2 29
1 46
2 54
2 32
3 6
1 44
1 52
3 19
2 61
2 64
3 24
3 23
2 67
2 6
15 24 11
1 2
2 13
1 4
1 7
2 6
1 15
2 15
2 9
1 3
1 6
1 14
3 6
2 3
5 2
3 7
1 8
1 12
1 9
1 13
3 5
2 11
1 5
1 11
1 10
81 150 44
2 1
1 78
2 36
1 35
5 43
1 54
5 12
6 40
4 49
2 79
4 44
3 2
3 10
3 34
2 56
1 16
1 3
2 9
9 19
2 65
1 13
1 53
1 41
5 57
1 74
4 10
4 14
3 23
3 26
1 73
3 12
6 45
2 44
1 46
2 5
1 44
5 64
1 5
1 75
1 18
1 4
1 51
1 9
4 28
1 68
1 38
2 66
1 15
1 80
4 38
5 4
2 28
3 32
5 51
2 27
4 16
5 11
3 47
2 14
3 13
1 28
4 20
3 46
1 24
1 81
4 7
2 4
1 62
2 78
2 80
1 34
2 21
1 58
2 45
1 6
1 8
1 17
1 57
4 54
1 27
1 65
1 43
7 31
1 31
2 58
2 72
1 79
1 36
2 18
1 45
2 81
3 55
1 52
3 22
2 15
3 29
2 41
2 54
2 33
1 32
1 42
1 39
1 11
1 23
3 18
1 56
1 64
2 25
2 75
3 67
1 22
2 48
1 30
3 33
1 50
2 23
3 30
1 48
2 59
1 26
1 10
1 61
1 7
1 70
1 37
1 71
1 69
1 40
1 25
1 20
2 32
2 12
2 7
2 19
1 21
1 66
1 19
1 12
2 6
1 55
2 35
1 14
2 31
1 77
1 29
1 33
2 10
2 11
1 63
1 47
47 108 22
1 10
1 8
7 22
4 38
3 32
1 5
1 22
2 43
1 18
2 44
3 10
5 26
2 46
1 4
7 42
6 47
1 21
5 41
4 16
7 18
1 9
1 40
6 13
5 14
2 22
1 46
9 4
2 9
6 21
2 25
1 33
1 3
1 30
2 31
1 44
6 40
1 38
1 15
4 46
3 6
5 23
1 45
2 15
2 47
2 6
2 11
2 24
7 6
3 31
2 39
6 31
2 23
2 12
6 33
1 34
4 13
2 27
4 44
3 18
3 11
3 15
1 35
4 29
3 17
1 17
1 29
1 12
5 36
4 26
2 21
3 9
2 33
4 8
1 36
3 2
1 43
3 29
1 28
1 2
1 41
1 11
1 23
3 7
3 5
1 7
1 39
1 13
1 6
1 37
1 26
1 31
1 14
1 25
2 13
2 8
1 32
2 14
2 10
1 16
2 4
2 5
1 47
1 27
1 19
2 32
1 24
1 42
1 20
96 347 96
3 36
2 3
1 47
10 45
1 13
5 21
2 64
8 20
3 64
1 73
2 72
6 91
11 6
3 28
1 39
2 87
9 15
11 19
7 79
5 59
6 74
1 29
1 7
3 35
3 33
1 46
4 84
4 93
2 53
7 88
1 57
1 22
9 82
3 24
5 31
2 82
5 82
3 96
2 10
2 22
3 78
2 90
4 42
7 93
1 24
2 6
8 18
6 47
1 16
4 81
1 95
17 8
6 52
2 24
3 31
2 17
3 71
15 27
7 82
4 89
8 64
5 74
2 91
3 87
1 51
2 5
5 14
2 62
1 96
1 23
1 8
6 22
2 63
3 5
2 39
3 67
4 76
2 81
4 56
2 43
7 32
2 55
1 30
4 30
4 70
1 79
5 11
4 12
2 34
7 67
5 67
1 48
16 57
11 63
2 57
3 80
1 93
1 72
7 87
7 5
6 14
1 45
5 18
2 13
8 14
2 7
7 62
3 69
1 11
1 41
5 58
8 43
3 85
7 54
2 92
5 48
1 4
2 78
2 29
3 76
2 35
2 36
2 28
4 74
7 35
1 94
6 61
4 57
3 32
6 19
2 48
2 73
9 43
2 26
3 34
5 90
2 94
6 41
1 17
2 65
2 47
1 19
3 58
4 43
1 42
1 18
5 96
5 35
6 58
1 74
10 5
3 91
2 12
1 28
1 9
2 8
3 77
5 39
1 49
9 69
1 70
3 16
1 75
3 38
4 31
16 26
2 95
3 46
1 33
15 52
1 52
1 59
6 26
2 85
2 60
6 8
2 79
1 26
2 9
1 20
3 39
1 81
5 64
1 58
1 3
3 14
2 58
7 51
8 36
1 91
3 63
1 5
9 36
1 65
6 37
5 65
6 64
1 77
5 46
2 20
1 53
5 86
3 15
2 66
4 20
3 18
2 11
1 69
3 56
1 12
2 30
2 67
4 75
1 50
4 16
5 32
4 62
2 76
2 52
1 2
1 78
4 40
4 71
10 35
3 47
2 31
4 46
9 52
4 59
2 19
5 41
1 66
2 84
3 8
1 60
2 59
1 32
5 42
2 14
2 23
2 51
3 20
1 76
3 6
6 23
6 36
5 12
4 96
1 67
2 25
3 50
2 74
4 28
3 11
1 44
5 6
1 86
1 36
3 82
7 95
2 32
5 92
1 55
7 70
2 70
1 14
1 21
3 19
2 40
2 38
3 10
2 86
6 31
4 66
1 37
1 83
2 54
4 67
2 18
4 90
3 45
5 40
1 15
2 93
3 42
4 7
1 31
2 50
3 41
3 61
1 64
2 68
1 68
3 21
2 37
1 88
3 62
7 61
1 35
3 4
2 45
4 24
2 4
4 38
1 40
6 89
2 49
5 4
2 80
1 54
3 13
2 75
2 88
1 61
3 90
1 89
3 17
4 29
1 38
1 43
1 10
3 7
3 52
1 25
1 27
3 12
1 82
1 34
3 93
2 61
1 85
2 77
3 57
3 9
2 33
1 62
2 21
1 71
1 87
2 71
1 84
1 6
1 80
1 56
1 63
2 41
1 90
12 6 2
1 4
1 11
2 1
1 3
1 7
1 5
25 58 2
5 16
1 18
6 23
2 6
4 14
1 21
1 10
2 8
2 17
2 15
1 3
1 5
1 9
2 4
2 19
2 23
5 7
3 20
5 6
1 16
2 3
1 2
2 7
3 17
1 13
2 9
1 12
1 22
3 14
2 18
3 21
1 6
1 8
3 18
1 24
5 9
1 4
3 16
1 14
1 7
3 24
2 13
2 14
2 10
4 8
2 11
1 20
1 11
4 22
2 24
2 16
1 17
2 5
2 20
1 19
1 15
1 23
1 25
12 15 11
1 12
1 9
1 2
2 6
2 10
1 7
1 10
2 8
2 11
1 8
3 1
1 11
2 3
1 4
1 5
37 83 13
1 16
1 13
2 27
1 36
6 20
2 4
1 9
1 6
2 17
1 15
2 8
1 12
2 12
2 15
2 14
3 11
4 30
6 13
5 21
1 20
5 19
1 35
3 4
3 24
3 33
2 33
4 10
1 8
1 2
2 20
1 3
1 11
4 34
3 25
1 22
2 26
4 26
1 24
3 19
1 21
1 4
2 3
5 8
2 7
1 5
1 32
2 5
1 14
1 7
1 28
1 17
1 31
1 18
5 22
3 6
3 12
1 23
2 11
2 24
2 6
1 29
2 22
1 30
1 26
1 10
2 32
2 18
3 16
2 30
2 25
3 27
2 16
1 25
1 27
1 33
2 31
2 23
3 7
1 19
1 37
1 34
2 10
2 9
57 333 57
5 6
13 48
1 45
2 22
25 30
2 19
4 57
10 25
1 39
8 57
7 51
3 9
5 27
11 12
1 54
3 13
1 41
8 13
2 7
6 23
10 55
11 9
3 45
1 14
1 40
2 52
4 44
9 46
13 37
8 28
6 40
3 38
6 4
1 29
48 54
5 56
11 28
1 8
6 44
7 39
6 45
2 11
3 32
4 26
7 11
7 26
5 16
18 21
1 3
4 27
1 19
5 20
11 34
21 33
6 50
1 5
10 39
2 13
3 41
4 10
1 10
14 28
1 28
1 15
1 11
4 36
3 23
20 40
5 13
1 53
2 23
2 40
13 19
7 6
1 2
12 8
2 6
9 27
3 36
3 10
1 26
9 2
17 52
1 18
6 53
5 51
5 45
15 16
4 8
6 9
5 36
1 27
5 15
3 26
5 39
9 26
3 43
1 44
7 25
3 53
1 55
4 35
4 24
6 15
10 2
18 12
1 7
11 10
2 35
4 20
8 30
2 3
4 15
10 8
2 46
3 35
6 18
1 37
3 44
3 24
8 19
4 48
21 41
10 27
2 21
12 33
4 34
12 32
7 50
2 43
7 16
6 30
7 9
3 5
1 4
4 46
1 49
4 25
6 37
1 43
4 30
12 31
5 19
9 45
7 5
1 23
2 31
19 9
4 41
8 45
4 33
9 33
3 33
2 36
7 4
3 18
9 8
8 37
1 48
2 33
5 44
3 46
10 7
6 8
4 40
6 25
2 38
4 21
3 21
1 17
7 3
6 38
9 28
2 14
6 43
13 49
1 51
4 45
1 6
8 38
1 33
2 42
6 17
7 56
3 4
2 29
2 20
2 26
3 22
12 42
6 29
1 42
3 17
7 35
6 47
5 4
5 41
2 37
1 52
7 54
5 43
5 11
2 54
7 47
13 46
8 14
4 53
6 49
3 55
7 37
5 50
2 56
4 11
5 40
1 47
6 13
1 12
5 57
2 12
1 21
4 14
6 10
4 55
1 34
3 8
2 30
1 50
2 24
8 34
5 49
3 15
1 36
8 48
3 50
3 48
7 49
5 18
2 47
3 30
6 24
4 28
3 6
6 55
3 37
5 42
3 31
2 44
1 56
2 32
3 28
5 21
6 28
7 31
4 31
1 30
3 56
3 51
6 41
5 46
3 19
4 18
2 48
4 29
2 5
6 26
9 22
7 8
7 38
2 45
4 22
2 39
3 25
2 15
5 38
3 12
1 9
5 24
8 11
4 37
4 16
6 27
1 25
3 14
2 17
5 8
3 52
5 25
7 43
7 17
5 22
1 32
1 16
1 13
4 32
1 46
7 14
2 34
4 49
4 23
2 55
4 9
3 49
1 22
1 20
6 32
2 53
4 51
1 24
2 49
4 38
3 20
3 39
2 18
5 30
1 31
5 14
5 9
2 8
4 47
3 54
3 47
3 57
1 57
2 51
2 50
2 4
2 28
3 40
3 16
2 25
3 11
1 35
1 38
20 38 10
3 13
3 14
1 7
2 13
4 5
1 19
4 20
1 14
1 11
4 19
2 18
1 16
2 8
1 3
1 10
1 12
1 18
1 15
2 16
1 4
2 10
3 16
1 17
2 1
3 6
4 9
3 2
3 4
2 9
2 7
2 4
2 11
1 6
2 14
1 13
1 8
1 5
1 9
30 81 16
1 5
3 25
9 11
2 4
5 12
2 19
6 23
2 22
1 23
9 26
3 21
2 29
1 25
1 24
3 9
2 10
6 27
1 15
1 11
1 16
1 27
1 20
5 17
1 30
4 1
1 9
2 24
1 7
2 9
3 26
2 30
1 18
2 7
8 18
2 25
1 19
8 20
2 20
1 10
2 26
1 13
5 19
4 30
2 12
4 12
3 7
2 18
3 15
2 14
12 8
1 2
2 23
3 30
3 1
2 5
5 18
1 8
1 17
2 6
1 12
1 28
1 21
2 8
1 26
1 6
3 10
2 15
3 19
3 8
3 20
4 3
1 14
1 22
1 29
4 11
2 3
2 17
2 28
2 11
2 16
2 13
5 1 1
1 2
33 1 33
1 2
100 438 32
1 38
2 20
16 61
1 41
6 48
5 31
6 31
2 8
1 35
3 33
12 90
3 73
10 79
2 44
15 57
1 89
2 85
2 57
6 3
7 80
11 70
8 49
1 74
2 95
1 85
3 97
3 21
1 95
1 16
2 58
5 29
2 31
18 7
5 91
17 41
12 13
6 16
1 31
4 88
2 15
13 44
4 19
5 15
1 7
1 69
13 99
1 42
1 88
4 57
12 7
10 97
2 43
4 18
20 55
8 85
4 22
5 67
4 64
2 54
12 45
9 28
2 50
5 37
5 41
7 87
5 43
3 95
4 95
3 51
1 73
3 42
5 42
2 34
6 70
5 58
2 94
1 19
3 93
3 34
3 48
1 61
1 23
4 38
7 89
1 40
7 39
1 65
1 18
1 52
2 37
5 59
1 5
10 37
5 49
1 55
2 32
5 82
1 10
2 36
3 71
14 37
5 56
1 11
12 41
9 83
10 88
14 99
3 50
6 2
4 27
4 92
3 27
7 84
3 1
4 44
4 30
6 67
5 23
6 80
5 89
1 2
3 87
1 44
2 75
4 46
6 52
2 48
5 75
8 91
4 40
4 7
7 33
3 35
1 54
3 64
9 33
6 57
6 26
8 48
8 53
2 86
7 73
5 27
1 76
4 59
1 51
10 96
2 61
1 33
3 72
11 76
2 59
7 92
5 2
3 82
2 63
2 13
1 66
1 20
3 99
8 19
6 39
6 94
3 57
1 70
9 98
7 16
1 63
4 86
3 89
3 9
5 10
5 95
10 40
2 87
17 96
5 22
1 86
10 71
1 29
8 35
5 40
12 47
2 25
17 56
5 7
2 74
6 43
2 40
1 27
3 56
1 37
1 43
2 49
1 53
3 31
1 83
3 74
11 5
1 32
2 92
4 36
7 95
6 79
1 45
5 80
3 59
1 12
1 15
5 78
4 35
3 62
4 33
2 90
1 57
1 21
2 96
1 81
1 58
2 35
6 58
14 59
1 84
1 28
8 22
6 97
3 52
1 98
2 81
3 40
5 53
4 31
3 90
2 42
5 44
1 50
10 25
2 10
5 9
2 33
4 76
5 85
2 39
4 34
5 24
4 62
6 20
3 43
1 92
2 47
7 36
5 28
7 3
5 79
3 46
4 25
5 71
1 4
3 61
4 20
6 9
6 4
2 71
1 100
2 53
1 22
3 24
2 38
4 51
3 29
1 71
2 73
1 82
2 17
1 14
2 24
2 97
1 62
1 87
8 46
7 72
1 67
4 45
4 91
5 20
8 95
2 7
4 75
1 9
6 53
2 22
5 52
3 70
3 32
7 40
1 60
7 43
5 64
4 90
2 77
3 25
3 88
4 39
3 92
2 14
5 17
6 17
8 9
4 68
6 37
4 58
7 46
6 77
2 100
4 12
3 96
1 91
6 68
1 25
5 13
1 26
8 47
2 56
2 45
8 3
2 3
2 9
1 77
1 48
6 72
5 26
2 72
2 69
2 41
2 70
3 37
6 55
4 54
2 52
1 30
3 15
2 27
1 13
4 50
5 21
1 56
1 6
3 38
5 70
3 36
4 96
5 3
2 88
4 93
1 64
5 60
2 66
1 93
1 59
10 18
3 84
2 19
3 86
1 72
1 49
3 76
2 46
3 49
1 90
3 68
4 79
4 61
3 60
1 46
4 16
2 93
1 75
3 79
2 60
2 62
1 34
2 98
2 18
1 47
3 83
2 28
2 26
1 17
3 16
1 8
2 4
5 6
3 14
4 3
5 90
3 39
1 79
3 100
2 55
1 94
2 67
3 85
2 21
3 66
3 58
2 68
3 10
2 29
5 8
2 65
3 44
1 36
2 91
3 17
1 96
2 30
2 12
2 80
3 80
1 99
1 80
2 23
2 83
3 13
4 77
3 23
2 84
2 76
2 11
1 68
3 41
1 78
1 97
2 16
2 51
2 64
1 24
1 39
16 29 16
2 11
5 14
1 14
4 6
2 6
1 8
1 10
1 3
2 4
3 7
1 4
2 16
3 10
2 10
2 13
2 9
2 1
1 6
1 12
3 9
1 15
1 5
1 11
3 14
1 9
1 13
1 16
1 7
2 3
47 354 31
2 41
3 46
1 11
14 10
1 12
7 16
6 23
5 1
1 18
8 30
6 7
7 36
1 28
27 13
3 28
3 34
19 40
1 26
7 41
1 34
4 22
2 19
7 9
1 40
15 42
4 9
6 9
14 15
1 14
15 11
2 7
2 47
3 5
16 44
15 7
17 8
7 37
10 38
32 38
3 14
1 15
1 21
8 13
8 7
4 20
1 38
13 33
5 17
1 27
4 26
15 19
26 2
3 6
6 40
1 2
4 36
1 9
6 14
1 10
9 22
19 26
16 2
2 8
3 23
6 8
4 21
8 41
11 43
6 45
17 25
2 14
8 1
2 21
2 25
10 43
2 9
12 23
3 21
7 26
8 20
4 10
1 23
11 42
25 42
3 2
6 42
17 21
1 46
5 20
6 4
11 7
5 43
2 11
8 23
9 14
4 29
17 46
2 44
6 26
2 43
1 43
5 36
5 37
11 29
2 15
1 17
26 32
9 27
4 41
1 7
25 4
1 22
3 36
3 44
4 47
5 16
24 34
26 12
8 14
1 24
3 20
2 45
5 24
1 37
9 30
9 21
3 16
24 20
4 5
3 26
2 6
4 40
1 30
15 16
2 24
12 13
6 29
3 30
13 7
1 4
1 42
4 28
3 17
5 28
3 9
4 24
12 11
6 30
11 40
11 16
3 13
2 33
6 15
5 33
9 19
2 31
4 32
17 44
1 31
2 17
1 29
19 1
3 43
11 10
2 4
5 14
7 46
2 22
2 34
8 21
2 36
5 23
4 14
6 43
15 13
2 18
1 44
4 43
2 13
1 41
4 8
4 31
5 8
12 45
10 16
5 34
1 45
3 7
4 3
3 39
1 6
8 39
16 35
5 42
8 22
3 45
4 15
3 15
5 21
4 35
2 10
7 23
11 24
4 11
6 24
14 28
5 22
15 29
5 39
3 22
7 38
3 38
11 27
8 16
4 16
1 33
6 33
1 20
10 8
4 13
7 24
5 25
5 13
2 32
7 20
4 19
11 20
2 12
9 16
3 10
5 35
11 22
6 27
2 23
6 13
9 31
2 38
7 18
10 17
7 27
9 33
2 35
9 37
4 17
1 47
6 34
7 10
4 23
12 18
5 9
7 19
10 29
1 39
9 32
6 12
2 37
2 39
3 32
5 40
8 26
12 32
3 41
5 45
13 28
9 43
6 35
5 47
10 36
11 14
6 46
3 29
1 32
12 9
1 13
8 29
4 46
5 19
4 45
5 44
3 8
2 20
2 42
7 29
2 5
5 15
9 38
3 1
9 24
1 25
8 9
5 7
3 18
4 38
3 37
4 33
7 35
2 29
2 27
3 11
14 32
6 20
3 33
8 43
5 41
1 35
6 39
3 27
5 10
5 38
6 18
3 35
1 16
8 45
11 18
6 17
5 26
10 32
11 33
3 40
4 27
6 25
6 5
5 29
7 45
1 36
3 19
3 31
7 12
9 39
8 18
2 40
4 30
3 47
3 42
2 30
2 28
4 42
5 11
3 24
7 17
4 7
6 10
5 12
4 37
2 46
4 34
5 18
4 12
6 32
3 25
3 12
4 44
4 18
4 39
56 52 10
1 22
2 49
1 12
1 37
3 30
1 32
1 8
1 36
2 11
1 24
1 49
1 26
2 22
3 18
2 10
1 9
1 35
1 40
1 23
1 28
1 38
1 46
2 8
1 11
1 34
1 20
1 29
2 4
1 16
1 4
1 25
1 56
1 42
1 44
1 39
1 21
1 19
1 5
2 23
1 53
1 47
1 2
1 33
1 18
1 27
1 31
2 13
1 13
1 3
1 10
1 6
1 7
8 1 1
1 2
96 909 70
3 43
20 71
2 40
6 80
19 18
5 46
13 29
1 73
2 83
4 20
28 68
1 79
18 36
22 33
8 54
5 74
9 41
1 21
7 87
2 84
3 71
5 8
3 29
8 71
7 65
10 44
27 40
13 51
14 1
29 24
10 93
6 14
9 12
7 62
11 62
2 46
22 63
9 51
10 19
5 6
6 21
1 59
5 81
1 55
3 64
22 51
24 65
23 34
4 38
3 95
1 15
7 34
1 22
13 92
13 93
9 53
4 10
9 74
8 87
2 58
12 69
16 61
2 48
12 82
14 9
11 93
12 92
4 37
3 69
7 40
1 33
6 30
3 6
16 22
3 60
51 83
37 28
22 64
35 47
17 70
15 46
12 39
3 90
1 74
18 6
3 50
16 30
6 47
17 1
6 67
10 75
3 33
3 82
11 18
6 89
25 90
7 60
14 4
2 85
13 95
7 22
4 84
18 95
5 29
6 82
7 23
28 12
7 33
3 9
15 94
6 34
24 11
7 18
9 37
4 74
2 43
8 17
10 23
4 54
2 27
11 44
14 85
14 22
19 51
12 91
5 15
30 38
15 4
29 59
3 8
1 53
6 36
1 4
3 89
1 18
1 91
1 52
7 44
5 92
9 13
5 32
20 42
13 6
13 70
19 54
1 85
5 51
13 14
12 80
18 72
24 37
5 26
16 60
4 44
2 94
3 45
1 16
8 13
2 73
2 4
2 7
10 84
1 86
1 44
8 35
2 31
25 18
8 64
22 4
3 57
7 74
15 52
18 62
12 76
20 49
6 19
4 42
13 7
7 3
8 48
15 60
20 95
14 43
10 9
1 7
26 18
5 57
2 74
1 89
4 46
4 92
10 57
8 63
1 71
1 87
4 91
10 11
9 29
3 85
11 49
5 14
5 44
12 88
4 94
41 14
15 49
2 60
6 77
17 7
10 5
4 80
7 61
9 72
17 77
6 7
16 21
4 66
1 72
22 78
16 47
16 69
12 71
3 62
7 63
12 50
15 19
2 25
5 50
7 56
16 44
1 37
9 38
4 57
11 8
5 21
1 76
6 40
6 52
9 48
10 7
24 34
1 40
17 89
11 23
5 67
1 78
12 63
22 46
3 91
5 95
1 24
12 14
10 25
1 2
5 3
7 55
9 77
10 2
3 31
18 43
6 16
2 12
22 37
5 77
9 39
25 55
1 58
7 42
1 20
16 81
2 90
6 69
13 84
6 83
5 91
18 49
8 42
1 51
5 71
2 89
2 49
1 10
14 3
14 49
16 24
10 66
1 46
25 63
6 71
6 93
5 59
26 81
13 68
4 81
2 64
7 26
27 25
7 54
7 19
4 79
6 76
18 23
2 65
3 4
2 29
27 55
12 61
2 17
25 85
14 59
17 61
17 75
29 80
10 49
7 96
5 70
21 57
3 93
13 96
14 72
12 4
10 47
2 76
1 38
3 15
4 27
1 83
2 61
3 25
2 70
9 5
2 26
18 32
6 1
8 53
2 41
4 60
2 33
3 49
4 76
27 6
5 54
19 9
11 21
3 54
2 8
20 44
4 83
11 56
2 56
13 56
3 13
10 76
2 82
2 66
20 46
1 42
3 38
8 19
2 28
15 79
2 55
11 73
16 27
8 26
8 91
5 68
6 75
9 42
18 12
7 37
11 75
6 23
8 50
11 94
6 53
2 19
9 6
19 13
24 8
15 29
4 93
27 28
1 28
5 12
1 9
1 95
4 9
11 19
1 94
10 54
16 54
4 51
6 26
5 48
4 89
3 66
10 58
2 68
8 69
13 23
19 16
7 85
3 94
10 28
3 35
2 13
6 59
13 16
11 5
20 60
7 88
13 71
18 63
8 37
9 57
1 30
1 39
9 78
5 80
36 54
7 51
6 48
18 82
12 93
15 55
5 4
6 12
7 64
2 80
13 53
4 45
7 80
14 55
6 88
2 75
3 26
1 19
4 34
4 67
2 50
16 40
4 41
7 72
3 2
10 81
2 5
22 35
11 7
6 64
6 92
8 70
11 13
4 58
12 7
17 49
3 75
12 59
7 28
5 34
7 84
2 11
2 37
5 55
18 29
17 24
3 34
2 35
2 54
7 59
8 20
4 96
5 89
9 93
3 65
3 48
6 44
15 53
8 67
9 16
5 88
11 74
1 48
2 87
2 92
8 92
10 14
14 32
3 42
5 35
2 51
10 27
1 65
1 62
4 62
8 7
11 39
12 95
27 85
3 22
11 63
11 51
9 50
5 52
21 23
8 72
4 50
1 45
4 90
12 25
6 90
7 45
5 94
14 29
7 79
6 54
4 28
6 72
3 74
3 59
2 14
5 84
1 50
6 42
10 50
8 12
6 43
6 31
3 41
1 34
1 84
13 35
6 60
17 55
13 80
2 39
6 55
1 26
14 82
3 23
4 36
12 31
2 86
5 79
12 53
6 46
4 18
5 31
12 40
3 58
15 70
4 7
8 10
8 47
1 67
12 83
8 51
10 73
1 66
5 20
2 45
1 70
12 79
4 25
4 32
2 96
7 20
2 91
8 78
12 94
5 47
2 44
1 96
9 35
5 7
2 52
3 40
8 38
5 78
3 47
12 51
13 36
15 58
9 54
7 38
2 93
2 47
6 32
5 28
4 75
13 50
21 51
6 50
1 13
8 39
8 15
17 76
1 75
5 19
5 40
6 2
8 74
9 68
15 18
11 29
6 51
30 45
1 3
9 73
8 41
6 63
4 56
11 34
7 67
5 73
1 56
6 79
6 28
5 42
2 22
1 41
8 33
11 54
18 20
9 11
11 28
10 59
12 26
8 1
2 53
9 8
5 22
5 39
8 22
3 92
2 42
12 60
3 10
2 23
12 49
8 29
1 54
1 80
3 32
3 70
7 14
11 45
8 86
6 65
8 90
8 49
8 25
8 73
6 38
3 87
9 17
15 7
3 18
10 74
6 25
9 92
8 40
5 90
9 65
3 27
9 56
9 58
9 18
1 69
4 68
4 85
7 53
3 88
14 51
8 81
4 43
6 62
15 72
8 56
1 25
1 47
10 32
4 30
1 93
3 53
14 37
4 72
5 33
4 49
13 63
5 96
15 89
3 20
3 96
6 81
9 91
1 60
4 64
1 49
1 23
5 37
7 78
8 89
4 8
3 55
5 72
15 59
14 70
10 95
6 39
10 33
9 89
5 27
4 82
24 25
14 56
4 87
9 21
3 21
5 18
4 86
5 30
9 23
7 75
2 21
9 62
2 67
2 34
4 33
3 16
12 47
7 95
1 90
8 57
2 32
9 88
1 5
3 67
13 25
4 77
9 36
7 35
2 81
5 61
7 90
11 80
4 39
7 58
1 36
8 18
9 32
10 80
5 56
7 48
19 59
4 59
7 29
6 56
2 38
13 32
1 68
3 77
9 67
2 62
1 61
1 32
2 69
2 71
4 52
2 59
10 90
8 52
2 57
3 78
1 82
9 86
4 17
2 72
5 13
4 13
5 60
7 70
3 39
4 69
1 29
11 52
5 49
4 26
8 58
5 64
5 75
1 11
9 71
7 43
3 51
4 19
4 23
3 63
2 78
3 79
3 84
2 15
6 45
3 19
4 73
3 68
10 70
3 30
8 82
6 35
7 93
6 10
5 58
2 36
8 93
8 44
1 31
4 61
8 14
7 30
3 28
4 6
4 40
7 9
9 15
9 43
4 78
2 79
6 29
1 27
1 81
3 37
6 73
5 53
1 43
3 80
4 35
2 24
4 55
7 41
3 17
4 48
1 63
9 28
9 76
4 24
7 94
4 29
5 83
6 33
2 18
6 68
8 36
7 92
1 77
2 20
6 78
4 47
2 9
5 66
1 35
6 58
3 36
6 17
5 17
4 88
5 36
7 52
7 21
7 32
7 86
3 24
8 31
3 12
3 72
3 44
5 76
1 64
3 86
2 16
3 61
3 83
6 8
4 65
1 92
4 16
2 88
5 16
2 30
5 63
6 74
6 85
2 95
5 85
6 61
1 12
5 38
2 77
3 46
1 57
5 43
3 76
3 56
4 70
3 52
1 88
3 11
3 73
2 63
14 2 14
1 3
1 2
41 81 14
1 2
1 29
1 16
4 5
1 34
6 12
5 40
3 34
1 8
1 28
1 9
2 10
1 22
2 17
2 13
3 12
1 24
1 7
4 11
4 10
2 11
17 13
1 6
2 3
1 35
3 10
1 21
9 7
1 23
4 27
3 36
1 30
4 14
2 41
1 25
1 5
3 14
2 28
1 33
1 38
1 4
1 3
1 40
2 8
3 16
2 5
3 17
1 32
1 26
1 39
1 31
2 6
1 17
1 18
2 31
2 18
2 33
1 19
2 4
2 21
4 15
4 36
2 7
2 24
1 37
1 12
2 16
1 10
2 12
3 22
1 20
1 13
2 39
2 14
1 14
2 23
1 15
1 41
2 9
1 36
1 11
95 1190 13
44 26
5 93
22 40
1 5
30 65
35 66
5 38
5 25
2 67
17 30
11 73
3 14
8 15
1 26
20 94
1 14
1 56
5 78
2 5
33 23
9 54
8 71
25 77
20 52
2 8
14 18
18 84
5 16
5 41
7 10
2 33
10 28
1 38
39 7
11 82
5 60
13 80
3 87
39 44
1 39
46 20
19 9
8 48
5 86
1 67
9 60
5 13
8 14
13 9
3 20
7 6
20 56
23 32
28 82
20 9
21 49
4 52
28 29
3 18
2 9
4 2
1 25
1 92
5 49
7 19
12 41
13 79
13 93
4 75
7 86
4 74
2 95
12 18
10 81
21 45
5 14
12 66
7 15
6 59
1 57
57 53
4 20
5 9
11 8
1 31
31 79
14 4
35 72
23 5
9 36
5 89
11 32
7 91
1 34
1 16
32 79
17 25
4 65
7 82
30 71
3 68
8 16
3 19
18 69
26 69
9 74
16 69
9 15
30 35
6 63
43 45
4 92
36 28
2 70
2 60
2 84
15 86
5 95
3 72
1 55
18 39
12 27
1 40
5 70
16 81
8 90
15 32
10 34
12 7
12 84
2 46
37 30
36 3
13 50
22 12
1 68
7 33
2 94
10 16
74 6
13 32
2 82
31 86
2 85
13 6
32 45
2 24
20 88
14 68
13 33
4 21
19 53
9 32
2 12
6 38
4 80
4 58
28 17
27 84
4 48
5 94
41 95
14 17
3 86
3 83
2 79
25 22
2 39
20 55
8 24
2 36
3 23
7 93
4 31
27 45
5 81
21 30
15 67
6 46
6 76
1 28
15 33
6 5
13 46
5 4
6 83
8 86
6 22
9 37
47 20
9 14
24 83
12 64
6 65
7 90
40 68
4 91
10 23
14 57
4 17
2 87
48 79
15 22
6 85
12 37
13 4
6 89
19 61
8 44
13 36
30 85
5 35
5 74
3 33
10 83
6 57
4 41
1 59
33 21
2 75
10 55
68 85
8 37
25 8
35 15
7 14
17 43
12 43
16 49
1 53
4 39
5 28
4 3
7 26
11 89
19 49
8 53
1 79
22 7
17 80
3 46
1 22
9 8
19 73
1 65
4 53
4 68
17 9
4 72
3 2
1 80
16 60
19 44
8 56
29 7
21 75
11 53
33 43
3 74
20 67
6 17
11 9
29 55
14 84
38 77
18 19
14 37
2 58
16 94
6 84
17 32
18 60
22 17
6 14
18 15
18 6
5 56
12 24
21 46
11 30
14 39
29 25
15 37
6 73
36 88
9 65
10 51
10 48
16 12
13 95
8 22
4 60
41 15
2 47
7 92
22 66
4 63
16 77
4 35
12 4
3 81
5 18
21 12
6 52
1 44
32 89
2 63
2 30
1 62
1 15
10 88
1 2
13 3
7 68
15 87
7 79
20 93
19 34
10 45
12 63
2 56
10 56
30 19
11 12
9 66
32 70
17 33
4 84
1 64
8 68
2 89
41 94
2 23
7 67
2 51
13 27
2 11
14 33
11 18
1 81
18 86
11 80
9 23
14 26
30 83
20 18
12 52
17 5
12 94
4 64
12 51
16 91
18 29
26 94
7 60
8 31
7 47
15 14
8 10
20 22
8 57
16 89
20 80
51 64
2 10
12 53
18 22
49 9
10 26
1 89
40 64
49 28
29 27
3 84
8 73
3 77
6 26
11 95
7 27
11 46
16 93
13 60
19 5
17 65
18 47
10 82
3 42
9 40
1 95
35 52
9 70
43 24
10 27
16 71
8 36
5 10
2 50
22 82
5 54
5 3
22 53
6 32
33 84
43 21
8 81
16 6
12 73
15 4
25 83
6 30
2 90
21 14
10 58
6 56
24 3
6 94
20 29
12 70
16 2
12 68
6 68
12 10
2 66
16 58
34 5
7 36
19 89
3 88
2 76
18 51
5 72
1 37
3 91
17 39
6 20
6 92
1 30
4 57
1 85
15 11
6 2
5 11
2 91
1 21
17 37
19 76
1 91
6 75
1 76
23 47
1 11
7 23
7 44
2 81
2 88
24 33
6 31
33 1
6 78
2 22
16 66
17 34
3 47
21 48
8 28
16 45
28 90
5 73
2 55
6 62
1 23
8 75
3 51
10 36
15 20
9 67
1 54
3 48
16 48
25 82
11 58
9 1
22 4
1 83
13 92
12 59
5 21
11 41
2 20
2 35
21 85
8 23
7 95
9 42
12 23
13 66
2 92
9 68
5 92
5 61
4 28
6 51
5 82
10 78
4 19
3 80
5 26
8 46
3 67
21 56
21 73
3 57
7 21
6 4
3 10
3 89
11 51
35 61
7 54
7 50
8 26
8 33
16 78
4 38
33 42
30 95
33 27
5 40
18 90
6 15
6 91
7 73
8 12
4 7
6 42
5 88
4 54
6 58
3 7
4 66
9 3
12 95
30 87
8 47
15 50
10 84
37 84
15 94
4 61
4 94
4 45
27 37
2 26
11 45
8 91
5 50
31 47
13 54
28 70
16 47
35 11
32 81
9 93
10 61
10 95
6 34
22 54
11 94
18 53
15 76
8 55
16 11
5 7
2 18
15 28
7 43
1 50
4 37
3 52
16 61
9 71
4 86
19 75
13 78
14 12
10 37
26 16
4 10
1 18
6 72
7 11
4 73
19 46
3 53
1 75
3 40
1 52
12 92
22 9
5 39
1 20
9 33
5 83
3 60
7 66
5 46
7 20
30 41
13 12
6 77
5 87
17 27
3 70
21 53
11 74
1 7
10 69
10 71
3 56
4 90
9 16
9 31
1 45
10 59
11 88
3 93
14 44
1 77
7 58
6 90
8 88
3 44
10 63
5 52
5 22
12 46
4 49
2 40
10 33
3 8
7 87
2 68
12 54
18 80
17 86
29 2
3 35
5 63
4 40
4 89
3 75
17 75
64 20
4 59
7 72
11 87
3 94
26 63
8 7
21 79
14 76
5 43
13 63
6 28
15 69
12 80
4 56
17 38
4 83
11 10
3 28
2 28
19 87
2 57
6 93
15 95
4 88
29 72
14 43
21 66
14 53
8 43
9 84
12 88
29 60
9 57
4 24
21 78
7 74
4 11
1 32
1 13
7 63
9 63
8 82
9 18
1 90
6 25
1 71
1 41
2 72
4 30
19 62
8 52
8 54
2 61
2 38
2 7
4 87
5 55
4 26
15 55
9 30
6 60
8 5
12 91
15 38
1 87
4 23
10 80
3 85
6 3
18 73
2 59
1 3
9 51
7 85
7 69
25 61
22 64
7 52
8 39
1 19
13 59
6 19
1 36
17 18
5 20
16 52
19 20
3 21
12 5
8 32
3 27
9 43
4 95
14 74
9 77
10 64
3 58
1 35
10 54
9 61
14 64
11 13
6 79
13 71
15 26
1 48
9 92
7 59
1 66
6 87
8 6
24 11
17 45
10 87
6 49
11 85
1 12
8 4
19 88
20 63
19 33
3 39
1 8
9 64
9 7
10 21
9 44
4 77
6 82
25 47
4 50
24 34
34 12
10 94
6 53
4 47
14 46
7 53
6 33
2 74
20 68
4 62
18 30
1 78
5 69
2 13
19 83
1 61
13 16
5 32
1 73
8 51
12 36
27 50
9 72
3 78
1 24
1 72
2 43
11 34
2 27
2 32
2 65
6 37
11 67
6 70
7 89
11 33
2 53
13 26
7 83
34 3
1 84
1 10
5 71
2 42
15 92
12 82
8 13
19 13
5 45
13 82
4 82
7 51
7 34
7 31
3 37
18 85
10 60
12 32
9 94
2 41
11 42
2 86
1 43
17 2
5 65
5 79
23 72
5 29
14 41
20 12
3 50
19 59
12 90
8 85
12 60
22 32
14 40
6 10
22 48
8 79
11 69
15 30
8 62
10 25
15 36
7 81
8 60
8 35
18 66
8 40
13 24
11 17
10 77
8 80
5 76
14 54
12 9
11 83
16 46
3 82
1 69
3 63
4 71
10 57
11 92
7 94
14 81
17 68
6 27
1 29
3 66
1 17
18 35
4 81
9 25
6 24
6 35
15 49
9 55
10 30
25 21
19 57
3 16
8 74
2 80
2 25
3 12
4 32
2 69
13 44
8 89
23 13
7 88
4 25
23 58
5 42
3 92
3 61
11 52
11 50
10 49
15 43
13 85
10 62
8 92
4 33
16 95
6 21
13 61
4 27
12 25
7 57
6 36
1 88
11 40
17 71
9 59
13 70
8 49
7 13
4 51
5 24
7 71
2 93
9 73
9 80
6 44
2 52
1 60
17 88
4 16
11 47
7 38
6 55
8 34
3 65
9 29
12 50
3 59
18 94
5 30
14 79
6 50
19 11
13 88
11 79
2 78
2 54
7 56
7 49
6 61
5 57
8 70
15 68
9 89
1 58
2 77
8 19
3 17
15 62
5 27
9 56
11 75
1 86
7 35
20 41
16 84
9 46
14 66
13 74
11 61
16 51
18 4
5 67
2 21
8 21
4 76
5 77
7 24
7 17
2 31
3 76
8 27
1 42
23 39
8 95
3 29
11 36
14 89
6 29
4 78
9 41
7 46
21 20
9 90
7 37
6 95
3 25
10 46
1 6
23 82
5 51
1 82
7 42
10 52
1 4
9 82
8 84
5 68
3 55
4 46
9 38
1 27
11 25
19 39
8 30
3 64
4 67
4 93
2 73
12 79
6 12
10 73
1 74
7 84
12 15
15 10
10 50
1 47
18 38
12 93
9 75
10 47
5 62
7 30
3 31
4 29
12 38
8 93
1 94
7 28
3 90
3 15
4 69
9 27
8 65
6 9
4 9
2 64
9 21
3 62
5 85
2 45
11 43
12 77
14 77
1 49
6 45
12 33
4 70
9 28
5 15
10 41
2 15
3 71
1 70
7 76
10 18
3 69
9 39
9 78
3 26
5 31
12 55
8 45
9 10
7 16
9 47
9 48
7 32
3 30
12 89
2 71
3 32
7 18
2 34
6 64
1 93
11 56
8 17
6 39
11 78
5 90
5 66
9 50
8 20
6 40
7 64
11 37
2 49
6 11
2 48
13 35
5 53
3 38
9 87
6 71
13 56
11 22
1 46
2 14
6 69
4 36
3 22
5 47
2 62
10 19
7 80
4 85
2 37
3 45
12 28
8 50
3 79
4 79
5 48
7 77
4 55
2 83
9 62
3 41
10 75
3 54
4 43
6 23
5 33
5 37
1 51
7 45
6 67
8 66
2 44
7 55
5 91
5 64
5 58
4 42
6 41
7 65
3 49
7 40
4 44
2 19
6 54
5 75
3 73
6 66
6 48
3 95
3 11
6 88
6 43
1 63
5 44
3 43
61 171 10
1 52
2 50
2 20
3 34
15 41
4 25
2 6
3 28
5 43
3 12
2 32
3 33
5 1
1 10
2 56
3 2
12 28
10 14
1 36
1 60
4 35
1 38
3 49
1 56
1 23
1 15
4 19
2 33
2 11
1 4
9 42
4 44
1 20
3 45
4 50
1 33
7 49
2 10
4 34
2 21
4 54
5 15
3 5
5 11
1 30
3 50
2 51
8 22
1 7
1 8
5 20
4 16
1 13
4 43
4 46
4 38
5 10
4 58
1 6
10 18
2 14
4 47
5 19
7 26
1 16
1 12
3 30
2 39
2 30
3 38
1 45
3 31
3 61
2 52
1 17
1 43
2 43
2 34
4 27
1 46
1 14
5 17
1 54
1 34
4 51
1 25
2 22
7 16
1 48
1 11
2 5
1 37
8 9
1 28
1 27
3 55
2 19
1 40
1 42
2 18
4 36
5 44
2 59
2 7
2 27
5 57
2 28
1 35
2 1
3 10
3 7
1 53
1 29
2 35
4 6
2 24
2 15
4 18
1 44
1 41
1 9
1 61
7 52
3 14
1 49
4 17
1 24
1 39
2 40
2 16
2 4
1 50
1 47
3 25
3 17
2 48
1 19
1 18
1 57
2 58
1 21
2 36
2 17
1 59
2 38
2 25
1 3
1 51
1 26
2 9
2 12
2 26
1 58
1 31
3 6
3 53
2 13
1 22
3 22
2 29
2 37
2 44
1 55
2 31
2 41
2 23
2 55
2 8
2 45
1 32
2 42
29 133 13
15 7
4 26
12 19
2 7
1 9
6 13
2 4
15 1
4 3
4 14
3 26
6 15
2 26
3 18
3 22
1 7
7 28
5 23
5 12
7 29
7 23
2 18
2 8
8 15
24 25
5 7
3 1
12 1
11 7
5 21
5 4
10 12
10 16
3 19
6 18
6 28
1 2
2 11
13 21
3 7
1 13
6 3
1 11
4 29
3 13
7 4
4 9
8 21
1 16
3 28
4 20
1 14
5 20
9 21
1 29
1 17
1 28
10 6
2 19
3 29
4 16
8 28
2 9
2 15
3 12
7 14
2 3
7 18
2 17
6 16
1 27
3 8
1 24
4 1
1 18
6 7
3 11
5 8
5 19
3 15
3 21
3 16
2 27
1 26
2 12
3 9
4 22
8 9
8 10
16 2
3 5
9 18
5 22
1 5
7 17
4 18
4 8
6 2
4 19
1 21
3 14
3 10
4 6
2 13
3 27
8 16
2 24
4 21
2 14
2 20
4 10
3 17
4 12
1 25
4 23
6 14
4 13
6 11
2 23
1 10
4 15
6 8
1 22
1 19
1 23
2 5
2 21
1 6
1 8
1 20
2 10
2 22
2 25
52 360 37
10 39
3 5
7 38
1 39
4 38
13 33
6 28
6 17
8 41
1 23
30 29
7 41
9 3
1 10
7 5
17 21
3 30
19 13
12 40
4 37
7 10
17 48
6 37
1 43
16 46
1 46
1 34
2 41
1 5
7 29
1 47
21 1
4 15
2 21
2 50
6 47
24 15
9 32
8 14
4 32
1 14
11 36
3 31
8 21
7 47
13 21
8 5
6 43
17 7
3 50
6 22
1 26
5 16
3 4
12 23
3 47
4 33
11 52
2 24
3 28
4 24
5 48
13 38
11 5
14 40
12 46
5 10
6 14
8 50
6 45
5 42
3 17
6 40
27 11
21 51
7 9
15 23
7 27
9 34
7 28
3 32
2 13
7 40
9 47
1 3
4 46
12 31
3 16
2 8
3 27
13 44
5 32
9 16
1 6
6 29
4 52
2 43
8 26
4 25
6 39
10 17
5 35
3 33
2 32
21 36
5 41
12 28
5 25
2 51
1 7
4 20
22 36
1 52
6 50
10 19
16 31
3 12
11 1
5 47
7 24
4 6
4 31
10 23
2 7
3 44
7 8
1 18
6 24
9 38
1 20
12 33
9 8
3 24
9 25
4 49
10 34
8 37
2 31
6 26
4 30
3 42
8 1
7 4
12 16
1 17
1 12
9 2
2 33
9 11
1 48
10 40
1 29
2 42
17 26
3 7
9 40
3 35
6 49
8 19
4 51
7 20
2 17
15 26
2 45
2 28
4 18
6 2
2 27
1 27
4 2
12 29
1 41
1 38
10 49
2 29
8 4
2 12
1 13
3 52
17 41
14 4
6 34
2 30
4 1
6 20
11 18
2 46
5 29
4 40
5 15
3 19
4 44
13 47
8 20
15 25
12 52
2 49
9 22
3 43
1 19
1 37
5 30
17 44
4 21
6 51
9 13
2 19
1 36
5 39
4 12
2 15
10 24
7 25
2 3
1 50
5 50
10 28
1 31
8 44
1 45
2 11
18 12
4 45
5 33
2 38
2 36
5 21
8 10
8 23
1 44
9 33
8 42
5 44
4 13
2 14
11 21
10 20
9 44
11 48
3 34
3 8
5 23
2 34
4 26
5 46
5 4
5 28
6 27
4 19
6 31
4 11
1 16
10 38
2 1
13 25
2 23
4 10
5 24
5 12
7 26
7 43
3 45
11 12
3 49
10 36
3 25
3 36
12 20
6 52
5 49
8 34
7 37
12 49
3 26
7 31
7 12
6 46
2 39
5 14
1 24
6 25
6 15
2 22
2 52
1 49
5 26
1 9
5 36
6 33
1 33
1 28
4 9
9 21
4 28
1 51
1 30
4 34
6 44
3 48
2 47
4 48
1 15
6 48
3 13
10 16
3 39
6 41
5 34
11 45
1 40
2 40
3 29
7 33
8 43
2 35
9 36
3 40
9 12
4 17
4 47
8 51
3 22
3 51
4 41
2 37
5 18
1 25
3 23
7 15
4 16
2 44
5 17
7 48
3 38
3 10
6 10
3 20
6 11
3 14
5 37
1 22
3 46
1 32
2 20
3 15
3 11
2 25
2 18
1 35
2 5
1 42
2 10
4 23
4 35
4 39
2 16
2 48
3 18
3 6
2 26
10 14 10
1 2
1 5
3 5
1 4
1 7
2 8
1 9
2 6
5 6
1 3
1 6
2 3
2 5
1 8
69 657 1
2 49
7 62
15 53
1 49
1 29
3 17
1 41
4 28
4 58
10 34
7 16
3 27
3 50
3 19
11 43
5 27
16 68
8 42
3 38
6 18
13 49
12 61
2 57
4 27
3 16
18 8
3 40
11 49
5 38
7 2
9 14
6 16
20 59
3 45
12 67
19 12
34 63
19 62
19 41
9 8
2 66
16 17
3 9
23 64
4 3
4 63
2 38
8 39
5 7
1 17
6 8
20 34
19 35
2 39
5 34
24 14
1 65
7 60
12 18
29 14
26 11
3 48
50 61
13 35
4 16
5 33
13 1
10 16
23 1
3 67
4 48
56 47
5 23
13 16
10 46
6 23
7 47
4 60
6 54
9 10
4 29
1 12
3 69
22 6
14 4
2 13
8 10
27 11
42 20
14 59
4 62
4 57
1 3
4 34
7 32
3 60
18 52
4 64
2 55
2 27
16 32
8 19
2 18
1 30
12 52
25 12
29 28
7 18
1 21
1 6
20 5
11 6
2 16
9 13
6 5
1 64
2 40
3 34
11 9
1 47
23 62
2 65
26 7
3 22
8 62
8 25
1 50
4 38
12 54
4 17
5 26
8 15
8 13
16 53
16 41
11 1
7 38
3 36
7 65
11 32
7 63
5 14
3 6
7 61
20 31
11 30
1 27
12 41
6 15
20 27
24 31
12 37
4 23
10 60
24 38
5 69
10 29
6 68
13 68
13 56
23 17
19 68
10 30
6 20
4 21
6 64
3 33
24 57
23 34
13 7
8 68
22 59
13 48
10 2
18 55
1 33
1 55
12 69
4 46
1 57
2 12
5 51
49 46
6 67
5 30
2 22
3 21
5 47
9 48
7 33
7 8
4 26
12 7
12 20
4 9
7 66
2 20
1 67
18 59
12 14
12 11
1 39
13 37
5 42
9 33
8 21
1 68
1 54
17 30
1 15
16 21
1 18
17 35
4 43
15 63
9 49
2 6
10 39
7 28
2 52
5 18
2 34
8 2
16 35
3 14
6 56
2 51
4 22
8 3
7 29
3 13
6 12
26 53
16 36
13 23
14 56
7 53
1 19
2 11
4 55
26 32
4 10
1 14
2 21
5 49
7 11
1 35
12 35
12 8
2 35
25 5
4 40
3 18
3 63
6 29
12 9
13 21
10 1
3 11
5 57
5 32
12 42
15 17
12 10
3 30
2 14
2 45
10 6
8 40
1 46
13 60
26 22
8 32
3 5
5 54
2 54
5 56
17 40
5 44
7 50
5 35
18 23
7 23
8 60
8 38
1 20
15 14
7 3
17 59
8 45
1 60
2 3
8 23
6 44
11 21
6 47
5 19
4 69
6 7
3 12
13 32
7 46
24 54
20 11
9 35
6 9
5 15
28 62
9 19
20 8
1 28
6 14
4 50
9 30
1 45
2 44
4 19
11 58
5 55
9 18
3 57
9 63
3 43
4 5
6 35
6 21
7 44
15 43
6 13
1 24
23 35
2 46
27 60
9 26
1 59
11 23
8 43
35 31
28 66
2 67
8 31
9 60
1 43
1 31
16 58
5 13
4 36
19 7
5 22
6 59
17 29
19 49
7 4
15 9
17 56
2 25
7 68
4 15
13 40
21 31
4 44
11 68
5 43
3 56
6 27
5 1
12 22
3 20
12 27
1 52
1 26
12 15
1 51
5 65
15 11
4 13
10 52
7 58
5 66
10 5
15 46
2 33
8 29
16 31
14 31
1 32
5 9
13 11
13 33
33 30
11 57
15 65
12 5
2 63
2 36
9 40
6 41
13 38
15 20
15 60
7 69
10 23
8 58
6 33
3 49
2 24
8 49
6 53
8 57
10 36
2 53
11 39
8 5
5 60
10 35
7 54
11 64
9 43
13 12
11 4
6 63
20 65
2 26
4 53
6 48
2 31
4 65
4 56
23 49
5 40
13 41
9 32
4 68
27 54
3 47
3 58
2 47
15 19
9 50
1 8
6 60
2 58
21 28
10 47
15 59
18 10
7 17
8 11
7 14
11 62
4 20
3 41
17 62
1 56
1 16
7 34
4 37
7 49
3 32
6 55
7 27
9 41
4 45
3 31
7 57
7 43
14 38
1 44
3 10
2 50
11 33
3 52
14 30
3 61
2 61
2 43
20 32
4 33
4 49
1 36
2 32
10 63
1 69
16 19
6 30
5 45
4 61
5 64
12 46
6 24
2 56
6 4
5 53
10 22
5 31
4 1
9 21
7 45
4 35
2 28
3 68
2 17
16 62
10 57
12 4
7 55
5 59
1 61
8 59
2 5
7 59
6 43
11 47
2 68
2 23
8 17
9 66
3 28
14 64
5 37
16 48
11 22
4 67
4 51
8 56
1 63
10 7
17 26
9 23
12 62
4 31
7 30
2 48
6 38
5 21
2 64
8 66
4 54
8 63
8 47
5 41
11 34
8 16
1 53
9 58
2 42
6 61
5 16
8 27
2 59
9 22
2 41
3 59
1 22
1 37
1 58
8 22
1 25
8 69
6 19
4 52
11 53
11 51
7 21
2 62
11 10
4 47
2 29
2 60
2 19
3 26
10 44
5 46
8 44
7 20
3 64
16 25
5 24
8 52
6 39
2 9
3 66
4 2
1 66
2 69
5 62
6 52
3 65
6 32
3 29
9 36
4 32
6 26
2 1
6 58
8 35
1 9
7 64
5 58
13 65
7 41
7 31
6 34
1 40
5 11
6 36
3 44
3 53
5 39
9 28
3 23
10 55
4 39
3 42
5 50
9 54
3 54
2 37
6 17
5 36
3 46
5 28
1 7
8 46
3 37
1 48
6 25
6 50
7 51
3 39
4 18
9 65
5 68
4 24
4 25
9 44
1 34
3 15
3 62
5 29
3 25
6 31
1 42
3 51
2 30
3 55
4 8
5 48
1 38
6 40
3 35
1 62
2 15
4 30
4 42
5 52
3 24
40 175 22
2 13
16 2
10 24
10 20
1 6
3 24
6 29
2 28
1 27
2 10
2 40
7 25
12 7
5 26
10 27
1 10
1 31
18 39
5 38
1 30
2 39
1 23
5 7
1 8
10 28
3 25
5 9
7 16
1 34
2 24
1 11
9 38
1 38
11 13
11 16
7 8
3 23
15 1
6 25
5 32
5 11
1 36
4 32
1 21
2 18
2 17
4 20
3 19
5 14
8 17
1 17
1 7
6 27
14 7
4 9
2 22
7 3
3 40
3 29
2 7
1 40
2 37
1 24
2 12
14 11
1 20
10 3
6 3
6 16
7 34
8 11
3 14
7 38
3 32
11 2
2 35
2 1
1 32
7 36
10 13
1 37
6 7
7 21
1 28
2 19
2 34
9 34
4 11
3 26
3 17
5 8
6 30
1 16
6 32
5 19
10 16
7 26
1 29
1 18
2 26
1 26
2 32
1 39
4 3
2 4
8 10
4 26
3 2
2 38
9 10
6 40
1 5
3 20
3 22
5 3
5 17
1 14
7 20
9 17
5 36
6 22
2 15
8 38
3 21
2 29
1 35
8 22
1 13
4 8
4 6
1 33
6 24
2 27
5 25
2 31
3 37
2 23
3 33
2 36
3 27
3 28
2 20
4 38
3 11
4 19
2 5
1 22
8 25
5 30
3 15
8 31
1 9
2 8
2 21
2 30
2 9
1 3
2 14
3 12
1 19
3 18
4 10
4 40
4 22
3 16
1 25
3 34
4 39
4 1
1 12
2 25
3 8
2 6
2 33
3 9
86 877 86
4 85
1 47
2 74
41 38
18 79
12 62
17 11
2 36
4 9
2 41
33 21
19 45
13 33
14 85
3 21
6 57
5 29
28 77
29 53
4 66
1 20
33 16
2 32
3 29
11 10
35 29
18 17
4 24
15 73
10 6
4 8
17 43
6 53
27 64
7 60
5 21
11 86
8 12
16 42
31 24
17 79
36 6
3 67
12 68
1 14
15 69
4 29
10 62
10 49
6 16
6 13
7 52
12 71
3 16
4 58
1 39
21 10
17 86
32 47
1 82
18 46
15 75
4 10
3 23
21 40
1 18
2 5
23 49
8 79
1 35
5 74
7 78
3 10
1 29
9 16
9 14
6 21
4 32
1 45
6 83
2 40
18 11
9 83
1 51
1 2
13 40
2 20
14 49
1 38
19 6
6 33
6 68
3 86
19 31
10 14
8 75
3 50
2 62
4 22
14 44
5 18
2 31
7 40
25 16
4 73
6 18
12 81
11 79
3 15
9 72
10 60
3 85
3 69
6 26
1 33
2 75
1 12
20 70
2 22
2 67
1 62
2 25
14 55
6 76
2 34
7 23
1 40
4 17
9 67
10 83
2 43
13 39
44 42
7 32
1 65
8 49
9 37
2 30
5 41
2 33
27 28
10 23
1 23
1 15
24 71
9 24
1 79
23 57
4 6
1 9
9 47
2 37
2 19
2 4
9 3
1 43
8 47
11 51
6 2
14 27
2 8
9 53
1 27
11 2
10 22
14 22
8 30
17 53
11 43
1 56
10 30
19 73
24 22
12 14
13 18
2 61
19 28
1 85
7 55
6 79
5 64
12 40
4 34
9 75
9 68
3 53
7 29
10 39
5 52
5 83
27 35
7 47
7 25
28 82
21 35
2 77
2 23
2 39
13 53
9 46
9 64
3 47
7 70
24 86
16 2
4 13
2 78
3 45
5 39
1 22
2 29
5 50
1 13
14 71
8 27
16 43
15 16
14 79
7 74
15 68
3 84
25 37
9 66
4 70
1 77
10 67
1 17
2 54
4 63
7 68
14 25
2 48
2 70
13 84
38 71
23 28
16 37
19 47
8 73
5 67
20 49
1 10
13 5
2 47
12 59
15 18
29 13
14 13
27 85
17 39
10 15
5 75
14 8
3 36
6 86
2 76
19 80
23 15
4 56
39 73
7 9
5 11
1 46
9 43
5 78
4 60
18 38
8 25
4 35
11 4
17 48
28 55
3 41
4 72
6 42
4 55
8 40
14 16
3 1
7 6
18 81
8 36
7 85
5 3
6 24
5 9
13 49
1 49
5 43
8 67
9 8
2 59
1 86
17 2
2 49
13 67
30 53
21 29
14 63
6 3
4 3
4 77
6 58
2 42
8 63
6 11
6 64
2 50
9 2
2 14
10 29
5 32
10 59
7 16
3 77
6 9
24 36
11 50
13 25
4 69
4 20
5 71
5 35
3 54
14 81
2 46
7 48
4 7
9 84
17 63
3 14
9 60
9 76
6 82
6 85
1 6
11 14
4 15
4 49
12 54
7 79
27 54
3 42
2 83
4 19
1 11
5 45
5 77
1 19
12 50
2 24
10 72
9 11
2 86
3 48
10 76
6 61
10 69
5 10
9 30
6 22
6 62
6 69
6 8
13 76
3 46
14 53
8 59
17 69
3 58
3 75
15 14
9 77
22 52
15 59
20 10
12 57
5 61
2 71
4 75
5 53
9 85
14 86
4 30
15 49
5 23
5 17
3 43
12 75
5 1
5 55
2 10
3 2
12 42
3 73
17 27
4 38
5 73
1 58
10 77
4 81
9 10
20 15
4 41
3 66
10 65
8 34
12 69
1 52
8 80
6 47
8 3
5 31
11 77
6 56
3 39
9 63
17 15
1 54
3 27
17 58
9 82
5 80
13 44
17 74
1 21
13 10
41 64
7 67
12 67
2 68
9 49
2 26
4 44
6 51
11 54
6 27
11 20
3 72
6 29
10 19
4 51
17 42
9 25
5 6
12 20
5 37
5 12
1 60
3 76
2 65
4 68
18 31
6 34
2 81
11 47
7 26
7 64
6 60
2 85
13 58
12 46
8 57
5 81
4 21
15 11
30 37
4 78
6 80
1 73
4 12
4 67
5 44
7 50
5 54
13 75
1 7
13 71
1 41
2 56
9 22
25 78
9 50
16 59
4 27
7 8
1 57
8 16
17 24
15 41
4 18
1 61
13 31
6 77
1 32
4 50
5 8
4 36
8 58
5 15
1 64
10 80
14 58
3 35
4 80
10 35
3 20
29 82
17 34
1 72
3 22
8 23
1 24
4 47
7 53
7 14
10 82
1 76
6 39
11 41
7 42
8 65
10 37
22 83
8 44
8 68
4 62
11 66
8 10
4 45
9 55
9 56
1 84
11 24
6 65
4 26
13 79
11 30
18 34
1 80
13 8
12 16
6 70
6 84
7 3
4 43
3 71
13 80
9 52
17 3
23 14
3 33
17 12
8 41
8 11
25 67
5 47
3 34
1 69
18 20
8 72
6 73
8 61
11 19
3 51
7 34
4 5
6 35
10 42
2 53
14 39
6 28
8 69
8 66
10 81
5 72
11 35
1 78
11 72
9 27
13 43
8 38
6 67
7 57
8 20
15 6
9 33
7 86
13 60
6 46
12 85
3 44
9 36
7 84
19 23
11 39
3 13
11 21
5 25
10 34
19 49
3 81
9 59
3 78
10 12
6 63
4 37
6 71
1 66
13 34
2 66
8 24
4 39
11 23
1 31
3 26
10 47
10 86
3 40
9 35
16 28
1 48
5 46
7 43
12 58
5 58
14 83
2 73
22 46
11 68
2 28
14 20
7 5
11 73
9 23
6 23
7 30
7 41
6 37
3 61
4 1
11 65
1 67
14 61
9 45
5 26
16 83
1 36
9 58
19 58
14 48
3 64
1 59
4 52
4 86
2 13
2 80
2 38
3 31
8 77
4 61
11 26
3 11
5 66
7 80
11 33
16 46
7 27
3 32
6 50
2 21
1 50
7 83
7 49
2 84
7 71
7 69
1 71
18 62
7 17
5 36
5 84
11 59
4 31
1 28
3 83
5 49
12 72
2 79
2 55
8 56
5 51
1 75
4 59
1 83
11 12
11 53
2 57
12 77
13 24
1 30
1 26
12 74
12 38
6 20
1 81
17 19
12 18
12 7
11 40
3 57
10 70
2 27
3 65
14 54
5 33
22 28
2 45
5 27
7 28
11 52
8 17
5 16
5 57
10 25
10 36
9 29
8 45
7 61
5 28
12 47
13 30
4 76
16 47
4 14
1 55
4 28
13 81
5 30
15 52
8 81
11 27
8 55
7 36
4 25
5 38
4 83
7 72
6 49
12 30
7 37
4 33
6 43
11 69
9 54
4 16
15 30
4 65
7 13
10 24
5 48
5 85
2 52
11 67
2 12
5 22
2 15
1 16
12 80
4 82
10 55
1 53
7 24
3 37
6 38
10 56
4 23
9 26
8 22
6 31
6 30
1 74
9 44
1 34
5 59
9 21
8 1
5 24
9 42
1 25
5 65
9 61
9 38
13 48
5 60
11 28
1 70
3 24
6 48
9 71
2 72
7 62
3 59
6 81
14 70
3 49
5 20
8 26
9 31
5 40
3 62
7 54
7 75
2 44
10 7
1 44
1 37
8 70
2 64
4 64
7 56
1 42
3 19
3 28
3 38
8 86
7 73
4 53
7 77
7 46
2 18
10 57
5 69
9 32
2 82
3 30
4 71
4 54
4 46
4 57
5 63
7 44
7 38
5 68
1 68
3 18
4 40
4 84
8 31
1 63
5 86
9 39
6 25
3 63
2 35
6 54
2 60
2 69
3 56
5 82
3 80
2 63
4 48
4 42
4 79
3 70
6 17
6 32
3 12
3 79
2 58
2 7
3 55
5 34
3 25
3 74
2 51
35 181 14
1 26
19 25
1 14
11 3
5 11
7 16
1 19
17 5
6 17
6 7
5 35
11 29
1 21
3 33
6 34
11 31
3 10
4 23
4 24
6 26
15 32
1 20
7 31
7 8
1 2
1 8
1 13
9 22
5 33
2 29
2 32
8 15
2 6
14 23
2 34
2 19
5 24
2 33
6 9
3 30
4 15
3 26
1 16
7 13
6 14
2 31
6 4
10 14
11 22
11 18
6 23
3 22
12 31
5 16
6 10
6 19
5 26
11 2
22 32
3 9
5 4
1 33
3 14
7 20
3 34
3 21
2 23
3 4
9 17
2 15
4 26
1 3
3 13
3 16
6 12
5 14
12 28
3 32
1 4
9 25
3 29
9 13
7 21
2 20
6 3
1 12
2 7
5 19
2 21
1 10
4 17
2 17
15 10
6 31
3 8
2 30
2 28
6 30
4 18
4 7
5 30
5 12
12 32
4 10
20 16
10 35
1 28
1 32
2 10
8 21
2 16
3 24
9 5
3 19
2 3
5 21
4 13
1 22
3 25
1 18
10 28
8 18
2 27
3 20
12 29
4 16
4 28
1 31
4 14
1 25
1 11
3 12
4 19
4 31
1 6
2 13
4 30
2 24
4 21
1 17
5 7
6 16
7 3
6 28
1 30
10 31
3 5
5 1
2 4
1 7
3 17
5 6
1 29
1 24
3 27
1 27
2 35
4 27
2 8
2 18
5 31
5 15
3 18
2 12
4 9
4 8
3 28
1 15
1 34
2 5
4 11
2 14
1 9
2 9
4 33
3 23
2 26
2 22
1 23
3 31
1 35
15 2 10
1 2
1 3
28 27 28
1 3
3 5
1 11
1 26
2 6
1 6
4 8
1 19
3 25
1 2
1 8
2 10
1 17
1 10
2 5
1 20
1 13
1 7
1 12
1 4
1 15
1 14
1 16
1 5
1 9
1 18
1 21
31 19 13
1 13
1 5
1 12
1 19
1 20
1 28
1 10
1 22
1 6
1 4
1 11
1 17
1 23
1 9
1 15
1 7
1 3
1 14
1 2
25 50 2
4 23
4 1
1 10
1 9
5 9
2 13
3 7
4 6
1 22
1 15
4 14
5 18
4 25
1 12
1 11
2 21
6 17
2 3
1 20
1 19
2 20
1 25
2 8
7 11
1 18
1 16
1 21
2 19
1 17
1 8
1 23
4 17
4 20
2 15
2 5
1 3
3 4
2 17
1 5
1 24
2 9
2 6
2 1
3 5
1 6
1 14
1 7
1 13
2 4
2 7
42 219 23
1 38
10 33
20 14
6 7
4 32
1 21
7 22
3 24
1 6
15 24
9 29
5 12
12 21
8 22
1 15
8 35
2 4
7 16
7 17
4 15
1 26
6 20
4 20
8 20
10 26
8 3
1 10
2 40
4 24
4 42
3 13
3 42
1 37
3 25
5 18
4 7
1 16
1 29
6 42
4 30
3 29
5 19
4 17
15 31
2 33
6 13
8 37
1 33
14 32
1 4
4 11
7 3
1 31
3 5
1 14
6 12
6 30
17 42
2 27
5 15
4 14
3 31
1 13
2 1
7 5
1 12
15 39
5 33
2 26
1 23
1 19
4 10
2 20
4 41
17 19
3 12
7 39
2 7
7 37
5 13
2 22
1 42
1 39
13 15
5 41
3 10
2 5
3 6
6 37
9 10
2 10
16 29
1 41
2 21
2 31
2 9
2 11
5 21
3 17
5 27
5 28
2 16
2 15
6 22
3 1
4 25
1 20
7 27
3 40
21 23
2 38
6 17
10 24
1 40
1 30
2 18
3 32
2 8
3 30
4 8
8 31
5 37
14 36
6 11
11 27
1 24
2 14
3 37
4 19
2 6
1 35
5 11
6 21
4 39
3 41
3 38
2 39
5 24
5 17
7 25
8 6
1 22
6 4
8 19
1 25
2 36
4 33
7 41
2 30
4 36
4 12
5 34
2 37
1 32
2 3
8 13
2 32
2 23
5 4
1 27
8 38
8 7
3 21
3 14
6 41
3 15
1 9
2 29
5 25
2 12
3 16
4 18
4 27
1 36
1 18
5 38
2 25
1 5
3 23
3 26
5 40
8 27
3 33
7 11
1 8
4 37
6 26
2 35
3 34
5 6
3 35
2 28
4 16
4 26
1 17
6 38
3 19
2 19
2 42
1 28
3 20
3 22
2 24
1 11
2 34
1 7
4 3
3 9
5 14
5 20
4 21
1 34
3 27
2 17
3 18
2 41
3 28
3 11
2 13
39 153 16
3 2
10 15
1 15
4 16
6 9
8 9
4 25
10 39
6 39
1 14
1 13
2 31
2 16
1 25
1 12
6 24
2 9
3 30
2 30
3 6
2 33
3 15
2 34
3 34
3 38
5 3
1 24
8 12
6 13
1 3
2 20
9 35
2 24
3 20
2 18
3 12
5 29
1 6
9 27
7 25
1 8
3 35
1 27
4 8
6 5
14 28
3 37
2 1
5 22
11 13
1 29
1 31
9 3
1 30
2 32
8 37
4 17
2 36
3 14
3 26
6 22
6 31
3 13
2 23
2 13
2 19
6 36
1 28
7 17
2 5
1 32
3 33
3 17
2 17
4 7
10 5
1 16
1 11
2 4
2 15
2 10
4 26
1 7
2 14
2 7
2 28
1 19
3 11
3 22
4 3
3 29
1 33
1 4
1 35
5 24
1 5
4 15
3 25
15 32
3 28
4 24
3 24
9 5
1 10
4 28
3 23
4 33
2 6
4 34
8 21
3 21
4 29
2 8
4 18
4 19
2 11
1 18
3 8
1 17
1 37
2 22
1 39
3 7
3 10
3 31
2 29
1 9
2 35
3 32
4 12
3 36
4 20
1 38
4 10
7 6
4 5
1 23
1 36
3 18
3 19
4 31
5 15
1 26
1 20
1 21
1 34
2 21
2 37
2 38
2 26
2 12
1 22
2 25
0 0 0
