1:1200 1:250 3
5 10 2
20 50 20
100 100 5
1:1000 1:1000 2
200 150 90
20 2 7
1:912 1:660 12
734 550 38
838 716 67
494 924 50
476 33 55
390 658 46
731 995 86
227 174 38
297 817 21
332 380 76
885 866 91
377 340 65
803 154 86
1:825 1:855 78
894 478 82
46 304 26
125 404 66
918 940 30
261 165 6
447 334 37
305 185 79
529 766 52
367 726 15
17 569 13
674 740 77
394 594 98
90 193 60
229 879 83
126 575 37
763 897 51
697 217 20
376 205 20
623 251 90
127 631 8
932 693 33
508 10 93
499 388 16
489 646 82
491 71 75
346 506 12
823 27 98
305 686 82
684 687 73
667 904 20
934 986 56
818 945 38
609 984 65
446 963 29
656 699 53
575 495 30
432 151 11
841 844 91
713 567 34
634 136 5
421 192 12
188 293 10
488 415 90
770 614 50
290 560 99
965 526 38
305 288 63
591 992 69
109 224 96
72 539 5
640 56 12
344 590 98
681 326 24
915 706 67
648 734 33
626 533 88
353 887 21
835 544 40
634 308 98
986 169 49
418 351 25
213 752 35
651 456 43
825 509 79
722 281 30
612 735 44
144 415 25
197 484 45
193 919 56
501 265 68
959 909 19
644 719 68
723 227 70
738 915 4
334 734 11
676 391 92
344 547 30
260 223 7
1:954 1:745 28
332 444 29
204 725 27
607 629 61
664 535 42
265 791 53
43 460 72
155 107 29
404 558 94
159 621 18
193 173 49
415 445 92
12 991 95
361 878 49
698 845 72
763 780 9
114 899 23
491 873 34
502 912 46
246 280 70
517 949 30
752 90 34
258 108 29
774 920 26
550 564 38
400 327 55
755 817 62
775 787 67
833 246 26
1:797 1:695 35
813 67 77
282 929 50
563 784 87
310 578 96
96 496 9
630 85 39
287 154 7
707 737 19
526 55 63
482 154 70
69 777 37
455 488 71
195 879 22
762 814 94
490 904 85
551 115 33
975 593 57
890 555 33
311 886 83
145 881 69
541 929 92
579 95 53
443 500 78
644 963 7
504 845 79
436 70 82
539 185 85
715 366 19
541 902 69
240 479 82
632 573 23
697 314 76
871 202 31
775 680 30
979 465 52
1:321 1:443 53
733 216 99
238 199 53
776 652 23
973 930 10
415 631 6
172 405 87
16 954 10
94 668 64
954 532 10
479 564 56
80 112 94
43 21 50
288 533 48
724 523 88
813 250 90
474 358 94
456 853 45
387 286 95
501 708 94
791 403 90
734 212 72
34 413 6
60 398 69
751 82 33
251 47 93
719 103 73
853 957 41
9 559 16
668 961 25
605 884 66
140 561 38
65 92 54
138 569 8
598 119 77
350 724 20
444 13 94
425 57 39
831 959 38
514 369 88
301 828 67
867 89 44
53 925 3
56 179 79
536 449 63
238 924 30
622 586 38
574 312 42
633 413 60
418 992 53
189 646 39
72 162 68
965 956 75
965 910 80
1:217 1:510 80
774 533 10
866 47 62
429 507 76
132 797 90
101 491 38
671 964 75
830 504 32
898 882 36
521 709 6
302 834 55
670 439 43
736 854 52
431 890 61
977 89 50
205 256 81
524 699 97
78 794 80
988 36 24
360 80 96
558 732 15
695 237 63
675 916 32
650 726 51
434 450 93
901 37 90
971 375 81
434 892 69
44 827 33
778 607 46
854 447 20
583 494 47
497 995 21
907 662 74
89 496 85
189 721 95
179 736 99
961 828 33
764 100 47
540 122 96
680 883 97
705 777 52
669 14 37
673 107 94
980 781 94
851 478 52
173 467 45
700 619 24
47 498 51
928 687 24
752 80 86
991 409 7
452 725 42
610 803 18
583 800 34
594 271 13
177 716 29
272 221 38
415 647 80
9 597 22
4 105 18
20 631 80
362 620 77
713 144 29
501 228 53
881 723 42
81 70 6
603 472 19
157 994 70
938 155 12
162 913 55
956 377 82
776 202 81
573 432 50
923 507 9
14 527 7
879 317 89
603 661 78
56 602 25
989 784 6
765 642 15
1:964 1:114 19
534 952 51
242 80 87
981 504 77
513 621 14
808 988 33
7 927 68
160 46 38
125 911 10
786 89 29
677 873 89
507 153 20
301 260 52
553 993 83
598 874 49
338 7 31
96 57 56
177 625 9
573 830 41
18 84 95
1:145 1:20 36
457 743 65
83 178 67
341 186 55
375 792 38
934 408 66
629 816 4
631 641 60
970 311 37
403 248 56
517 265 72
761 275 81
938 82 13
796 690 5
19 356 52
377 668 51
533 901 50
48 870 92
549 614 68
237 854 77
274 367 78
326 598 30
930 256 33
165 532 50
522 401 72
238 625 42
446 76 71
873 750 21
625 59 21
170 476 37
367 765 4
845 375 41
897 450 71
291 43 30
522 68 89
960 504 98
471 872 16
1:146 1:121 45
880 190 11
102 117 38
893 128 75
690 787 81
819 784 26
6 779 12
735 614 13
37 136 40
33 580 65
481 141 50
251 294 7
50 437 50
773 881 26
633 567 11
789 612 73
191 901 38
798 300 11
660 626 23
687 993 74
156 825 69
178 296 70
131 683 51
222 103 46
308 186 70
395 489 46
992 799 22
128 201 47
250 550 17
529 669 80
748 594 50
276 919 53
4 301 34
734 727 62
46 768 72
67 567 8
383 257 79
560 70 30
616 702 79
118 608 51
252 699 14
150 596 6
814 378 67
611 511 83
744 545 5
77 893 66
1:369 1:701 6
230 407 39
853 837 91
372 626 90
362 62 95
191 323 99
978 598 72
1:596 1:647 27
451 802 5
471 653 92
210 290 91
439 819 19
78 985 34
581 118 81
864 781 45
522 10 83
304 316 16
575 508 77
676 304 73
991 953 47
552 837 70
275 894 16
848 815 17
442 507 95
205 101 71
762 212 11
513 787 51
803 144 31
210 311 11
181 914 80
665 959 7
890 783 43
936 88 6
208 826 71
462 938 9
1:840 1:343 28
875 446 18
211 68 70
973 639 63
767 220 92
548 229 61
666 114 69
112 298 48
485 649 54
584 534 49
908 461 81
509 362 10
60 124 3
988 941 23
74 34 29
798 444 62
432 973 3
525 794 45
624 770 6
467 91 54
139 577 20
855 309 99
642 168 93
789 418 63
288 639 18
133 678 96
679 701 74
907 334 93
237 345 27
1:356 1:169 61
380 240 81
53 575 56
716 245 28
351 787 62
276 45 78
739 888 94
722 233 99
769 654 79
502 625 82
502 558 9
328 349 5
141 791 33
128 49 49
690 237 77
414 393 35
234 177 37
879 734 26
230 213 74
39 669 67
445 606 38
348 880 27
297 444 23
202 96 33
804 521 13
780 47 64
580 33 60
783 532 86
502 983 75
380 916 65
708 794 46
417 207 33
112 988 32
748 929 63
437 560 58
225 759 42
4 13 46
959 923 58
882 186 79
564 369 69
897 593 55
151 698 63
576 254 87
366 881 90
901 472 76
562 635 91
255 316 73
114 172 30
767 661 25
203 364 47
259 12 49
266 758 81
194 935 52
354 886 87
632 398 16
690 638 89
887 950 29
746 635 59
465 825 16
173 238 46
386 58 44
480 516 72
1:912 1:371 5
215 501 72
964 364 76
962 741 36
524 352 37
813 897 32
1:436 1:151 28
681 496 7
876 944 69
415 665 37
450 531 74
939 922 7
513 82 59
878 777 80
19 492 17
789 897 42
5 253 64
507 817 87
158 269 43
248 800 8
400 541 91
124 899 46
542 144 38
483 991 94
318 642 18
476 688 66
122 874 15
710 456 18
832 17 43
311 841 89
923 426 43
712 331 57
297 302 27
477 20 91
75 724 12
1:303 1:702 34
877 692 61
287 677 29
398 574 79
594 54 46
273 520 56
752 285 27
647 94 9
428 559 46
89 446 80
616 334 4
461 892 68
316 858 19
759 575 24
982 894 25
92 887 71
348 468 76
219 891 70
649 96 98
464 939 65
968 226 85
642 552 93
45 745 6
332 830 83
466 748 43
757 398 85
821 719 44
100 404 22
492 118 50
409 461 37
436 627 80
215 246 21
106 656 58
27 630 93
769 278 89
1:518 1:556 92
551 226 12
488 590 13
280 297 9
31 409 89
522 23 54
143 404 89
376 189 78
45 902 31
243 426 87
87 653 28
765 130 63
964 593 12
833 184 10
557 989 48
863 799 30
838 317 92
942 594 66
12 482 47
809 639 76
177 206 51
122 331 15
585 734 66
735 722 47
880 371 94
37 245 31
168 139 58
905 758 46
933 738 97
897 101 78
688 873 81
699 423 11
645 941 47
745 887 61
230 54 42
56 834 26
874 971 39
454 208 76
154 772 44
763 892 87
573 487 95
328 324 12
85 895 64
233 744 94
367 209 37
144 618 33
77 899 99
278 782 91
511 903 56
139 400 5
540 203 25
327 974 84
392 68 92
297 933 17
167 830 71
396 113 54
365 206 24
958 301 94
831 130 94
539 246 91
137 171 42
861 364 98
84 978 54
769 710 16
158 241 67
746 752 25
705 618 30
823 41 45
586 487 94
236 604 71
236 435 63
56 853 97
633 696 86
592 253 90
297 669 10
915 226 71
418 252 44
447 531 44
204 930 70
872 470 36
848 277 58
859 757 80
769 671 53
446 663 49
765 175 50
322 746 40
803 785 78
438 403 33
529 28 68
492 782 58
500 310 41
511 663 84
46 285 60
1:113 1:764 84
484 971 49
779 61 49
309 409 77
329 143 91
31 569 13
272 273 79
240 864 26
537 807 79
349 573 47
557 503 54
397 626 81
430 98 42
676 891 21
810 456 80
122 394 13
410 269 39
843 161 73
860 376 4
309 806 21
489 610 69
522 624 95
377 916 41
887 561 84
275 436 71
624 473 5
912 386 61
748 197 12
740 263 53
643 285 58
261 362 61
601 614 25
192 233 35
189 695 16
996 555 48
235 696 22
589 889 78
202 775 9
481 440 34
968 646 27
477 261 63
44 332 11
313 726 84
179 944 52
485 148 86
9 237 30
251 841 79
126 843 58
572 383 40
703 642 77
140 452 88
524 670 69
256 392 50
985 598 15
25 338 65
182 71 13
24 597 46
989 867 85
45 842 12
264 298 27
122 862 33
728 527 76
554 882 52
899 496 97
610 4 60
75 707 5
96 627 41
427 642 56
296 203 13
819 999 42
539 376 81
70 592 46
70 506 56
304 405 64
184 844 25
457 145 68
478 701 22
274 900 14
425 912 24
160 921 30
421 955 92
617 810 83
408 973 65
939 299 91
95 184 92
1:500 1:559 64
10 18 88
601 244 4
879 129 75
676 832 7
914 556 33
408 372 39
276 316 70
540 814 53
265 853 84
732 917 91
713 233 88
791 231 35
593 629 95
527 467 59
745 92 12
607 105 51
999 664 84
841 800 17
353 339 33
597 281 62
163 306 46
309 361 46
467 341 84
693 94 72
574 143 94
881 666 17
867 704 81
478 22 4
878 353 14
862 436 74
549 77 70
566 962 76
969 402 14
395 172 43
596 806 15
643 962 42
998 786 35
121 916 95
615 661 15
484 258 19
703 156 46
504 589 36
143 795 72
864 98 47
991 751 39
163 379 7
419 324 89
886 119 90
623 957 24
469 874 96
398 126 21
914 182 3
742 373 86
863 367 13
388 381 16
939 869 57
55 577 99
409 188 96
521 572 43
838 944 4
864 26 49
947 844 83
322 360 58
233 858 16
1:757 1:947 59
415 235 4
970 462 16
903 781 11
511 372 85
449 579 68
564 978 98
584 198 87
773 999 65
20 731 92
513 560 65
330 975 9
522 553 69
307 299 32
355 389 58
193 94 99
521 523 75
977 407 31
7 36 20
225 325 72
168 633 96
509 234 38
144 753 83
247 350 21
733 341 54
361 716 16
29 550 17
231 103 14
408 723 19
878 745 60
747 473 62
692 655 10
477 867 47
606 374 7
350 460 95
983 996 60
834 635 17
323 57 74
318 648 94
907 907 87
677 520 44
109 987 98
359 725 61
59 31 58
583 610 30
139 810 70
329 306 82
72 702 12
14 614 22
789 621 12
608 879 14
269 671 58
302 834 40
890 619 47
196 295 55
575 943 86
827 959 3
31 522 42
667 983 47
39 256 11
1:339 1:382 3
595 898 63
39 555 14
936 151 79
1:530 1:455 82
379 477 66
520 334 77
43 997 45
207 248 76
546 917 6
524 194 4
357 381 21
782 924 71
665 488 59
847 198 78
944 638 85
248 340 41
862 988 62
969 908 6
117 967 3
352 957 96
352 771 60
198 302 17
757 537 52
612 655 16
104 279 78
147 140 79
901 753 4
504 119 6
182 64 84
112 99 91
539 710 11
161 299 70
268 748 73
666 210 75
945 662 15
173 46 93
599 836 11
166 181 74
24 82 45
472 7 5
736 518 95
260 771 52
208 934 93
145 722 43
302 367 11
868 259 12
118 877 3
777 818 30
251 117 35
793 406 47
89 283 25
592 401 12
690 588 32
563 687 33
917 362 54
752 694 46
244 89 15
934 950 81
231 520 78
36 448 61
978 133 32
220 579 89
384 926 99
464 945 93
600 662 55
293 755 67
709 542 95
71 562 66
690 181 38
266 754 38
18 901 49
221 678 50
24 613 64
479 576 26
31 117 52
307 517 39
91 783 14
560 704 43
565 633 82
994 17 59
932 820 43
182 85 94
600 675 3
327 560 24
824 269 29
683 323 3
1:989 1:900 56
161 277 46
369 515 65
469 376 62
390 870 89
174 973 71
431 792 19
675 480 81
137 592 96
290 591 18
542 783 85
845 686 77
240 784 20
926 479 14
678 102 39
282 543 28
116 784 94
208 212 56
808 65 15
546 442 66
905 91 45
89 419 70
23 270 4
881 285 33
796 460 16
105 454 63
616 569 68
370 402 27
217 31 38
683 859 74
105 171 37
297 493 90
522 678 55
921 38 11
699 936 92
91 4 70
559 553 37
839 712 66
284 953 8
311 618 42
804 2 59
125 337 12
894 646 96
356 64 49
739 129 19
669 804 97
30 949 37
953 107 72
453 924 60
266 892 4
298 581 84
119 474 96
468 442 3
869 260 59
565 912 68
66 496 6
902 517 30
1:590 1:388 78
728 235 94
399 670 97
574 5 70
967 895 17
182 48 13
77 923 82
59 208 68
200 107 27
687 731 30
705 104 5
132 187 87
46 918 96
230 543 94
613 203 38
105 901 94
846 861 72
533 735 81
165 678 81
326 150 36
805 372 3
856 793 3
545 61 63
869 987 35
179 986 15
853 883 59
669 103 46
240 907 64
94 859 67
41 987 40
883 347 32
325 707 47
680 768 17
438 459 52
736 13 37
901 336 57
449 638 56
686 667 52
883 742 36
737 789 31
932 944 26
874 338 61
77 305 64
637 783 32
566 262 27
442 414 31
805 606 34
818 540 6
93 698 43
642 39 6
343 33 98
9 513 74
796 491 56
376 62 22
488 317 40
871 725 34
141 212 99
25 798 25
263 493 79
686 633 33
807 987 81
986 529 6
36 918 68
253 548 49
663 928 37
533 545 54
194 15 76
17 516 8
569 852 16
980 522 17
945 105 6
284 986 53
989 131 26
612 85 41
108 69 35
787 786 91
408 654 42
315 734 44
229 592 13
1:331 1:52 51
662 653 25
355 529 51
696 639 37
230 207 40
153 572 59
401 138 30
243 315 53
975 873 17
746 691 4
493 871 88
841 493 54
238 15 15
881 601 33
798 460 37
554 677 64
719 577 86
653 166 22
237 698 57
954 783 80
827 751 91
422 464 3
63 579 59
230 218 9
908 773 22
147 562 25
805 423 99
415 756 95
245 984 42
244 124 76
750 790 72
62 253 25
270 276 11
147 426 76
275 102 15
647 488 63
449 51 43
92 880 77
627 873 71
670 719 96
925 960 57
9 201 43
597 706 73
441 827 95
232 965 86
37 439 39
10 448 94
117 912 31
774 59 14
550 825 4
886 565 48
353 903 50
1:651 1:278 45
411 583 96
430 24 99
623 831 85
52 137 63
624 619 63
287 392 70
660 161 60
949 507 18
203 773 27
878 820 35
350 826 72
866 702 5
248 151 18
854 427 19
489 923 90
264 411 60
41 937 54
747 709 60
629 7 33
282 614 92
568 204 48
885 151 80
250 938 52
395 999 3
319 347 32
512 865 44
493 264 99
244 656 60
776 74 50
766 23 94
863 908 3
471 77 76
80 483 98
772 924 20
655 777 5
355 699 57
131 80 30
774 475 41
942 859 34
75 243 90
844 236 51
875 39 71
159 686 71
765 388 36
99 140 25
1:830 1:103 29
987 798 11
574 99 96
658 781 98
61 104 53
965 910 92
925 806 78
175 380 71
967 167 27
323 671 98
268 691 91
120 973 82
590 395 66
443 842 19
777 10 99
257 896 37
228 831 87
62 917 6
535 934 20
666 21 62
904 424 85
968 318 38
945 54 4
892 792 75
324 958 24
357 374 51
192 803 57
998 630 87
441 529 57
279 494 80
1:818 1:734 15
72 375 3
658 627 84
229 189 96
169 136 75
142 863 11
516 18 9
577 898 73
49 500 27
783 470 89
581 594 53
797 889 22
394 770 79
336 184 87
3 290 27
748 153 56
1:712 1:161 60
362 544 66
531 292 67
844 294 9
743 613 21
780 975 70
418 285 38
229 965 66
696 638 47
96 935 25
611 840 61
563 350 56
833 231 52
741 218 34
104 552 45
509 107 35
59 494 63
921 546 93
430 735 4
698 738 48
876 816 17
77 190 96
580 794 80
986 373 11
668 756 58
438 79 70
142 984 51
511 475 74
386 887 84
108 833 73
622 976 60
676 547 80
320 80 72
145 885 45
3 717 77
366 736 67
750 269 7
664 9 83
852 917 87
839 320 63
223 561 60
788 871 34
548 219 76
21 726 48
992 229 73
269 313 48
977 380 82
24 671 95
226 60 54
582 154 17
913 195 51
599 128 14
660 521 34
278 344 55
369 720 94
310 262 32
903 573 9
651 421 65
629 734 8
40 541 63
378 540 90
1:548 1:289 16
343 915 13
594 90 51
41 781 14
583 758 69
88 975 93
43 963 61
687 950 93
640 372 12
166 823 36
541 470 17
18 88 92
122 374 23
502 768 93
717 107 82
630 946 98
467 105 96
1:733 1:724 99
197 187 9
429 580 11
941 417 6
626 541 28
420 789 15
29 52 74
588 100 97
183 28 91
551 715 73
959 632 50
129 34 6
563 927 10
647 37 28
712 870 89
529 733 51
495 584 35
294 605 94
780 710 16
793 603 49
375 643 26
8 417 47
367 727 6
24 133 19
719 773 41
985 336 48
180 232 80
453 829 79
729 966 59
324 219 57
470 588 79
5 791 37
484 711 4
833 226 21
109 365 36
865 111 59
106 498 5
144 945 63
463 649 56
623 309 9
691 225 19
989 93 29
761 661 56
610 419 83
721 869 30
261 248 10
121 897 38
323 385 14
200 662 9
132 846 89
205 54 29
793 870 21
580 699 93
742 670 3
383 971 45
278 716 11
357 167 40
170 821 50
266 960 14
923 472 21
328 113 31
408 225 33
774 72 46
505 488 72
664 181 89
954 355 66
907 195 80
574 457 62
866 369 4
750 550 32
255 4 52
11 498 24
597 248 82
70 655 59
851 121 59
493 797 26
700 912 47
593 50 35
897 272 44
856 232 12
360 671 86
553 521 94
329 274 67
363 908 86
634 510 74
210 624 96
164 68 31
544 800 15
472 722 62
326 659 11
159 129 76
327 359 53
442 620 60
692 55 32
978 100 84
298 934 28
961 98 33
817 489 57
263 701 48
518 375 33
1:112 1:702 93
287 874 81
901 967 33
407 645 79
63 905 74
960 384 87
265 44 32
720 791 21
40 873 17
402 375 31
380 299 73
716 773 67
129 581 35
829 142 9
483 541 90
598 707 82
594 817 35
293 415 98
443 696 25
252 30 94
284 243 82
149 335 30
441 872 50
556 913 25
570 537 60
397 735 58
26 5 48
889 92 69
137 344 42
804 154 26
650 417 22
161 109 27
225 273 63
787 791 37
155 954 5
237 207 10
403 263 48
312 823 31
225 867 70
989 879 8
406 523 52
9 997 66
511 603 70
415 836 85
344 325 42
855 843 69
343 712 16
899 797 30
225 362 68
74 551 51
451 309 11
743 836 16
547 920 10
375 243 29
451 86 29
350 996 68
671 451 41
712 319 75
451 443 4
354 99 48
227 942 75
995 469 30
567 318 70
369 89 23
354 985 17
328 26 68
946 143 68
876 229 72
990 878 50
212 385 79
380 972 57
797 225 53
899 444 35
943 312 92
932 946 86
987 718 21
889 392 11
487 915 32
766 321 34
424 3 70
281 731 39
307 437 75
982 179 77
331 215 91
132 725 23
912 823 58
848 342 41
497 762 98
707 51 35
705 676 27
617 100 74
664 885 88
323 779 95
711 147 42
1:603 1:486 8
254 407 87
124 775 40
911 215 15
530 576 35
217 255 56
314 420 99
681 789 78
294 762 34
1:575 1:715 20
534 81 48
204 745 45
71 690 85
285 752 83
18 546 20
380 968 59
941 114 86
853 673 27
913 509 31
169 13 50
70 418 64
811 476 18
597 780 44
223 825 28
302 679 28
677 484 72
215 425 99
358 794 30
588 450 42
824 379 19
1:267 1:87 8
410 213 88
580 162 65
80 852 52
86 92 6
843 828 98
723 319 85
902 206 74
120 248 84
1:719 1:745 25
811 240 78
217 950 98
162 140 47
277 412 33
278 517 71
140 752 49
485 955 77
598 369 17
545 388 80
426 901 70
439 755 25
214 437 64
745 250 5
736 847 32
520 478 76
900 420 79
570 394 36
207 946 61
630 15 73
574 817 53
919 651 34
178 466 68
595 200 36
993 850 82
783 21 51
1:721 1:445 71
752 150 69
35 789 79
245 370 32
842 841 61
617 816 78
967 884 67
244 119 7
695 205 8
471 867 61
244 823 35
323 469 27
913 649 55
438 343 46
61 85 5
991 968 33
42 91 60
445 461 11
487 902 82
647 9 48
928 171 40
267 154 30
754 228 63
609 349 96
528 924 42
331 512 66
350 39 14
100 381 69
834 556 65
741 421 23
258 198 66
933 394 95
201 646 12
931 897 75
14 498 10
167 419 66
51 80 76
217 275 89
277 251 3
198 764 23
744 435 24
988 782 55
646 296 52
487 578 16
28 574 78
436 649 92
629 693 19
927 443 71
528 174 45
171 2 90
290 489 90
373 293 77
305 767 97
622 150 60
514 978 80
63 191 73
940 549 11
303 645 43
444 968 63
15 130 31
957 788 61
366 260 9
629 34 87
798 500 97
324 185 23
958 398 31
437 12 50
777 590 95
432 442 61
632 541 60
560 172 99
338 230 21
1:72 1:848 78
31 49 24
639 301 26
775 920 85
301 348 30
782 840 29
942 246 98
25 471 49
542 528 92
760 995 91
986 20 58
331 959 64
610 859 52
543 668 18
472 862 37
103 528 77
295 319 13
306 800 85
436 917 17
286 118 92
710 285 59
618 105 73
162 755 51
321 830 97
496 990 35
688 258 32
965 851 64
693 684 12
902 600 38
659 358 86
547 904 3
795 666 85
957 60 4
100 550 52
476 731 8
527 599 13
180 751 33
102 332 16
106 502 63
20 27 87
170 319 96
686 962 89
36 872 67
145 597 51
572 146 54
422 683 85
668 394 57
788 791 77
149 898 87
675 524 30
747 868 59
80 217 46
619 930 77
963 396 49
821 921 30
287 997 87
436 201 13
938 930 82
416 515 38
138 967 95
561 481 68
308 715 66
702 658 73
395 63 40
520 15 57
699 265 69
280 790 67
579 593 70
326 426 17
893 769 60
671 818 25
289 382 43
951 634 17
43 257 83
41 9 34
200 510 14
411 383 8
256 193 86
100 637 47
1:648 1:384 30
779 775 76
716 751 51
28 636 5
665 605 57
168 874 38
63 123 90
28 517 29
722 74 33
56 263 82
579 286 13
496 836 10
916 354 86
635 689 92
489 805 60
725 169 88
525 798 69
570 748 66
578 656 8
808 663 68
493 648 46
196 446 56
562 226 90
721 395 26
545 17 34
172 393 14
348 577 19
481 935 63
82 962 48
768 906 10
889 524 65
1:366 1:507 96
550 182 31
664 698 13
963 146 75
180 108 53
355 322 52
234 997 94
868 132 21
816 561 43
55 490 53
236 668 47
628 818 70
502 722 8
137 569 80
489 610 78
962 790 81
320 98 9
838 416 90
135 455 26
932 945 72
843 603 52
451 590 15
993 737 69
411 407 55
778 840 18
735 938 4
994 162 32
104 991 83
142 691 61
386 488 65
438 478 64
43 773 52
12 199 40
815 4 82
246 875 72
600 482 58
311 543 74
285 214 95
874 653 62
904 559 42
483 448 12
115 779 4
889 798 5
993 803 59
24 517 41
261 491 92
508 270 89
51 874 85
877 210 54
810 982 98
133 166 38
291 609 15
790 475 39
988 676 11
719 950 92
889 604 26
597 108 54
957 715 32
320 286 46
525 747 9
631 977 45
186 6 85
511 300 35
633 953 80
410 255 69
832 305 99
170 173 98
725 47 69
538 624 62
583 344 43
182 383 4
748 403 31
628 294 90
570 640 8
30 598 4
9 971 57
167 844 35
697 470 41
160 658 42
940 312 23
546 34 8
897 672 77
712 966 48
450 86 77
128 29 10
289 148 61
148 182 67
707 4 60
233 401 77
573 123 9
53 715 75
703 483 6
639 856 45
882 236 6
109 247 67
897 830 23
236 98 60
1:263 1:121 62
323 185 63
911 707 34
175 320 88
137 231 77
881 392 30
187 122 61
783 614 44
959 828 68
723 303 25
887 951 77
498 401 24
496 783 81
56 209 95
314 482 74
44 876 40
371 334 28
507 369 86
435 16 8
656 670 49
31 511 30
987 168 34
464 923 97
552 821 38
281 974 15
351 819 66
190 390 35
165 840 15
571 532 3
811 947 91
969 657 34
781 26 71
110 335 13
934 361 49
626 330 84
758 573 88
82 543 14
741 722 22
613 354 10
858 924 92
551 487 12
501 735 61
277 801 30
744 601 17
3 183 37
48 394 84
305 847 98
672 784 68
667 377 36
301 75 25
949 463 59
803 660 66
531 709 53
643 558 55
726 247 48
91 289 74
205 797 59
547 128 57
914 144 23
828 754 60
413 590 73
486 944 84
922 254 53
1:95 1:360 35
347 99 53
129 75 29
952 252 90
880 33 28
83 63 78
313 561 35
51 449 55
895 61 54
69 639 53
967 129 83
912 322 5
639 77 26
820 615 18
50 46 6
319 679 64
453 960 39
742 236 36
57 785 30
668 364 16
245 28 29
212 343 40
428 482 12
139 244 29
924 970 99
708 108 71
333 90 89
715 72 61
787 518 62
562 559 87
753 830 93
808 263 18
530 167 92
512 244 80
184 671 11
32 444 48
1:695 1:927 40
83 183 7
200 88 84
86 752 10
137 29 57
431 419 44
659 995 93
712 36 66
920 704 99
847 477 99
291 790 81
733 562 35
533 919 7
648 500 35
267 416 31
19 151 17
401 613 84
355 759 24
142 338 87
645 48 63
704 109 72
981 356 8
559 7 59
885 459 46
115 359 14
515 727 25
995 579 63
792 635 18
961 302 80
553 151 83
9 228 44
571 547 44
960 955 97
396 993 28
156 294 84
762 857 18
264 473 30
392 167 44
492 318 8
976 566 31
981 132 89
1:574 1:889 46
403 263 82
681 815 8
95 902 68
24 760 60
939 918 10
54 229 48
880 911 33
13 49 84
715 613 21
152 594 66
701 291 58
482 59 84
795 946 69
370 651 96
97 21 73
500 578 48
476 532 69
700 638 3
352 639 50
696 569 78
423 590 26
796 925 60
555 928 42
258 824 34
461 167 78
613 704 15
377 885 75
657 253 76
549 361 12
736 113 3
85 691 66
689 892 5
666 425 92
818 580 33
421 895 97
355 546 21
664 859 68
901 693 23
857 131 72
966 965 89
503 464 72
680 255 32
718 88 69
237 438 61
328 800 72
689 735 37
1:806 1:718 37
541 86 75
271 266 72
444 782 70
226 912 29
31 110 89
96 963 97
328 29 87
935 616 8
584 641 99
884 46 99
213 716 85
690 243 67
858 536 58
172 765 5
195 976 66
172 885 79
80 40 11
175 329 84
116 803 71
996 773 75
692 781 25
627 613 48
256 647 90
265 953 66
239 917 20
692 894 28
815 445 25
342 849 31
643 132 49
777 319 51
618 580 19
145 516 90
195 826 20
756 293 74
432 76 65
389 211 74
290 876 86
1:523 1:653 7
971 432 91
46 35 45
140 158 51
750 220 39
765 555 12
779 17 12
664 628 36
1:417 1:716 8
662 899 44
451 913 28
354 690 48
963 718 97
481 619 57
484 964 61
766 373 34
552 802 30
1:159 1:639 99
177 523 58
833 293 88
227 31 37
696 960 41
273 295 77
936 444 40
168 121 72
206 214 93
383 832 65
144 101 39
161 144 34
24 626 36
147 409 90
671 540 38
460 18 66
460 316 58
385 926 8
254 595 23
148 807 30
227 343 27
212 823 62
528 354 7
609 359 65
829 228 90
568 101 73
877 716 48
734 722 66
864 513 94
839 472 30
223 419 3
143 479 91
285 589 57
10 228 83
31 737 80
963 202 79
961 299 77
913 713 67
260 783 48
937 462 54
432 446 38
187 158 44
144 93 60
870 734 64
77 796 49
310 378 16
868 123 37
155 27 67
188 949 76
763 700 57
51 141 52
134 538 49
546 515 12
61 782 8
792 690 36
923 425 7
853 988 22
330 34 74
120 664 72
534 172 98
745 877 15
89 641 88
702 437 71
227 539 80
972 385 8
20 160 44
473 125 20
346 468 43
908 694 78
23 292 85
281 864 21
526 530 69
115 822 75
249 554 60
262 365 11
591 328 82
213 153 60
602 567 25
359 759 54
39 139 89
693 494 60
873 201 32
669 719 29
306 268 78
567 808 9
916 734 54
651 15 73
721 438 71
333 812 37
584 381 19
41 894 90
584 235 11
976 467 36
902 277 28
165 772 81
300 551 40
407 427 66
723 931 12
579 453 91
752 57 42
1:497 1:149 66
392 721 62
213 978 32
892 608 21
214 610 39
501 490 65
354 181 19
606 340 33
279 402 38
296 368 64
890 856 69
452 450 47
252 374 21
209 184 32
896 371 75
583 170 59
837 206 68
673 838 53
584 925 50
699 902 18
776 528 41
749 649 45
154 79 73
849 450 93
477 463 34
838 281 93
255 28 71
977 491 58
215 826 77
414 275 24
417 447 64
583 123 36
6 283 50
396 371 85
815 151 11
726 982 96
503 329 84
960 120 56
844 486 99
425 181 94
748 251 74
138 630 18
25 665 15
921 54 64
81 79 40
925 955 80
5 476 36
800 773 53
59 789 38
579 583 25
201 391 18
794 294 50
621 832 66
726 51 43
392 981 97
532 301 24
600 552 89
157 97 91
599 779 44
422 99 61
555 781 77
349 324 85
452 642 3
685 105 50
426 405 87
429 852 92
569 460 93
1:812 1:295 71
867 94 77
464 665 60
627 394 30
538 285 89
999 790 32
612 66 15
199 571 59
265 663 30
7 868 23
150 923 4
770 39 28
295 899 34
113 679 37
400 617 58
109 796 23
460 249 50
297 861 83
460 89 58
421 851 13
301 291 27
801 285 95
405 556 39
919 870 26
765 145 63
402 494 62
828 913 55
101 497 22
84 63 53
74 739 85
443 269 98
61 379 74
192 387 46
953 730 83
709 821 21
599 96 17
351 381 76
851 370 54
384 472 41
508 599 10
788 792 94
746 458 16
679 102 9
505 274 68
970 218 81
744 533 46
415 671 80
315 759 15
905 353 49
838 156 22
882 382 51
103 856 41
120 687 41
536 658 83
598 307 52
175 666 19
859 778 79
972 713 15
403 123 54
703 342 92
149 721 76
910 637 65
603 177 78
314 375 32
708 948 22
458 367 29
979 906 60
656 722 90
983 192 22
530 993 60
85 185 24
18 179 43
1:599 1:999 74
577 590 24
291 865 50
743 58 28
616 398 14
410 348 30
552 73 47
649 368 82
75 930 54
32 583 93
371 446 96
141 360 16
284 217 42
415 825 39
869 157 43
842 763 59
950 939 77
277 148 91
51 54 19
645 60 20
626 588 42
341 638 41
756 126 88
806 720 16
134 858 15
154 38 8
166 579 26
33 122 81
284 555 25
180 146 44
27 480 43
584 113 24
520 587 71
528 380 84
836 336 14
311 179 95
399 386 28
951 470 73
369 925 88
475 368 63
588 40 97
774 111 92
610 470 60
741 86 76
753 96 38
396 823 42
199 456 32
250 21 8
444 335 82
157 190 70
714 757 69
706 363 40
847 235 65
413 325 31
38 741 19
827 893 98
333 841 53
500 265 22
811 341 15
527 802 76
716 312 41
65 599 25
714 605 78
413 546 91
45 789 37
447 346 26
378 468 56
458 827 10
178 425 68
959 599 55
877 602 8
704 407 39
950 554 82
610 668 20
843 933 79
1:751 1:459 64
599 952 86
385 531 6
321 537 82
142 588 23
305 89 36
702 177 89
727 169 40
700 905 38
118 737 98
636 923 34
899 68 86
508 866 63
386 360 54
599 70 99
62 672 97
305 953 37
266 891 41
385 646 66
200 875 17
182 277 44
303 499 82
678 242 48
440 999 95
935 26 37
469 228 71
987 154 71
651 293 27
349 318 16
426 452 34
492 546 76
800 434 19
909 523 85
22 550 18
641 782 11
130 190 58
931 637 48
751 975 46
798 531 98
243 894 68
52 816 67
166 67 52
551 61 21
860 813 3
366 254 11
12 418 43
365 290 74
563 384 55
697 134 47
976 447 74
818 948 76
974 555 77
260 151 69
613 441 36
585 968 80
245 839 97
651 750 48
395 744 47
397 772 39
653 336 12
936 338 83
68 660 54
552 397 30
664 52 82
97 172 79
1:824 1:901 34
978 190 50
480 414 65
660 294 29
657 851 99
115 486 92
322 229 48
12 233 55
254 295 5
745 802 28
514 886 22
990 993 24
800 725 48
133 769 39
530 459 39
372 921 41
130 960 85
470 332 79
616 309 21
445 81 97
216 657 23
469 620 65
403 514 84
89 57 8
201 886 26
762 772 19
751 143 48
88 588 9
551 916 22
105 49 50
666 780 24
820 551 76
805 294 44
615 442 61
735 649 49
1:496 1:168 21
715 306 67
480 955 7
270 242 75
634 100 60
292 164 79
918 843 87
329 104 12
625 654 4
867 673 59
813 721 6
196 500 50
549 338 76
158 953 40
950 747 6
271 929 33
558 951 34
83 146 20
889 516 16
991 82 18
98 873 52
731 969 70
1:425 1:581 32
790 205 48
143 846 64
617 918 63
312 406 55
616 813 46
9 381 93
201 716 35
197 252 65
744 931 80
784 392 60
210 202 60
972 833 58
220 775 58
99 981 37
221 771 62
183 76 10
747 215 15
223 887 8
184 33 25
688 376 20
172 660 86
64 256 44
380 27 15
180 182 21
544 625 68
542 565 19
409 234 31
4 849 21
962 228 18
674 591 8
924 590 64
26 4 50
1:591 1:164 67
808 694 21
403 44 7
35 282 75
747 379 95
922 778 82
784 897 47
416 545 82
288 348 67
150 900 51
883 495 61
886 752 85
461 923 7
543 934 63
924 353 21
539 850 83
636 719 44
491 574 99
340 71 43
224 87 70
434 331 57
92 751 82
690 81 46
734 786 97
835 361 75
935 118 76
847 437 28
754 767 4
828 629 91
676 317 37
137 443 31
184 242 73
282 971 70
636 617 66
616 467 70
672 203 35
44 541 83
630 338 29
258 310 19
253 77 34
399 646 79
917 660 83
851 55 55
634 141 87
471 849 91
802 820 22
515 507 53
923 322 26
919 532 44
743 331 41
669 55 73
547 162 59
652 424 12
711 556 5
54 600 91
39 626 3
622 212 27
409 391 7
85 727 95
533 509 16
904 39 11
404 571 32
142 799 23
842 420 26
333 546 39
953 148 36
483 533 88
409 703 57
1:665 1:904 69
698 164 40
277 208 10
699 733 33
599 813 50
260 359 21
388 978 7
746 861 59
353 649 87
444 806 96
600 187 96
873 339 34
241 331 94
63 586 18
454 399 80
718 492 44
919 644 94
684 557 49
630 944 81
96 315 45
305 654 35
767 599 72
378 500 28
119 643 51
46 191 12
452 346 18
213 699 85
964 413 62
599 83 24
310 854 19
535 282 88
6 377 77
310 154 85
104 934 31
443 104 52
772 272 45
9 463 16
548 828 99
96 698 71
586 938 73
746 660 46
471 82 41
473 362 81
421 987 18
796 868 59
173 935 25
165 639 59
205 901 53
162 346 92
851 616 28
932 588 52
500 152 26
227 545 9
929 486 72
342 400 47
204 252 99
940 117 48
770 696 12
190 137 96
227 842 10
507 72 83
28 373 38
839 902 86
218 291 59
102 492 83
153 254 25
383 41 42
229 289 8
37 427 64
984 43 43
1:55 1:347 66
947 175 59
714 493 75
337 193 51
956 433 93
839 584 38
427 533 95
285 593 71
117 167 77
498 731 99
725 601 59
969 782 13
828 145 38
116 600 37
258 138 77
696 642 88
128 66 45
659 876 31
242 478 11
209 585 9
853 74 88
742 723 63
795 99 51
608 391 49
182 797 12
878 728 63
194 495 20
390 578 14
996 633 31
241 295 60
59 930 31
336 615 23
471 584 55
360 308 45
649 938 86
176 173 35
721 111 60
402 617 57
218 75 59
754 575 85
934 337 30
931 269 96
985 307 4
607 817 30
794 904 90
684 41 95
428 563 93
595 630 76
842 182 52
698 312 48
788 769 73
827 155 87
517 446 33
336 41 8
855 117 45
249 895 54
129 446 85
378 292 79
360 289 34
529 10 94
42 143 19
107 27 56
564 630 50
157 212 30
641 477 93
156 523 5
822 716 31
1:121 1:822 24
480 33 11
416 843 9
673 588 32
60 766 5
769 16 26
638 623 39
897 380 22
599 440 97
915 488 7
223 522 67
137 701 78
198 657 16
381 554 59
347 927 80
24 645 15
473 696 13
465 995 7
949 208 71
402 720 59
422 493 66
165 999 66
806 432 37
287 915 29
238 528 30
1:636 1:854 93
697 742 23
623 245 75
234 134 82
844 146 61
153 260 42
400 546 16
180 687 38
546 743 32
281 317 81
867 123 96
694 488 76
988 162 6
40 236 84
239 553 13
991 674 63
569 779 36
796 807 9
525 270 5
288 725 93
929 278 65
253 723 83
599 448 41
334 374 99
519 660 18
938 681 56
406 243 96
464 210 34
591 232 60
612 682 83
960 604 85
409 884 9
118 509 45
49 433 45
266 820 48
856 471 22
789 150 5
759 43 78
875 385 3
299 742 70
158 970 39
938 454 62
156 516 37
159 727 3
68 949 58
476 604 17
802 599 77
114 468 79
861 212 9
739 185 86
188 650 48
493 334 84
556 252 66
690 376 78
731 195 43
551 428 47
765 324 47
838 890 59
27 608 4
783 913 16
832 435 10
586 879 49
771 648 42
614 374 48
593 803 9
22 561 56
845 42 22
854 325 59
317 307 18
134 838 66
424 220 95
880 538 36
392 805 43
344 267 62
409 219 69
757 760 97
57 612 88
46 86 54
828 141 62
133 737 56
528 876 41
255 118 48
837 931 99
773 96 25
903 795 12
801 218 98
757 437 36
361 24 79
973 811 5
897 104 80
694 697 10
188 898 10
619 457 9
135 82 65
1:34 1:86 75
708 148 63
953 168 39
4 833 36
659 829 62
466 156 88
209 462 28
432 327 74
767 463 8
486 740 93
723 523 92
540 183 40
392 883 34
53 209 52
34 919 61
458 472 52
503 230 29
732 258 20
684 108 93
908 679 10
90 23 40
825 459 87
765 947 36
570 781 75
752 684 21
166 240 77
400 911 54
536 726 95
87 123 65
598 192 18
351 466 10
217 905 51
554 217 95
285 650 85
139 731 14
123 392 18
876 2 46
755 970 3
815 585 96
896 794 52
423 460 61
995 7 75
402 309 43
434 806 65
637 163 18
559 53 86
802 717 21
770 872 21
133 296 87
404 519 3
724 767 40
57 711 17
185 419 70
104 31 59
199 740 52
605 47 78
926 809 8
493 488 11
274 66 47
790 203 88
574 508 19
455 679 6
122 837 61
796 702 12
188 801 46
719 570 78
409 553 54
929 585 49
498 876 6
743 87 36
340 932 98
697 179 14
5 934 77
503 804 17
257 620 77
391 828 82
1:585 1:512 78
769 181 85
14 214 94
364 472 46
610 187 82
502 766 52
65 14 8
277 643 97
841 828 26
104 199 67
736 60 40
761 690 66
296 249 70
542 401 4
571 443 38
903 676 45
241 758 57
836 650 64
803 897 11
619 129 59
866 765 19
302 265 21
117 273 15
838 169 14
744 380 46
198 623 32
606 207 19
381 840 89
357 660 3
894 374 61
863 123 22
866 990 61
3 511 83
761 793 77
197 654 51
681 150 96
238 582 45
376 343 96
131 102 30
512 824 38
280 448 58
708 262 22
375 253 12
344 499 41
235 842 10
53 704 26
572 115 72
678 34 33
486 923 55
260 132 90
473 787 56
278 666 78
630 476 34
497 917 40
349 130 36
138 744 76
695 552 79
590 345 15
380 649 71
754 599 37
86 507 14
494 821 82
482 590 58
525 76 22
987 211 91
671 674 10
223 537 70
882 758 10
486 949 9
259 96 5
328 883 71
108 961 11
678 757 79
565 302 68
979 546 48
378 659 95
983 31 65
326 787 25
43 726 51
1:204 1:154 15
293 614 58
876 759 23
215 620 51
945 225 21
347 301 17
414 168 93
965 965 50
855 853 30
909 658 87
151 345 71
832 266 17
38 496 86
898 718 65
838 261 31
574 58 94
1:719 1:293 2
269 877 49
984 82 63
1:894 1:858 80
810 266 54
453 648 4
7 879 8
680 691 75
339 731 43
718 753 78
862 669 66
362 545 9
349 110 11
592 797 40
126 471 95
83 938 69
339 871 93
657 455 66
233 13 98
607 980 12
399 892 71
650 742 93
954 803 49
73 149 75
557 536 55
850 376 63
82 82 96
337 643 17
221 150 45
477 677 53
853 978 88
203 478 54
139 473 30
630 317 96
918 192 22
863 139 32
325 434 40
485 561 33
161 216 31
345 8 97
603 609 14
335 916 38
918 108 30
434 866 55
785 761 90
803 308 27
173 814 68
718 27 34
904 266 3
782 874 81
754 73 67
706 286 61
914 5 18
364 627 87
282 493 22
873 584 55
204 978 84
631 351 63
439 251 4
856 452 75
812 955 61
254 449 24
705 194 13
791 976 98
250 765 34
422 47 79
392 928 18
218 143 62
49 148 10
938 563 68
742 612 87
466 415 33
558 988 18
650 841 30
944 478 93
606 869 69
535 232 79
387 731 82
513 116 70
164 478 80
84 644 26
766 40 37
468 54 38
138 698 58
1:696 1:356 4
897 538 45
973 348 23
421 217 31
484 637 29
1:342 1:283 69
393 238 74
438 95 96
233 548 20
944 47 66
845 963 86
320 169 80
914 577 9
854 706 67
639 246 53
399 48 69
928 283 4
884 179 26
41 601 75
786 462 46
366 959 90
912 598 53
64 360 65
799 508 15
326 888 68
190 651 3
936 728 77
143 634 59
737 204 29
392 891 21
113 198 45
360 680 45
60 844 26
815 310 51
604 962 30
289 163 48
349 884 81
356 826 93
697 407 67
854 929 73
926 209 80
2 909 34
614 111 44
212 828 30
795 584 34
828 550 15
980 110 19
33 632 30
669 322 13
273 396 87
894 427 61
725 12 84
759 153 74
599 210 19
507 22 74
376 616 78
22 299 92
76 441 9
592 855 16
783 333 90
608 159 57
966 353 29
152 990 11
273 662 61
466 368 39
367 863 13
779 863 47
588 890 17
447 698 96
10 239 19
331 409 44
463 432 8
132 93 47
462 997 90
698 757 13
1:547 1:764 36
48 873 91
544 944 61
338 389 40
724 918 79
959 309 32
175 684 14
442 787 48
745 168 80
11 686 7
425 291 56
286 156 58
19 435 50
611 870 96
586 885 34
434 709 13
798 145 96
552 762 85
40 615 4
178 352 48
754 453 70
8 486 85
518 673 17
835 966 58
578 823 80
88 312 95
139 948 63
900 327 28
216 682 43
797 188 7
854 96 4
376 543 60
85 250 92
359 595 15
867 282 93
679 237 46
787 616 35
1:687 1:305 6
801 828 97
455 790 75
982 483 63
269 75 14
186 153 86
154 323 67
1:411 1:3 28
999 901 34
43 996 82
316 310 61
778 831 97
864 143 7
943 929 26
440 748 99
996 777 48
275 335 96
405 897 22
658 570 64
838 79 85
898 791 19
650 665 98
211 289 44
212 257 94
729 422 25
821 620 54
280 557 64
374 655 13
726 523 22
708 464 29
560 246 31
712 563 64
515 420 71
826 415 77
137 840 99
273 398 10
1:131 1:456 94
600 723 48
482 486 47
659 904 3
420 720 18
148 521 33
571 441 37
447 415 42
765 897 21
114 279 47
541 164 38
551 655 68
235 971 32
940 38 19
594 795 77
484 87 64
456 142 42
752 841 17
709 698 30
412 107 74
99 387 68
14 97 58
727 397 5
912 986 38
231 20 5
477 17 89
22 218 98
452 534 36
323 235 18
40 129 25
188 965 70
208 70 58
141 782 55
450 269 41
772 923 76
718 228 21
423 549 6
141 522 5
358 462 79
588 447 85
853 530 90
885 524 30
367 977 20
935 908 21
172 314 59
77 919 11
167 893 38
711 794 34
260 770 41
195 562 10
101 33 78
111 612 84
389 324 43
383 335 84
572 506 97
943 279 82
888 127 10
774 327 4
920 818 33
895 828 90
125 904 82
83 815 42
546 525 82
605 439 7
296 555 90
266 825 19
407 129 75
456 193 77
828 806 20
14 328 20
52 601 86
259 123 34
168 631 60
962 338 83
967 720 85
867 855 82
287 827 30
651 989 82
872 673 19
949 79 91
136 602 14
173 580 19
944 266 32
124 968 88
845 178 26
635 848 98
946 411 51
738 785 50
961 841 39
174 964 99
407 509 63
380 768 33
961 876 30
412 476 5
400 17 8
1:221 1:26 69
159 176 33
84 539 67
31 736 68
619 108 88
145 129 94
268 222 15
58 227 99
681 146 75
553 228 37
150 59 5
556 728 55
31 233 61
704 936 32
344 708 14
19 788 58
569 177 29
543 437 21
32 318 50
203 419 89
961 846 96
674 451 27
957 536 57
527 900 34
189 473 44
762 631 62
779 568 91
595 920 55
282 976 3
388 509 57
888 119 74
982 270 52
428 498 48
850 862 73
869 715 45
732 460 21
864 789 17
489 270 73
628 158 91
786 153 55
200 666 50
81 446 8
848 207 75
569 438 8
141 408 27
251 726 97
223 24 37
396 708 13
76 120 56
748 397 79
511 576 5
210 175 70
495 726 47
630 371 88
24 575 41
148 440 66
335 198 57
266 901 32
103 27 14
503 949 26
418 911 46
695 865 96
930 222 81
530 184 3
365 989 25
658 284 92
680 888 62
872 595 99
44 730 72
770 173 18
1:202 1:159 81
195 18 75
300 41 45
501 912 36
291 812 95
451 621 83
965 723 28
575 750 11
40 428 57
916 114 91
562 158 36
276 425 88
437 149 78
384 565 4
548 747 72
856 550 81
172 863 73
586 460 41
796 556 47
351 277 34
401 629 54
200 115 31
547 251 73
147 133 82
216 155 57
57 724 46
711 696 69
715 54 31
121 764 33
837 873 46
848 291 23
844 799 37
956 439 63
453 865 94
296 419 50
444 38 96
834 470 29
387 916 43
502 528 29
705 889 54
202 877 49
548 474 98
378 928 54
279 522 63
571 102 48
641 88 79
854 377 92
698 803 90
386 870 34
288 840 83
994 569 97
124 45 55
2 348 85
489 563 90
875 690 81
967 996 55
613 317 96
284 825 34
830 224 31
232 317 12
581 619 41
951 705 50
747 729 24
445 371 20
499 897 28
966 286 4
811 102 16
4 109 68
281 240 53
488 192 42
369 365 49
811 25 89
823 682 33
239 285 53
167 32 70
226 604 78
769 613 90
913 649 39
581 954 37
99 161 28
13 421 19
227 897 46
1:821 1:510 26
698 320 95
706 585 89
440 28 72
818 790 66
513 488 41
888 62 75
974 97 26
335 328 55
341 544 40
927 569 97
520 595 20
819 372 25
485 5 53
282 640 71
328 350 93
595 376 20
631 89 31
778 699 43
999 184 45
916 212 16
362 484 89
435 310 69
133 570 97
46 520 60
232 839 86
83 213 87
1:868 1:88 96
144 548 39
64 820 61
7 633 96
698 978 35
13 200 4
268 94 19
434 624 55
368 793 48
984 655 95
291 396 38
678 844 76
111 683 31
803 125 48
413 798 6
338 74 52
861 951 96
268 620 28
993 792 63
672 639 55
289 791 37
336 282 51
772 723 29
752 575 72
170 295 24
506 971 61
291 450 16
576 988 98
673 75 94
165 85 73
593 124 56
148 792 46
17 157 47
193 590 81
484 402 16
638 850 67
889 982 58
957 889 88
198 480 99
452 321 24
701 773 31
206 537 15
598 808 27
836 583 93
447 192 61
244 76 47
281 285 70
31 213 52
923 633 93
285 709 8
286 673 66
380 304 23
609 117 12
367 735 18
32 51 78
630 420 94
446 661 93
30 574 15
320 2 95
702 856 64
495 976 36
778 238 37
267 353 61
423 908 44
634 125 53
161 288 50
714 791 33
822 21 89
329 160 69
380 928 23
246 42 44
867 422 89
423 497 49
995 588 84
833 431 74
621 611 10
890 165 17
409 980 11
13 636 78
492 948 28
89 999 12
531 291 28
81 97 39
986 33 58
890 502 97
603 272 89
387 364 19
420 963 25
170 747 90
791 949 56
195 801 4
666 472 20
110 115 31
916 410 90
839 830 36
258 972 74
436 983 13
1:595 1:774 12
543 361 67
912 830 86
450 920 9
506 120 89
186 488 3
468 552 69
619 604 60
313 117 76
465 583 12
282 308 99
690 450 97
519 705 93
1:753 1:452 43
600 154 53
153 100 37
495 792 6
680 329 42
581 688 56
206 72 19
567 273 43
849 69 97
82 707 51
378 777 5
90 720 32
25 960 63
358 80 35
531 685 14
542 189 84
613 869 29
692 285 96
954 952 38
53 104 9
154 907 80
835 122 70
898 90 49
157 414 4
784 893 10
261 187 64
852 715 67
525 959 99
624 337 78
161 270 32
845 297 69
972 673 75
204 81 37
587 407 63
725 938 99
112 920 86
918 819 92
200 228 20
240 49 91
127 500 47
183 922 95
443 355 92
455 672 64
811 443 81
1:293 1:890 19
748 96 51
556 795 22
373 118 76
440 950 58
537 371 75
694 311 49
668 316 95
7 76 23
748 989 59
356 344 57
244 438 72
852 195 62
653 149 70
257 529 86
191 331 62
127 752 30
212 488 66
200 554 67
480 347 77
1:962 1:344 50
428 808 77
730 324 24
610 229 20
12 766 48
120 675 21
616 927 37
521 762 84
542 107 57
419 749 34
172 531 47
586 308 73
258 253 70
209 667 15
940 313 31
181 678 55
528 673 83
152 415 94
357 217 51
277 655 13
49 171 34
401 357 22
294 746 74
518 120 15
859 682 61
18 358 89
205 113 98
115 63 12
627 626 66
540 444 56
962 620 6
79 967 15
505 595 18
132 66 57
740 637 81
321 236 65
160 941 27
948 309 32
694 902 97
933 998 52
998 143 70
339 690 56
351 817 70
534 422 26
585 925 91
155 359 48
304 879 68
530 831 14
279 774 4
901 386 74
660 662 28
1:988 1:976 77
633 873 21
375 244 45
956 516 81
294 373 89
515 577 29
221 420 71
486 533 92
556 536 19
771 339 20
492 84 15
483 166 90
561 173 23
143 140 73
331 149 3
89 402 46
699 394 57
397 844 65
673 526 11
754 188 48
7 269 66
328 421 64
459 679 71
706 763 50
343 649 4
597 507 10
207 674 20
256 565 48
101 736 5
647 736 43
882 595 40
5 405 27
875 302 46
554 924 19
374 392 7
261 432 49
76 560 16
132 35 35
764 578 68
716 456 64
941 800 5
920 984 56
413 946 54
998 810 57
920 521 70
272 552 70
797 236 78
355 122 42
968 937 74
617 221 5
388 140 33
666 270 84
139 720 70
220 690 34
586 229 3
540 144 60
58 602 37
310 827 18
789 834 40
812 227 92
557 266 3
206 901 72
193 63 58
385 370 73
8 17 96
5 25 26
51 157 33
25 265 38
840 110 25
957 666 94
334 854 50
812 534 32
606 594 27
981 830 5
632 950 26
88 490 89
849 142 29
953 369 44
1:222 1:248 42
853 952 38
393 765 6
373 204 70
709 990 66
817 275 53
453 100 71
416 754 63
707 949 36
664 434 13
362 236 77
904 787 56
116 102 60
63 581 94
754 300 90
518 621 5
44 983 63
139 133 19
21 737 22
199 441 75
694 364 60
739 765 48
454 270 82
267 355 87
599 36 12
14 433 69
817 72 38
807 825 11
225 536 28
92 208 28
12 443 13
262 661 83
884 116 23
474 608 47
649 554 53
116 602 53
521 634 62
200 140 65
132 405 32
94 874 98
216 977 62
478 193 13
433 205 96
1:799 1:688 70
60 86 53
523 331 64
718 870 11
295 725 84
22 436 21
675 298 62
153 382 13
293 905 55
48 595 61
42 320 16
958 983 5
415 103 57
823 645 72
287 588 64
638 666 67
434 520 25
423 251 15
737 880 20
972 462 30
48 787 24
58 767 75
37 170 71
110 675 61
224 565 13
434 581 70
237 124 18
548 79 76
432 331 99
730 618 60
542 406 54
115 168 36
969 94 46
305 810 69
930 744 78
420 608 6
42 166 68
491 171 78
686 51 99
596 731 13
910 760 36
856 480 52
337 832 28
397 278 29
358 475 65
622 606 94
224 292 9
645 610 96
719 643 21
742 623 48
537 798 92
987 163 71
636 638 14
897 565 19
478 537 23
670 463 31
199 746 20
667 845 60
671 371 87
962 138 81
634 762 95
19 967 18
993 816 60
795 189 91
294 488 79
69 282 8
766 818 59
245 776 63
939 234 24
441 817 54
8 584 18
1:442 1:633 6
536 807 87
578 962 33
674 437 10
862 831 78
603 824 77
971 259 16
1:219 1:175 30
238 769 29
382 422 12
522 522 3
798 462 24
478 448 17
248 836 98
129 885 67
969 417 79
197 928 43
388 586 9
54 564 46
771 535 16
27 852 11
789 653 94
267 215 98
706 574 74
964 173 44
632 379 13
381 607 63
65 777 12
847 665 62
864 996 87
575 560 10
181 847 46
71 945 83
972 311 68
310 984 67
495 199 65
134 944 32
558 552 41
1:616 1:721 89
117 691 5
32 555 98
754 304 60
835 860 30
504 615 7
208 270 40
615 722 16
853 682 51
938 696 17
461 306 3
254 631 47
159 624 6
306 731 94
537 717 10
452 457 79
176 552 72
811 48 73
878 901 61
35 88 34
46 547 67
654 429 7
228 683 14
48 692 46
596 220 57
586 438 35
179 799 66
599 637 92
477 12 69
281 159 22
722 69 23
23 278 56
827 476 15
686 211 38
653 313 69
880 361 96
666 954 93
506 466 58
810 795 68
153 383 3
518 240 43
330 733 39
462 507 78
643 485 5
391 36 58
338 874 44
125 142 94
314 466 24
709 809 21
401 174 17
468 160 79
203 392 22
774 626 91
800 675 96
472 654 68
548 278 38
936 419 4
879 30 20
148 290 39
705 607 99
997 284 46
195 622 84
727 19 91
518 832 81
489 737 11
906 180 6
96 858 45
292 703 63
213 643 37
446 807 54
857 755 49
879 817 66
280 113 68
495 693 85
164 209 60
799 317 72
663 755 33
112 464 91
902 233 31
797 795 50
933 395 89
548 649 45
665 167 29
69 163 7
215 295 7
765 900 94
240 470 69
350 424 8
319 319 68
254 62 3
1:159 1:821 38
766 555 28
622 787 61
842 242 65
501 982 33
570 803 37
939 817 72
563 168 52
337 357 27
317 259 88
393 337 84
30 652 96
710 624 31
379 108 27
492 655 59
69 748 19
944 580 82
230 859 16
996 254 34
251 606 66
804 224 26
460 244 89
273 154 21
785 541 67
32 605 64
382 287 88
699 406 27
941 499 62
190 377 62
424 147 45
291 198 16
514 716 84
200 120 60
607 966 76
259 818 71
574 800 34
437 915 52
203 949 80
453 672 73
1:365 1:456 9
78 427 75
316 428 90
840 239 69
737 267 54
123 868 89
149 2 67
235 768 76
859 821 92
300 973 61
1:803 1:9 99
140 794 76
643 667 59
40 801 13
834 12 91
469 435 25
93 812 28
36 625 56
303 880 94
533 393 15
445 503 4
523 918 13
316 745 54
51 573 62
444 484 17
234 745 92
245 213 99
826 149 84
727 536 11
293 434 97
668 786 94
171 267 74
722 275 97
476 793 20
69 523 82
689 661 78
494 230 70
716 400 20
748 7 78
329 682 39
99 658 78
44 276 69
194 768 8
447 502 24
308 869 7
238 89 34
188 463 50
378 901 95
883 90 89
807 39 24
430 43 32
391 161 95
912 868 43
150 613 5
774 386 9
77 816 40
579 403 87
442 719 37
454 548 6
332 826 85
811 408 82
539 70 66
808 787 28
368 800 57
656 972 12
486 721 54
706 694 42
185 839 98
8 862 55
532 440 14
185 375 32
626 424 73
256 707 81
734 677 64
921 821 27
789 572 88
716 982 93
612 296 67
280 999 59
147 265 74
433 198 80
504 193 86
804 694 77
152 744 3
196 624 62
849 175 74
710 533 62
854 270 4
996 429 57
676 351 85
568 38 97
998 47 46
268 942 38
878 758 63
683 888 82
391 672 97
136 144 92
394 473 32
249 242 6
652 173 36
808 87 15
573 757 22
675 472 79
531 573 32
11 144 4
813 821 12
518 306 66
129 720 75
832 735 17
109 450 26
1:886 1:268 25
544 755 4
539 277 93
38 369 79
812 350 48
713 882 96
220 659 13
110 572 56
4 562 29
902 641 95
412 141 97
640 49 7
960 824 99
483 223 31
635 86 43
522 422 13
11 960 46
536 670 48
65 546 57
804 246 24
421 895 70
469 331 87
59 809 28
995 362 32
605 97 11
749 420 20
1:112 1:636 25
294 610 55
43 928 48
821 535 35
730 503 60
992 181 65
910 325 39
338 830 98
185 96 56
345 539 96
123 648 20
101 257 67
948 7 80
934 505 47
82 865 96
602 408 44
732 950 82
406 517 23
776 738 80
40 872 72
234 482 85
738 125 12
659 545 63
230 890 69
970 131 93
520 886 38
