22806
144 0
0 0
204 0
0 512
258 258
0 0
204 0
137 137
0 282
0 148
0 0
529 0
314 0
0 104
0 213
0 534
0 143
0 507
0 0
0 0
27 27
0 273
0 0
0 0
0 198
0 132
0 0
0 0
102 0
318 0
128 0
63 63
279 279
176 176
538 0
162 162
0 0
0 0
282 282
0 0
506 0
0 0
144 144
254 254
225 225
0 107
211 211
0 0
343 0
0 102
0 456
280 0
0 0
114 114
0 474
263 263
288 288
0 0
171 0
0 303
129 129
36 0
0 540
0 195
119 119
0 0
0 174
85 85
401 0
308 0
99 99
0 0
0 0
0 0
0 0
0 212
390 0
0 0
0 0
114 0
205 0
0 0
0 294
420 0
108 108
426 0
0 0
0 0
577 0
0 0
0 0
190 190
492 0
0 0
76 76
0 354
374 0
0 0
185 0
0 325
