21946
0 440
0 584
699 0
0 0
853 0
298 298
884 0
924 0
0 939
0 0
0 0
0 0
0 883
992 0
0 866
369 369
0 979
462 462
0 0
507 507
0 0
747 0
0 77
338 338
148 148
0 763
93 93
335 335
462 462
863 0
850 0
412 412
782 0
390 390
0 0
0 699
0 0
484 484
630 0
0 1027
507 507
0 0
33 33
0 0
0 0
778 0
770 0
485 485
0 824
674 0
0 969
969 0
431 431
0 0
981 0
1026 0
0 0
0 0
0 870
742 0
22 22
0 652
0 0
0 0
0 547
273 273
0 0
0 0
671 0
0 0
0 798
0 693
0 451
481 481
585 0
826 0
0 0
0 0
0 992
0 908
0 0
0 0
0 0
0 0
370 370
301 301
471 471
0 0
