26068
0 0
458 458
0 0
0 1206
0 0
821 0
611 611
0 455
130 0
0 926
0 0
873 0
0 0
1122 0
422 422
0 0
611 611
988 0
1155 0
0 861
0 1169
0 0
0 1276
1157 0
565 565
637 0
437 437
1287 0
0 637
0 39
951 0
0 0
0 0
559 559
1042 0
538 538
0 819
1237 0
0 996
0 0
1158 0
370 370
1214 0
0 1289
636 636
520 520
530 530
0 0
0 1150
468 468
0 1099
507 507
0 455
1244 0
0 0
1170 0
0 0
644 644
442 442
861 0
325 325
1143 0
511 511
0 468
975 0
0 702
1053 0
0 993
0 0
1099 0
643 643
0 1079
0 990
0 1084
0 0
646 646
0 947
835 0
0 971
0 0
640 640
1199 0
533 533
1032 0
1146 0
370 370
214 214
273 0
0 0
0 0
461 461
0 845
0 0
0 0
0 78
586 586
1118 0
52 0
331 331
