21308
0 804
0 312
0 468
547 547
0 1241
809 0
0 1157
1259 0
383 383
452 452
0 875
588 588
809 0
515 515
0 779
0 0
0 982
929 0
1139 0
0 0
0 0
364 0
1213 0
0 0
0 0
0 364
0 860
593 593
0 1233
598 598
837 0
0 0
597 597
0 0
0 1085
500 500
616 616
1240 0
577 577
0 1077
0 429
0 832
0 0
517 517
0 1170
1065 0
0 798
143 0
0 949
0 886
417 417
32 32
0 1140
0 0
0 0
1118 0
0 195
0 0
0 1089
52 0
1148 0
0 0
412 412
884 0
0 1243
0 0
563 563
0 0
0 0
499 499
455 455
78 78
0 0
1168 0
772 0
463 463
0 766
0 559
0 0
1092 0
0 1164
931 0
