22997
0 1191
0 0
598 598
582 582
0 45
0 1276
67 67
1040 0
1145 0
0 0
1370 0
0 0
640 640
0 1449
1110 0
691 691
1328 0
1242 0
0 1270
0 1170
0 0
0 0
0 0
0 1242
628 628
0 1207
0 0
0 1366
1084 0
0 0
0 1018
337 337
1316 0
0 0
0 1299
1339 0
0 1247
0 0
1227 0
568 568
0 0
1134 0
1408 0
0 1340
0 0
0 1026
549 549
202 202
37 37
0 0
1406 0
0 0
180 180
691 691
0 885
1433 0
686 686
570 570
1485 0
0 0
0 0
1020 0
0 0
0 0
0 990
0 1450
75 0
1444 0
1191 0
382 382
0 0
640 640
532 532
0 1455
0 0
0 1287
0 0
659 659
457 457
0 0
716 716
705 705
0 0
745 745
0 1421
562 562
0 465
