1
2
3
4
5
6
7
8
9
10
11
12
13
14
15
16
17
18
19
20
21
22
23
24
25
26
27
28
29
30
31
32
33
34
35
36
37
38
39
40
41
42
43
44
45
46
47
48
49
50
51
52
53
54
55
56
57
58
59
60
61
62
63
64
65
66
67
68
69
70
71
72
73
74
75
76
77
78
79
80
81
82
83
84
85
86
87
88
89
90
91
92
93
94
95
96
97
98
99
100
24015
2750
15298
43271
17227
29054
16456
29211
11969
2219
11858
24197
29304
16893
43387
5965
18921
29740
43972
665
2999
38405
26174
25373
37785
8188
29264
7568
29569
15278
34371
30693
26161
28635
43696
19247
5824
40039
426
27925
7705
38979
34222
10143
22050
8048
2642
38182
5839
22506
26881
29081
42230
7425
26893
6180
19457
32287
1656
19542
4417
20453
914
19184
36219
9007
3589
6902
16712
31460
27673
24767
24917
27481
20353
4448
3930
17667
17118
29237
41780
1810
5403
37578
4258
6037
38703
40600
7117
3327
21023
11724
8509
14992
27864
30158
16462
27768
20886
25538
45000
40000
0
