10.90
1000.00
1000000.00
837052.20
848123.47
100001.01
0.01
0.02
0.03
0.04
0.05
0.06
0.07
0.08
0.09
0.10
0.11
0.12
0.13
0.14
0.15
0.16
0.17
0.18
0.19
0.20
0.21
0.22
0.23
0.24
0.25
0.26
0.27
0.28
0.29
0.30
0.31
0.32
0.33
0.34
0.35
0.36
0.37
0.38
0.39
0.40
0.41
0.42
0.43
0.44
0.45
0.46
0.47
0.48
0.49
0.50
0.51
0.52
0.53
0.54
0.55
0.56
0.57
0.58
0.59
0.60
0.61
0.62
0.63
0.64
0.65
0.66
0.67
0.68
0.69
0.70
0.71
0.72
0.73
0.74
0.75
0.76
0.77
0.78
0.79
0.80
0.81
0.82
0.83
0.84
0.85
0.86
0.87
0.88
0.89
0.90
0.91
0.92
0.93
0.94
0.95
0.96
0.97
0.98
0.99
1.00
1.01
1.02
1.03
1.04
1.05
1.06
1.07
1.08
1.09
1.10
1.11
1.12
1.13
1.14
1.15
1.16
1.17
1.18
1.19
1.20
1.21
1.22
1.23
1.24
1.25
1.26
1.27
1.28
1.29
1.30
1.31
1.32
1.33
1.34
1.35
1.36
1.37
1.38
1.39
1.40
1.41
1.42
1.43
1.44
1.45
1.46
1.47
1.48
1.49
1.50
1.51
1.52
1.53
1.54
1.55
1.56
1.57
1.58
1.59
1.60
1.61
1.62
1.63
1.64
1.65
1.66
1.67
1.68
1.69
1.70
1.71
1.72
1.73
1.74
1.75
1.76
1.77
1.78
1.79
1.80
1.81
1.82
1.83
1.84
1.85
1.86
1.87
1.88
1.89
1.90
1.91
1.92
1.93
1.94
1.95
1.96
1.97
1.98
1.99
2.00
2.01
2.02
2.03
2.04
2.05
2.06
2.07
2.08
2.09
2.10
2.11
2.12
2.13
2.14
2.15
2.16
2.17
2.18
2.19
2.20
2.21
2.22
2.23
2.24
2.25
2.26
2.27
2.28
2.29
2.30
2.31
2.32
2.33
2.34
2.35
2.36
2.37
2.38
2.39
2.40
2.41
2.42
2.43
2.44
2.45
2.46
2.47
2.48
2.49
2.50
2.51
2.52
2.53
2.54
2.55
2.56
2.57
2.58
2.59
2.60
2.61
2.62
2.63
2.64
2.65
2.66
2.67
2.68
2.69
2.70
2.71
2.72
2.73
2.74
2.75
2.76
2.77
2.78
2.79
2.80
2.81
2.82
2.83
9.01
10.12
11.23
12.34
13.45
14.56
15.67
16.78
17.89
19.00
20.11
21.22
22.33
23.44
24.55
25.66
26.77
27.88
28.99
30.10
31.21
32.32
33.43
34.54
35.65
36.76
37.87
38.98
40.09
41.20
42.31
43.42
44.53
45.64
46.75
47.86
48.97
50.08
51.19
52.30
53.41
54.52
55.63
56.74
57.85
58.96
60.07
61.18
62.29
63.40
64.51
65.62
66.73
67.84
68.95
70.06
71.17
103.36
106.47
109.58
112.69
115.80
118.91
122.02
125.13
128.24
131.35
134.46
137.57
140.68
143.79
146.90
150.01
153.12
156.23
159.34
162.45
165.56
168.67
171.78
174.89
178.00
181.11
184.22
187.33
190.44
193.55
196.66
199.77
202.88
205.99
209.10
212.21
215.32
218.43
221.54
224.65
227.76
230.87
233.98
237.09
240.20
243.31
246.42
249.53
252.64
255.75
258.86
261.97
265.08
268.19
271.30
274.41
277.52
280.63
283.74
286.85
289.96
293.07
296.18
299.29
302.40
305.51
308.62
311.73
314.84
317.95
321.06
324.17
327.28
330.39
333.50
336.61
339.72
342.83
345.94
349.05
352.16
355.27
358.38
361.49
364.60
367.71
370.82
373.93
377.04
380.15
383.26
386.37
389.48
392.59
395.70
398.81
401.92
405.03
408.14
411.25
414.36
417.47
420.58
423.69
426.80
998.62
999.90
999.91
999.92
999.93
999.94
999.95
999.96
999.97
999.98
999.99
1000.01
1000.10
1000.11
1000.12
1009.63
1020.64
1031.65
1042.66
1053.67
1064.68
1075.69
1086.70
1097.71
1108.72
1211.79
1314.86
1417.93
1521.00
1624.07
1727.14
1830.21
1933.28
2036.35
2139.42
2242.49
2345.56
2448.63
3472.52
4496.41
5520.30
6544.19
7568.08
8591.97
9615.86
10639.75
11663.64
12687.53
13711.42
14735.31
15759.2
16783.09
17806.98
18830.87
19854.76
20878.65
21902.54
22926.43
23950.32
24974.21
25998.10
27021.99
28045.88
29069.77
30093.66
105117.60
180141.40
255165.30
330189.20
405213.10
480237.00
555260.90
630284.80
705308.70
780332.60
855356.50
930380.30
0.00
