4
6
8
10
100
5
12
13
608940
819187
70300
834567
213719
732181
713001
156277
674781
468683
462392
749019
530106
429168
253881
938840
73924
183291
799353
722041
776113
652047
64669
46986
984515
555896
919006
940257
400498
288616
266654
840023
556517
503591
592251
203050
826833
175577
978599
418929
626486
974247
722123
873446
673641
341169
524068
908557
693480
450516
969655
598477
569288
416057
813158
165794
264885
686393
384891
967961
503568
178996
172585
686091
190700
969066
599759
909459
936151
349713
117654
267095
860166
869683
160040
335248
155106
391550
272465
192109
497569
133966
317045
3665
615698
664171
284661
52129
777060
490322
875635
969283
919705
275966
183937
147559
455516
760940
783154
586120
446581
758708
268720
445699
962845
520205
485713
142140
223697
1200
995455
712854
174536
352964
802485
721541
281507
404197
156426
752053
381946
666846
888047
193814
98091
923441
824289
569664
932606
562115
396464
434245
284158
152189
531582
708339
406486
81676
743311
263800
58124
676635
319264
696371
22645
259973
306077
876729
912053
138576
800844
393371
471511
361723
989062
216318
707125
326416
174041
81966
563645
511554
514153
451183
249761
161716
743023
97355
73949
520535
488904
958953
941174
157643
662557
867140
395867
908095
659888
235798
708982
487157
24839
279060
465999
106078
33838
208297
127701
672328
798901
550377
761307
375046
198110
560775
432402
619627
646699
840908
0
