8 7
48
3 43 19 9 42 48 58
24 61 98 21 54 30 79
14 73 63 87 85 53 91
51 45 62 47 8 94 40
57 93 10 65 75 46 89
84 95 50 20 70 74 17
99 13 96 83 7 22 25
68 55 76 16 12 35 33
42 58 69 27 93 50 44
13 90 98 18 1 56 40
86 6 23 70 73 75 92
72 47 59 26 12 97 28
37 24 30 21 11 20 17
89 39 43 82 4 5 3
67 41 7 94 87 19 65
91 14 49 83 85 22 55
58 72 17 23 31 19 33
47 74 77 75 67 49 64
25 79 26 46 21 90 76
52 36 80 1 92 22 50
96 78 3 85 57 43 88
27 61 93 82 16 56 73
99 40 2 41 54 15 9
63 71 38 20 94 32 42
77 45 7 59 6 97 96
55 13 30 63 15 18 27
28 9 32 99 65 69 88
78 54 41 93 20 39 26
11 42 83 64 60 34 79
52 95 16 40 80 92 38
53 24 87 48 94 67 25
37 8 29 43 50 90 58
19 25 73 39 36 20 40
84 31 41 26 65 80 3
88 97 71 72 14 9 94
68 22 85 62 35 34 92
13 50 17 52 45 91 10
23 1 79 16 60 87 76
43 21 46 89 77 93 27
49 69 4 42 67 90 51
36 53 29 95 71 70 79
97 64 39 68 91 34 83
11 65 42 57 45 27 69
12 25 98 93 86 33 31
47 96 61 13 63 35 24
17 4 75 51 80 26 21
87 19 30 2 82 84 5
9 14 20 77 7 22 41
66 46 59 3 88 96 91
71 20 58 61 55 60 18
54 27 79 52 44 77 51
70 63 22 45 8 98 95
76 25 21 47 90 31 37
72 23 82 97 1 65 74
94 75 7 86 39 28 34
13 43 53 32 38 26 84
86 20 68 35 98 95 33
57 67 8 62 65 14 34
43 16 52 46 75 6 5
36 48 12 32 61 15 58
17 69 78 30 3 64 51
53 72 88 22 44 37 25
79 99 70 55 41 23 89
39 47 84 66 96 59 42
1 31 11 69 25 86 36
90 50 76 59 51 95 70
56 47 65 27 14 29 4
28 81 10 42 62 82 60
71 58 2 44 24 43 41
96 23 85 93 40 33 12
97 64 79 91 63 22 3
5 94 75 89 77 92 53
5 34 61 47 62 18 4
99 10 14 74 87 86 58
13 12 49 20 30 36 70
31 48 92 82 15 88 80
19 85 63 8 7 83 21
84 79 98 40 17 65 24
54 42 93 69 89 38 3
2 55 45 29 73 76 56
20 85 99 80 95 35 21
23 38 10 54 67 79 34
42 13 68 44 76 27 77
52 25 2 64 24 69 81
60 93 78 1 6 83 75
15 32 72 46 48 62 45
70 90 30 14 87 96 89
61 65 86 73 82 53 59
14 49 69 27 58 80 75
11 13 25 42 99 91 29
96 41 43 59 24 86 18
57 36 64 6 50 47 65
3 1 9 78 5 82 94
17 77 79 2 4 40 95
54 81 56 53 55 52 67
30 10 39 83 74 33 66
16 57 86 95 78 68 4
25 43 10 23 54 27 2
41 96 26 47 71 9 83
15 99 51 49 39 30 28
20 56 53 67 62 8 7
82 40 90 87 65 92 52
58 80 66 33 5 38 24
79 55 21 29 35 63 77
22 81 41 9 6 78 65
93 97 74 87 64 45 14
30 80 86 98 96 10 25
20 68 44 62 60 72 16
75 92 19 66 73 57 34
36 99 18 63 42 49 17
2 50 83 12 40 95 5
13 38 69 23 46 54 55
71 42 55 23 4 18 40
28 56 16 34 38 52 83
3 75 86 92 99 54 62
81 39 9 82 46 14 61
88 87 70 41 68 65 98
66 33 20 11 78 97 51
5 26 43 15 36 76 58
22 44 80 94 50 32 85
11 26 42 62 50 63 82
54 97 23 78 45 47 35
71 90 89 60 31 61 91
68 9 21 7 2 19 22
69 58 39 84 40 17 76
4 1 15 86 74 66 77
33 14 28 41 56 70 29
12 59 75 99 51 27 20
42 59 39 49 44 23 81
95 38 69 15 70 29 88
61 24 56 91 40 62 2
73 52 79 8 50 67 85
96 60 86 6 32 97 46
51 66 71 21 77 74 20
87 18 53 92 35 48 12
9 75 63 5 58 10 54
38 56 48 14 73 99 85
5 86 67 7 41 35 51
81 72 43 69 16 80 33
79 50 49 6 53 65 39
10 66 46 21 93 58 91
27 71 75 83 57 36 44
17 3 2 77 74 61 90
95 34 60 47 63 31 23
61 60 69 53 59 56 91
38 23 86 87 85 76 31
45 50 3 11 92 28 72
32 44 10 5 62 15 30
6 4 37 14 25 40 12
82 77 88 73 78 7 97
21 63 43 83 42 52 27
51 39 2 24 9 26 75
73 19 36 35 5 63 62
39 86 7 84 65 24 30
71 45 28 14 88 26 42
76 64 79 18 57 33 83
34 37 25 58 61 41 52
3 92 2 75 32 94 59
82 44 12 78 60 85 16
10 1 93 6 43 21 13
14 36 20 58 59 89 19
72 65 44 43 35 24 83
31 6 95 94 99 2 28
68 7 54 12 85 18 77
39 52 45 4 81 61 96
33 53 30 46 29 49 57
15 48 21 79 67 9 17
64 47 34 56 76 5 74
99 76 6 24 57 90 18
13 17 28 73 3 83 47
53 1 37 62 7 60 32
88 50 85 93 91 94 4
43 39 48 80 59 27 21
65 46 9 30 78 79 25
23 19 22 40 51 36 38
2 96 75 26 45 29 66
38 4 68 40 26 57 89
63 64 49 54 31 25 78
83 91 1 17 87 14 99
96 93 41 85 19 51 84
12 92 2 11 75 82 18
5 90 59 34 56 29 9
60 73 23 44 39 95 27
28 52 46 13 6 86 62
51 74 93 12 79 60 45
21 98 46 99 3 22 83
97 92 1 62 23 72 15
20 49 35 52 34 91 59
19 82 73 88 63 81 10
68 54 44 25 6 11 28
39 36 87 66 33 84 9
4 16 30 43 77 70 27
98 46 93 17 72 19 50
41 9 47 60 94 69 68
89 28 40 36 30 6 27
25 13 62 53 77 63 20
39 99 15 12 97 81 75
35 65 85 7 70 14 2
32 34 61 87 11 82 26
80 21 49 73 23 37 66
11 54 92 99 76 48 53
72 61 43 34 82 1 23
69 67 70 9 93 97 79
4 58 89 37 46 81 39
38 88 74 50 52 12 17
41 6 62 25 21 65 8
16 24 14 84 57 94 27
19 44 33 56 42 59 80
66 17 85 40 50 38 18
54 89 32 30 96 36 34
74 92 52 4 10 61 46
64 90 25 22 65 58 39
87 1 80 99 6 27 48
35 21 95 84 3 69 29
97 31 71 70 72 82 79
94 75 24 76 68 53 49
82 10 38 86 48 66 71
79 97 41 2 31 99 43
46 85 63 89 73 61 14
34 52 70 20 35 23 83
96 75 22 78 60 4 81
92 55 64 28 50 72 76
68 17 13 16 62 57 65
88 32 29 37 24 91 7
96 17 78 89 12 21 74
90 28 81 6 18 13 79
92 80 70 93 14 50 20
15 48 76 42 35 19 97
11 30 25 59 88 1 94
16 73 51 5 72 43 87
77 7 26 3 4 24 37
62 64 99 46 47 39 33
56 81 47 37 7 52 96
74 13 12 54 41 8 39
87 43 42 91 33 76 75
97 58 49 84 69 64 16
95 50 99 45 44 61 23
98 40 26 60 88 46 36
32 72 1 31 9 68 24
90 83 22 92 28 10 86
91 84 74 18 48 76 40
46 82 42 54 83 67 41
71 22 3 49 94 37 32
59 14 61 45 13 50 27
5 81 11 52 70 92 56
10 43 12 66 98 9 64
68 16 35 73 2 30 97
75 17 53 89 15 31 55
10 95 81 87 39 90 49
36 3 24 13 2 94 72
1 8 6 63 56 52 29
11 35 12 16 80 53 9
77 30 48 7 82 31 32
38 25 86 18 71 74 91
89 55 60 62 22 93 23
14 75 54 88 58 43 69
64 25 85 72 80 77 97
52 13 18 1 5 65 98
9 40 26 84 12 68 82
7 39 10 62 75 63 79
46 50 31 8 67 56 61
87 34 78 88 42 41 22
53 35 6 15 91 21 69
45 70 49 44 74 73 33
49 92 73 34 7 68 86
11 45 18 53 47 63 32
76 40 83 87 38 66 20
71 56 14 43 74 97 70
50 9 33 51 52 8 90
61 75 96 4 54 69 89
3 41 67 64 79 91 27
15 59 88 99 26 77 5
95 79 22 4 39 73 70
24 63 14 44 80 19 92
59 81 52 6 20 35 99
89 23 98 88 58 66 54
55 76 68 45 51 29 41
74 87 65 42 21 56 12
18 13 38 85 91 50 17
71 90 30 31 9 1 61
30 90 12 78 25 94 71
62 72 1 92 34 82 58
95 66 54 48 96 42 2
19 59 5 91 14 18 89
64 86 27 67 35 26 69
55 52 61 80 13 33 45
77 23 60 76 81 47 32
38 37 46 28 65 98 36
73 89 17 94 18 62 66
22 10 15 63 60 35 48
26 13 57 82 91 96 1
69 24 19 46 80 14 6
9 81 52 49 7 25 95
23 5 40 90 74 61 54
21 71 58 98 28 8 42
32 11 65 99 31 37 41
73 68 42 52 81 22 67
77 64 87 75 55 74 12
29 59 43 31 24 21 35
93 62 34 49 7 1 84
40 85 94 53 48 23 98
46 30 15 90 20 97 39
95 51 16 86 61 6 37
8 26 36 83 92 71 72
29 67 24 27 75 23 38
87 43 13 61 63 92 31
48 77 59 10 52 34 97
50 71 37 3 90 74 58
73 32 39 20 57 85 93
89 96 25 28 40 46 18
16 35 2 60 12 98 79
78 72 99 33 70 94 86
4 24 22 25 13 5 90
47 41 57 56 15 38 89
19 18 80 86 82 66 48
32 85 92 6 45 29 59
62 8 58 74 28 96 20
53 35 36 44 54 68 12
2 75 95 10 99 39 84
21 64 73 76 78 88 14
70 16 69 49 33 58 83
23 80 74 89 76 44 30
12 55 93 25 13 86 78
22 37 8 43 98 48 4
96 57 60 71 39 87 17
64 75 28 31 9 52 7
95 41 15 82 45 3 10
72 6 84 67 38 99 97
30 38 85 20 51 66 35
31 43 95 72 80 69 45
49 19 33 60 94 5 50
34 47 64 40 27 87 13
17 68 18 97 83 1 11
8 92 62 81 4 41 52
44 93 15 46 75 53 63
54 9 96 57 42 39 32
99 87 96 46 21 95 11
6 10 86 47 8 83 26
16 81 76 90 54 34 43
89 69 68 18 71 15 72
51 49 48 70 78 63 59
31 38 37 32 67 28 94
24 2 50 58 92 82 36
91 52 73 7 35 27 55
6 12 60 80 31 54 23
76 4 33 1 93 65 43
62 48 95 52 57 67 64
19 26 99 46 92 16 20
89 34 29 18 97 38 98
83 5 82 61 42 58 44
66 50 27 32 11 41 91
94 71 2 88 15 87 7
2 87 21 4 59 85 89
41 75 80 23 90 6 55
38 47 83 99 57 53 56
13 3 19 39 61 31 17
95 29 20 92 71 28 86
30 66 60 5 81 7 51
64 63 43 33 74 78 58
9 48 44 93 24 22 16
70 38 3 34 22 41 20
62 11 57 28 74 37 90
95 98 66 61 12 24 78
25 33 21 45 77 47 75
15 27 18 32 50 88 76
29 53 26 72 82 31 56
13 7 30 2 94 86 19
23 65 36 51 67 48 4
60 78 18 97 55 65 38
28 32 85 1 94 66 52
50 27 54 91 12 89 40
69 75 35 59 25 34 10
57 41 82 30 7 92 70
45 47 29 17 21 67 9
11 62 81 72 39 36 93
19 79 88 4 84 71 13
29 49 88 48 5 17 59
32 30 66 61 69 87 79
27 57 1 35 76 19 46
78 21 98 80 82 20 11
4 3 68 67 41 90 34
28 56 26 8 75 55 24
65 73 13 31 58 39 45
7 96 95 47 10 6 91
22
19
77
85
38
54
69
27
72
15
80
34
74
17
29
8
47
51
65
20
12
5
92
