3 5
9
49 65 4 90 82
43 81 97 85 86
53 20 12 18 96
99 41 70 61 5
34 36 24 92 19
11 98 75 38 63
71 88 59 25 23
97 1 6 81 52
22 54 44 83 98
81 99 43 33 36
55 27 46 17 40
96 68 18 91 22
73 4 76 60 14
61 68 64 65 80
53 69 20 84 8
31 17 43 69 63
50 19 37 88 32
93 86 85 56 10
90 9 33 55 65
1 22 59 98 13
17 81 26 60 91
83 35 95 24 64
62 36 60 54 61
22 30 79 45 67
80 32 85 3 87
33 10 57 23 97
86 36 22 21 48
66
5
17
75
77
19
61
71
94
27
65
2
86
48
55
35
98
18
3
60
16
58
74
85
89
23
51
83
97
12
7
70
13
11
36
30
28
68
34
22
88
73
63
52
39
20
38
8
66
90
64
31
46
26
50
53
80
49
92
79
78
4
87
15
24
1
62
