4 6
11
50 1 48 18 58 28
34 80 30 46 96 93
11 65 14 60 78 25
91 88 95 8 73 32
21 52 86 46 30 17
53 61 79 8 38 6
28 83 67 98 81 48
10 2 62 55 90 32
52 32 99 19 48 84
64 35 94 18 29 74
73 59 17 2 93 91
66 7 10 82 85 76
11 83 55 23 95 1
41 77 87 16 64 92
10 27 61 9 35 59
96 46 34 79 60 81
62 8 64 30 42 48
25 45 37 61 71 84
89 66 99 26 14 43
63 81 34 27 39 60
49 15 62 69 25 57
12 51 95 29 91 80
6 21 89 96 71 38
43 59 78 39 73 40
89 99 16 47 98 41
21 64 25 55 88 39
20 2 30 14 44 71
8 51 68 80 28 97
11 51 80 98 22 86
84 81 13 92 66 55
29 18 37 76 57 39
62 99 73 8 5 83
27 3 18 4 49 43
15 35 62 46 98 39
32 42 26 96 75 29
9 70 85 79 60 77
48 83 58 93 79 70
95 65 22 46 15 39
4 99 57 5 69 33
85 62 20 56 60 81
7 34 57 59 2 79
4 82 88 86 11 18
46 22 87 91 19 97
78 13 47 48 90 71
78
48
56
6
30
45
91
35
75
21
97
2
26
58
83
46
88
19
89
55
9
70
29
28
79
38
62
61
81
94
10
25
86
53
99
84
4
15
1
37
95
85
93
34
73
27
60
78
32
82
11
72
22
76
92
24
42
67
5
71
63
36
13
66
3
14
50
16
65
43
20
87
69
77
59
80
74
31
49
