5 8
22
91 21 60 46 98 85 65 51
67 73 11 52 20 57 23 32
47 89 95 35 9 28 76 81
66 34 24 83 64 77 30 40
22 84 39 4 18 37 36 7
26 13 40 41 47 86 29 66
97 8 99 7 18 27 56 78
2 23 28 4 3 69 65 84
89 62 48 90 60 17 20 44
77 68 75 58 52 12 85 76
43 91 67 20 55 37 75 17
29 57 73 60 10 22 52 85
46 81 11 19 28 49 40 26
82 51 4 71 18 8 50 84
96 80 92 44 65 94 95 2
51 62 38 30 2 85 83 79
13 93 98 36 72 77 28 47
10 9 88 21 71 4 95 58
45 61 73 94 92 34 66 22
41 5 27 54 16 40 8 3
1 44 93 96 84 65 83 28
54 22 73 68 95 23 72 20
14 7 34 80 8 99 17 87
39 5 26 64 61 91 45 94
51 71 29 56 55 15 12 38
40 72 83 61 47 96 60 35
29 13 94 18 75 36 89 31
93 92 58 20 24 55 49 69
59 41 34 64 15 91 43 80
97 11 84 5 7 30 50 23
86 28 65 91 70 79 59 11
35 41 45 55 31 38 54 53
47 85 81 80 57 83 52 93
14 2 43 50 58 51 12 72
75 99 76 88 39 69 68 78
27 85 12 65 38 46 94 93
70 20 89 9 19 87 11 75
80 31 14 25 66 13 40 81
49 22 15 67 35 51 64 24
50 97 43 59 58 98 37 84
35 71 78 85 51 10 93 61
19 74 43 99 73 9 59 49
26 80 4 53 23 2 76 30
92 20 17 5 28 83 27 95
32 46 24 34 48 69 42 66
83 11 27 4 68 24 85 97
26 79 91 58 18 16 10 20
72 67 86 44 82 51 78 93
66 53 38 49 64 3 39 29
95 98 94 81 22 25 7 80
61 41 12 59 11 16 9 14
99 64 17 96 50 43 89 90
10 29 79 1 30 94 56 58
55 85 37 72 93 40 21 24
53 45 20 60 18 7 69 3
51 64 63 42 92 68 29 45
36 44 93 70 95 98 13 72
77 23 57 80 22 96 37 55
89 25 3 32 33 34 15 9
86 26 67 16 20 18 8 21
72 33 82 29 27 24 63 56
35 12 21 59 62 90 4 31
95 79 52 58 18 74 77 69
98 73 93 32 53 14 83 61
54 66 7 44 25 67 5 19
4 41 65 16 13 94 55 89
57 1 7 19 62 91 5 69
76 50 83 92 81 96 77 26
23 75 54 20 29 25 90 84
95 12 10 82 61 63 93 52
73 31 22 12 45 20 67 41
51 56 50 96 87 84 33 78
58 97 24 64 6 74 53 46
70 8 59 27 5 95 98 80
55 75 93 37 10 88 61 29
38 9 21 20 52 25 56 43
34 59 96 90 19 42 82 6
62 73 94 39 47 15 75 44
53 92 12 40 77 65 63 27
11 68 70 97 64 17 83 88
55 72 7 88 33 1 11 73
8 50 24 48 53 17 35 71
97 21 9 99 15 3 16 84
87 37 69 20 51 83 70 19
76 4 68 23 14 65 31 54
50 99 20 21 10 66 71 53
46 3 78 91 4 34 41 68
43 38 69 35 93 97 47 13
16 79 29 32 31 56 28 54
87 26 90 42 63 55 49 59
84 90 74 37 87 44 77 92
51 81 7 2 61 68 1 57
6 32 55 19 24 59 78 65
50 25 56 64 73 13 63 31
3 33 43 28 14 9 4 38
10 77 38 82 93 37 63 25
71 83 2 17 86 4 64 67
61 21 13 24 91 53 28 22
32 80 54 42 46 92 41 30
3 51 94 11 14 7 75 88
12 41 14 13 45 68 39 2
90 3 95 50 1 36 79 58
72 33 80 44 71 96 65 9
77 16 94 4 92 63 8 78
60 64 5 31 67 59 19 38
94 25 33 5 38 14 88 9
26 73 63 91 43 98 17 97
21 19 81 57 54 23 71 22
12 83 82 49 92 47 27 40
6 37 95 10 2 3 34 7
80
94
65
23
43
55
93
9
85
71
69
5
99
38
40
48
64
50
87
19
97
37
82
46
8
17
70
20
21
53
54
41
25
15
75
81
76
84
61
95
52
16
13
29
6
34
62
91
56
80
24
58
86
49
32
60
2
35
11
39
26
33
45
72
90
92
1
98
78
47
27
73
30
57
12
67
77
3
28
10
79
