5 6
72
11 62 91 21 49 89
20 18 95 38 94 16
92 56 77 40 54 57
72 79 65 12 35 52
53 90 25 36 32 30
93 57 51 75 38 21
76 46 12 25 54 3
40 68 97 11 20 23
48 98 96 43 62 90
77 22 19 92 99 9
81 28 52 12 83 96
22 94 69 35 21 88
18 4 25 65 67 33
57 85 50 20 10 39
75 42 7 73 99 53
98 64 61 1 43 5
19 17 92 18 96 46
12 67 35 39 8 38
23 21 97 2 37 80
32 53 62 6 45 41
98 50 18 29 47 15
89 51 9 5 72 34
58 82 80 39 13 65
53 96 21 30 48 67
14 44 56 43 81 77
9 99 38 44 40 25
20 86 10 88 47 65
16 54 52 87 61 59
49 46 11 63 39 35
55 96 23 42 73 51
55 81 74 80 8 25
64 70 31 22 19 62
51 73 34 3 53 93
72 37 44 43 30 21
83 95 46 87 84 24
65 91 13 29 22 5
51 67 34 90 15 92
86 24 38 12 31 73
95 89 84 37 87 70
43 17 52 41 82 19
69 21 29 26 36 82
28 12 40 18 13 35
48 32 66 61 19 79
52 57 10 41 73 85
43 25 37 86 88 50
13 71 18 51 87 76
67 4 68 37 93 99
45 63 21 5 40 64
34 90 25 69 66 36
7 53 98 24 95 91
41 43 62 84 83 25
4 48 86 61 75 39
99 88 19 77 70 6
76 79 24 34 45 93
54 56 63 11 42 50
52 28 78 39 64 90
47 88 6 85 11 12
98 8 61 69 53 58
44 91 1 42 13 63
81 59 70 96 16 76
74 68 2 25 76 21
35 27 72 4 17 63
40 18 8 77 60 10
89 59 34 47 16 78
41 81 53 96 12 73
75 31 25 84 94 17
73 85 41 52 18 34
70 93 95 65 72 47
39 6 98 87 48 38
42 91 51 77 76 86
9 71 23 40 92 69
12 37 99 95 3 6
58 41 15 77 56 46
28 32 18 83 26 86
89 45 36 31 34 81
5 40 28 10 94 97
47 30 20 6 21 24
17 38 90 67 95 91
60 23 62 39 53 46
43 35 19 52 56 76
16 54 17 30 23 58
53 45 80 79 7 65
84 91 64 43 73 25
21 35 89 40 29 90
82 71 12 56 5 26
19 76 25 31 81 56
46 22 61 20 72 97
38 11 42 91 26 60
95 34 51 17 82 79
9 63 7 52 70 57
64 41 18 49 85 75
25 60 20 91 43 44
36 48 9 72 19 42
84 5 83 17 65 54
3 97 32 2 69 58
58 82 91 51 69 2
35 14 88 95 86 25
84 50 48 68 53 52
40 90 30 8 67 87
21 99 11 74 75 93
17 27 62 90 79 39
84 54 15 83 32 97
43 94 73 93 85 8
52 53 19 13 4 36
28 57 9 40 74 49
95 93 31 9 11 53
74 6 81 12 72 73
25 80 5 55 58 29
46 35 54 15 86 78
28 69 56 14 32 40
98 82 10 63 1 18
13 59 11 56 94 43
69 26 24 99 55 85
76 6 51 28 21 37
23 14 79 70 57 81
49 36 85 51 20 5
2 55 76 75 48 84
21 95 18 61 83 34
59 37 88 52 58 87
60 39 70 66 82 45
64 85 54 80 50 31
55 95 3 57 93 37
24 36 34 30 76 63
2 44 40 79 8 6
96 65 16 66 21 20
98 61 69 14 18 71
54 29 89 90 9 63
85 67 78 45 17 37
96 87 80 82 59 40
73 48 93 50 56 21
30 93 45 94 76 49
23 57 78 6 34 68
52 79 41 5 20 19
11 32 63 17 43 46
15 87 72 42 55 35
71 48 69 20 21 37
2 29 64 24 75 4
97 96 91 19 23 32
82 90 34 40 28 60
72 53 67 94 86 57
88 76 78 90 39 46
70 23 66 21 43 97
95 29 28 12 5 81
73 44 64 49 53 96
11 91 93 60 83 92
22 63 50 72 99 20
62 24 3 61 78 54
80 83 14 71 58 64
51 70 34 18 35 11
43 19 69 31 81 47
16 2 85 96 29 25
48 76 95 51 5 82
87 14 78 34 41 47
71 88 43 18 56 67
4 55 92 33 61 83
88 78 38 48 90 9
80 14 33 26 99 29
6 63 87 89 93 84
46 72 85 55 28 5
61 37 11 3 79 22
81 33 60 29 12 17
32 61 94 15 90 4
80 52 30 35 85 66
82 63 53 75 27 73
49 31 83 45 48 88
70 46 86 10 32 59
26 53 98 9 90 84
31 55 20 47 93 6
74 24 7 92 76 71
48 58 62 14 34 3
89 70 30 80 46 28
42 93 61 82 68 86
52 95 87 15 24 97
96 60 19 16 50 77
83 45 31 7 33 38
16 17 31 24 52 83
87 10 60 97 46 91
63 99 35 86 42 94
72 8 32 39 58 51
79 62 82 66 54 85
37 2 15 93 80 99
46 89 47 5 32 71
67 41 75 65 3 27
51 9 17 19 53 24
7 64 13 8 87 39
67 45 79 58 6 19
60 92 33 3 98 51
96 8 18 41 42 21
84 4 63 91 81 95
1 16 13 14 5 97
7 86 76 75 32 20
34 26 96 61 69 9
55 68 59 17 1 3
73 91 6 10 24 60
16 49 27 74 63 19
25 69 39 32 29 18
4 35 88 58 82 44
87 28 7 97 94 52
13 15 9 33 67 73
68 50 93 8 77 51
84 24 7 60 67 52
31 64 85 41 68 66
55 83 69 91 46 19
38 45 95 5 22 99
44 70 6 81 16 1
21 76 75 86 55 58
87 11 49 12 46 3
74 23 32 57 48 51
34 2 70 13 18 8
59 84 41 72 56 52
71 43 64 65 37 85
44 84 76 94 46 23
91 8 74 53 25 67
30 98 77 32 5 18
15 13 75 80 3 51
5 50 72 69 55 23
20 48 80 51 10 6
16 7 82 31 98 84
27 18 45 71 86 92
49 4 61 12 77 52
72 78 60 96 18 63
85 38 17 90 4 3
58 57 41 69 52 83
30 21 35 89 59 49
11 56 51 71 68 36
5 34 47 26 27 36
94 90 11 82 24 52
35 76 31 68 25 54
72 15 64 43 58 32
60 7 40 87 20 80
57 66 27 80 15 33
18 98 42 38 63 28
36 39 6 74 17 31
47 64 93 43 4 40
67 78 53 49 52 76
72 50 89 61 62 7
33 10 22 17 85 28
60 37 6 51 43 36
44 3 31 23 1 39
47 96 83 20 90 81
90 11 78 86 98 99
58 12 92 47 26 76
32 41 39 14 97 66
52 77 43 36 46 64
2 88 24 48 94 16
25 53 11 80 89 87
9 51 36 18 50 29
93 78 47 72 3 97
10 6 81 75 46 76
96 71 42 63 65 33
88 75 5 39 69 41
23 22 21 70 44 24
87 6 10 9 11 66
97 20 17 52 89 95
27 2 82 85 49 63
72 91 75 7 93 8
21 71 61 22 56 64
11 28 29 97 69 79
63 6 84 46 16 58
43 27 3 37 99 41
23 72 38 67 94 9
13 49 4 10 16 63
20 51 43 17 87 24
64 69 26 68 83 90
99 5 14 59 42 53
47 50 59 90 72 38
8 14 77 25 81 34
85 16 62 93 70 54
76 30 58 7 60 40
48 80 99 86 13 56
55 84 13 80 40 51
9 27 99 46 16 75
61 85 11 28 57 97
93 7 31 72 33 47
25 34 32 1 96 82
13 81 92 66 67 90
24 30 74 23 44 59
19 94 20 72 8 69
56 57 42 40 97 49
54 96 89 70 21 93
27 52 75 25 96 48
38 37 41 63 47 7
82 26 98 85 24 74
54 97 88 73 34 10
20 91 62 65 78 1
25 11 32 63 16 24
48 17 74 99 40 92
44 36 73 90 86 75
50 60 12 39 95 87
43 88 84 49 18 71
42 11 16 29 57 8
53 73 87 49 43 21
95 72 45 51 41 2
33 96 26 61 48 90
88 66 5 77 79 3
24 90 49 79 97 29
37 91 88 59 10 73
6 75 84 67 8 22
47 17 26 50 80 4
71 56 44 20 39 66
26 90 85 38 81 67
45 52 55 1 93 12
36 86 50 75 97 16
24 3 7 74 42 71
6 30 35 18 33 83
92 25 94 72 23 19
15 42 20 97 58 39
82 80 88 69 51 46
78 35 6 79 9 32
21 54 47 3 17 86
47 31 73 87 80 33
65 69 15 4 53 25
92 96 40 72 48 54
17 62 85 91 37 43
26 46 42 90 95 70
14 19 96 77 62 85
75 58 52 11 22 65
24 9 74 20 32 55
86 37 6 87 30 79
94 50 23 63 71 13
86 17 62 28 12 72
56 19 8 48 66 68
78 40 76 51 85 39
87 41 83 64 71 79
82 37 33 1 50 15
5 67 71 69 12 84
55 19 4 32 75 38
20 81 21 48 66 79
30 92 49 80 31 33
88 9 77 65 36 62
1 12 97 85 93 48
25 95 50 91 42 28
39 7 92 31 79 94
73 38 2 87 21 72
14 40 13 46 53 88
46 37 93 1 78 48
94 52 68 73 72 58
3 30 86 79 75 74
59 55 82 51 65 43
32 91 61 26 80 36
89 83 39 8 52 28
17 65 14 93 73 54
92 61 13 5 90 96
53 46 12 29 66 98
34 31 82 27 26 97
85 51 60 63 93 45
21 80 18 65 91 19
75 12 97 11 27 13
49 94 28 74 53 96
38 10 1 77 5 48
92 21 10 40 37 61
89 33 50 13 27 12
2 23 82 16 60 86
36 38 24 98 11 88
62 91 54 44 79 47
24 47 30 20 8 96
55 58 71 7 46 28
39 21 29 65 83 67
82 89 18 74 25 97
41 14 23 95 37 79
80
94
50
25
91
7
82
35
58
45
26
54
29
51
98
18
5
78
60
37
14
3
10
6
68
75
63
66
40
23
9
85
4
84
79
69
53
38
93
1
17
33
95
13
49
27
83
81
80
21
71
11
74
24
30
67
97
64
43
96
48
52
90
44
8
39
86
28
41
19
87
36
70
57
56
2
32
77
89
73
65
