8 8
56
93 21 76 77 56 10 50 92
41 36 39 90 79 23 18 54
51 65 7 26 38 52 27 59
44 43 47 49 19 31 88 28
69 85 5 66 60 48 34 64
16 78 29 62 37 83 32 82
75 72 81 86 55 42 89 70
12 11 99 24 13 46 74 20
6 90 68 43 34 57 81 49
1 26 63 29 96 92 44 11
37 42 48 71 77 52 31 23
18 10 60 54 61 9 56 30
46 99 80 51 3 13 78 58
72 91 69 19 2 67 88 33
89 73 36 59 79 74 16 93
86 7 45 66 97 85 98 87
80 67 8 17 35 31 81 2
27 84 45 16 79 58 73 56
3 85 24 32 65 70 96 13
89 44 25 99 61 14 33 9
46 93 50 1 76 38 68 74
57 10 51 87 62 95 53 66
39 7 49 30 15 12 43 19
29 72 52 92 82 91 21 71
42 80 90 28 51 82 73 70
87 1 39 86 61 56 75 30
15 5 37 47 22 60 63 99
20 78 76 40 45 72 34 57
52 93 12 65 17 21 33 96
97 29 6 11 44 83 4 32
58 55 35 38 25 14 10 26
62 94 84 46 67 13 64 43
17 65 53 83 93 14 94 77
51 8 85 41 92 62 71 96
36 64 80 82 2 34 22 12
43 9 99 86 45 67 74 90
52 70 29 79 72 84 27 21
7 38 25 68 63 56 32 55
11 28 13 5 89 87 97 78
59 6 88 47 95 44 39 75
5 88 69 43 7 20 51 90
6 87 70 2 59 35 64 14
74 83 53 24 71 48 46 58
9 62 41 82 72 73 30 4
22 49 11 45 89 40 33 29
10 23 91 60 17 42 55 13
75 67 81 12 18 19 21 56
44 15 26 68 27 1 8 32
7 93 36 76 74 27 69 44
85 5 65 82 61 38 47 52
22 86 26 34 87 75 94 46
80 57 67 30 71 41 90 29
15 59 40 53 99 18 96 21
63 66 91 35 51 39 78 73
95 37 68 24 14 50 33 45
81 92 11 3 79 6 32 8
9 37 63 84 13 76 78 56
17 4 36 48 28 87 27 57
5 98 52 30 65 11 32 96
50 79 90 69 55 62 83 93
47 53 33 42 1 38 60 40
14 39 91 46 41 66 85 80
92 88 58 97 21 74 24 45
34 99 8 35 7 18 20 95
96 97 74 31 8 47 22 53
9 57 5 70 98 46 54 40
49 59 35 61 60 43 34 10
16 7 48 94 38 86 81 2
90 24 3 91 28 56 88 21
67 78 89 58 32 39 92 64
52 77 33 19 23 63 41 36
4 62 20 25 44 84 37 45
47 69 27 53 66 25 52 72
22 4 60 87 55 24 7 2
51 23 70 71 81 12 34 88
37 41 98 49 56 39 57 84
18 96 8 79 59 67 92 77
13 91 38 68 83 75 90 95
46 93 30 35 19 86 80 50
14 64 29 65 15 58 97 82
44 19 65 81 99 79 56 74
93 4 86 6 8 96 59 39
53 52 95 15 32 83 76 90
63 30 58 26 11 82 20 22
80 66 67 47 54 60 37 61
40 88 98 27 33 87 50 13
21 14 77 92 64 10 75 70
69 48 62 5 9 36 25 31
64 17 82 83 28 72 39 43
90 33 7 27 65 51 97 94
23 81 75 77 69 10 11 67
1 62 71 76 44 35 68 24
74 21 87 49 70 31 14 73
22 41 80 38 13 84 32 46
78 6 26 85 12 60 19 2
66 47 3 95 93 36 34 42
7 23 82 58 20 5 50 61
39 27 56 81 96 26 85 88
73 8 77 83 86 59 28 57
24 98 6 84 74 45 31 60
15 16 51 12 54 70 10 21
64 1 66 87 9 48 62 2
17 55 89 53 80 93 11 3
69 52 44 38 40 30 29 33
53 67 69 7 23 71 61 97
95 66 88 50 90 18 72 27
26 38 17 25 14 55 30 64
65 84 34 16 22 24 28 96
57 47 78 20 62 56 68 29
3 91 8 1 82 83 41 93
94 92 54 36 5 19 33 15
35 86 9 12 40 89 70 60
21 94 66 62 82 13 11 75
77 86 1 85 45 99 3 97
53 54 51 83 44 31 18 73
10 93 25 26 33 60 96 35
49 90 6 8 95 88 9 63
74 67 14 91 12 22 30 17
24 36 55 7 57 40 5 23
65 41 39 42 29 43 19 59
17 15 20 92 10 39 66 51
61 16 53 93 27 29 69 24
98 80 31 45 84 7 26 94
75 3 59 36 96 68 32 1
63 25 41 21 88 48 54 43
12 86 9 70 19 23 44 18
55 77 30 11 40 13 90 47
78 87 38 67 76 79 33 74
86 41 73 94 40 53 57 63
97 22 13 47 79 52 45 20
74 82 37 36 14 44 7 87
49 77 43 9 78 55 16 54
23 2 50 75 33 15 46 17
34 61 85 10 67 11 12 4
19 62 27 88 51 21 80 5
89 59 18 98 66 6 90 35
69 46 12 38 71 5 78 64
40 14 63 52 32 43 4 20
27 21 91 17 90 60 83 45
95 80 57 82 87 77 92 31
56 35 97 93 11 49 84 9
37 28 86 61 94 44 1 48
33 73 72 41 25 79 26 55
74 59 39 30 3 62 67 10
44 16 41 22 58 2 80 34
61 35 19 5 24 94 85 12
90 78 39 10 33 57 26 25
17 13 53 81 42 49 65 27
70 31 67 89 74 56 62 40
51 71 48 68 9 79 29 92
59 84 98 6 20 97 50 60
77 83 99 87 47 66 14 95
98 78 10 12 93 82 84 44
48 75 94 23 9 8 79 55
86 71 70 76 74 11 95 88
64 50 30 1 29 26 49 83
68 72 39 51 58 33 27 66
16 57 41 60 40 31 92 4
91 62 35 2 24 37 21 54
34 38 6 18 17 15 73 61
59 3 46 76 88 29 4 11
51 82 92 36 6 83 33 69
52 42 19 91 17 16 47 28
79 55 2 95 63 54 35 13
1 96 98 10 70 14 30 58
77 90 7 62 49 26 81 68
94 21 89 57 84 32 73 25
22 80 38 75 78 56 67 87
63 52 76 12 69 49 6 43
99 45 1 71 42 38 92 74
66 73 7 97 95 15 35 14
31 4 70 57 40 5 75 85
67 34 44 21 86 51 2 78
16 26 53 19 65 25 41 8
13 24 62 50 68 10 18 72
23 89 98 17 87 30 61 79
99 19 80 24 93 62 70 83
95 94 8 86 3 13 52 31
40 66 27 25 43 15 61 56
36 50 35 58 23 11 65 76
96 74 87 9 54 57 16 69
49 45 53 63 33 48 72 78
29 77 84 92 20 2 88 73
10 21 60 81 67 38 51 82
67 65 86 8 46 75 49 36
53 44 70 27 96 66 10 21
91 25 59 48 38 78 43 3
84 17 93 37 34 28 64 39
83 87 40 41 89 80 19 47
15 56 71 23 1 88 62 92
94 5 79 35 22 50 20 51
61 58 81 77 33 52 31 98
22 94 62 99 81 85 4 18
7 9 61 53 77 45 82 93
80 37 1 15 43 57 55 3
75 26 72 16 98 66 79 58
52 51 40 38 59 2 27 6
14 17 13 20 74 87 69 32
47 34 67 56 97 29 64 91
68 41 23 48 19 84 21 11
39 67 43 97 52 62 87 64
94 12 11 72 24 33 66 20
53 28 90 14 98 41 54 48
95 6 23 13 96 70 65 55
68 50 73 58 21 30 60 59
92 38 18 27 26 17 31 86
51 81 77 32 8 83 56 25
19 61 69 82 16 5 63 34
48 27 80 69 24 35 72 19
46 40 79 76 59 98 42 71
95 8 2 13 65 77 56 68
61 20 93 58 92 16 26 60
5 43 70 41 51 30 81 18
50 28 52 94 31 87 55 11
96 23 83 3 54 86 1 29
57 78 14 84 64 99 15 36
10 89 46 49 53 57 25 77
59 79 85 54 52 1 84 35
40 55 44 48 72 98 4 9
18 31 29 70 69 30 71 73
16 27 62 37 19 81 21 91
50 78 88 33 80 65 13 82
12 11 67 39 58 93 42 28
38 61 23 74 8 32 7 24
47 92 79 1 34 53 56 32
63 28 7 91 2 94 48 52
3 12 24 29 82 90 22 36
57 38 76 89 55 23 74 68
42 25 66 10 41 4 93 71
35 15 49 83 19 21 30 43
70 58 16 78 64 62 65 40
86 39 75 5 69 51 96 26
11 44 87 60 40 31 70 74
75 93 2 39 58 54 4 19
73 30 48 3 46 21 84 98
89 45 65 83 80 36 82 76
16 25 23 1 51 32 29 92
5 59 85 71 50 49 42 79
34 7 37 38 86 61 55 68
33 81 41 6 15 9 13 12
23 20 31 27 36 71 29 89
42 97 45 30 13 1 61 10
57 28 69 58 21 74 88 56
77 96 26 3 50 75 76 43
82 62 24 7 78 86 91 14
60 11 70 55 79 85 33 52
64 38 68 2 44 39 25 34
6 32 9 53 81 35 87 48
38 58 46 66 28 15 1 91
4 54 9 59 82 71 61 32
8 49 11 27 76 78 7 67
57 35 34 48 87 10 62 90
24 84 2 81 89 29 23 37
98 68 65 60 45 83 20 33
31 52 43 64 70 3 80 30
14 12 74 44 94 22 39 77
84 91 51 44 63 66 12 32
60 25 45 14 38 56 83 81
89 96 77 72 35 29 58 1
55 59 62 16 93 87 9 94
43 78 69 34 50 40 26 64
76 31 79 19 74 99 67 95
7 49 8 11 48 3 86 36
98 10 57 33 68 5 71 39
37 70 19 33 22 68 29 40
2 47 15 31 14 39 21 99
93 44 90 48 85 49 81 7
6 8 72 16 28 60 38 13
82 36 41 57 56 62 91 4
89 76 64 10 12 34 11 5
94 88 43 46 96 63 1 75
83 65 24 71 30 78 92 86
38 62 48 93 46 43 63 23
6 94 29 84 54 57 89 45
19 88 97 85 11 21 74 34
44 22 50 20 65 77 13 3
91 52 15 70 56 9 67 90
39 68 99 36 53 80 25 1
37 16 5 18 24 47 61 92
28 40 95 41 60 27 14 79
85 5 14 60 15 44 79 52
76 86 81 96 70 57 6 78
77 66 72 92 68 16 84 97
1 30 33 80 91 51 13 34
37 2 65 64 74 49 24 47
7 95 18 69 46 90 20 89
42 9 56 55 17 26 62 99
41 22 35 21 53 8 39 3
58 89 29 1 84 16 12 74
72 67 7 94 24 79 50 65
2 23 26 75 28 90 60 51
19 20 61 80 68 30 66 55
44 76 14 64 86 18 21 70
32 40 73 54 13 37 5 34
45 8 48 82 91 88 56 98
83 22 59 4 42 78 46 15
84 19 9 16 59 38 52 70
29 61 42 21 4 98 78 17
67 37 11 57 95 72 20 36
6 28 53 89 73 22 81 18
49 82 12 44 76 79 35 63
77 32 31 48 55 69 71 75
68 24 7 88 91 26 62 23
1 97 56 54 80 66 8 64
80 70 17 69 42 73 61 31
51 46 27 88 60 1 59 82
14 15 62 53 39 92 8 9
72 22 2 5 44 11 4 55
25 65 38 52 49 10 83 57
6 64 35 18 84 89 90 20
16 71 24 30 99 58 93 43
74 50 95 79 96 32 23 86
20 55 95 32 68 27 88 79
22 40 7 19 92 37 62 60
5 46 15 33 30 29 83 14
77 74 24 87 42 94 41 61
35 17 58 6 66 21 70 69
65 80 81 64 45 47 72 57
89 93 2 53 82 25 16 78
73 56 28 85 97 52 11 23
69 22 95 1 21 58 49 25
75 50 60 46 48 90 19 27
43 9 8 70 34 44 56 91
5 24 85 42 51 84 82 59
39 14 86 20 4 53 80 88
32 18 11 71 15 45 83 96
79 92 47 62 30 7 67 81
17 66 16 13 73 12 77 97
59 43 26 9 87 49 50 23
21 55 62 32 20 57 84 63
40 14 15 42 41 80 60 39
44 69 29 48 71 33 45 99
54 8 67 35 58 31 68 64
11 76 22 28 56 25 90 65
53 79 3 66 77 92 47 86
70 2 1 52 89 30 12 96
14 43 85 25 56 51 93 3
40 9 13 83 65 59 22 88
63 52 36 33 72 95 24 44
79 39 76 29 23 10 28 20
21 37 7 17 31 58 69 86
30 89 48 99 67 98 38 2
91 94 66 12 97 53 57 32
34 80 27 45 62 35 68 47
26 94 79 80 86 41 71 76
31 87 13 9 62 61 89 49
40 63 10 42 46 66 39 77
8 7 65 72 98 84 20 47
95 60 17 36 73 59 57 4
3 91 56 85 50 44 6 69
83 32 45 2 51 68 82 1
97 55 48 90 28 11 23 35
93 79 94 42 84 91 90 45
8 92 69 4 82 21 15 20
83 68 11 32 87 61 27 22
2 60 35 62 33 85 16 44
88 66 98 37 29 1 6 40
71 75 63 95 67 57 43 74
7 48 96 53 73 99 56 31
23 52 49 39 3 34 72 25
87 77 64 79 27 21 52 37
35 30 92 38 36 17 84 40
29 96 24 59 11 39 66 73
14 53 65 72 31 56 32 51
63 7 71 19 75 34 85 8
42 81 55 93 46 1 26 47
18 67 97 6 43 44 2 70
74 94 3 78 82 95 98 49
77 82 58 22 57 4 78 98
9 94 65 18 59 63 51 47
97 96 11 40 52 88 10 17
86 33 25 3 90 36 62 39
38 31 1 91 72 29 24 56
5 69 14 37 15 35 84 99
34 16 71 28 76 21 2 46
89 42 95 79 12 32 23 85
23 69 11 6 79 76 98 38
93 7 85 30 91 17 59 82
2 92 54 46 42 88 16 49
19 28 34 62 33 10 22 83
68 55 18 13 15 80 73 47
32 1 26 70 9 37 51 25
99 14 40 5 97 44 35 89
66 94 74 29 71 52 53 90
86 33 99 62 97 39 80 67
23 51 44 60 83 3 63 96
56 19 84 88 47 5 25 10
28 32 37 1 75 11 69 57
15 66 21 46 79 89 45 87
93 41 61 92 30 16 31 53
2 78 82 48 85 20 50 49
72 54 98 36 35 94 71 90
21 85 92 27 69 66 12 44
42 93 53 52 73 15 25 89
50 7 20 88 71 95 26 45
43 94 18 76 34 40 10 3
64 86 13 9 91 55 31 17
6 65 87 79 37 22 98 99
1 14 32 29 97 5 2 67
82 72 56 74 19 63 61 75
88 36 81 97 91 58 15 50
92 41 35 18 39 42 74 19
65 99 40 6 76 62 9 38
85 30 44 23 79 71 64 96
69 26 16 48 7 4 20 33
24 49 84 2 32 93 37 29
68 28 63 60 1 90 87 45
11 70 83 13 59 14 56 73
49 27 67 9 91 46 48 36
62 22 63 32 29 64 25 42
16 58 30 69 47 97 51 17
74 80 35 96 87 75 37 82
73 70 92 24 45 54 52 99
77 60 50 85 66 90 18 8
10 89 39 57 14 83 79 53
88 81 61 11 56 71 15 98
73 57 48 60 77 90 23 2
40 50 15 61 36 64 54 97
49 46 47 34 91 86 41 87
56 55 27 6 25 45 85 88
80 89 35 81 4 59 26 28
95 83 13 11 62 96 79 19
53 32 1 93 44 43 7 69
78 20 39 9 82 18 31 29
39 61 28 52 74 78 94 70
98 2 75 88 37 62 38 27
92 4 69 30 29 42 11 19
14 6 3 22 67 99 79 21
55 95 53 40 50 26 35 56
34 44 49 18 12 9 91 7
73 13 43 25 84 96 45 32
82 76 90 8 72 57 23 24
38 83 54 84 28 37 71 36
47 11 8 41 34 22 81 12
24 35 18 3 15 66 30 14
69 94 92 93 25 19 67 65
1 99 4 7 63 44 73 43
96 98 9 51 2 70 77 40
61 57 64 82 46 76 16 6
23 52 68 17 48 33 72 42
70 23 83 55 85 68 25 54
84 42 58 45 20 49 46 6
64 53 73 94 87 90 96 18
33 81 28 77 93 31 13 82
1 98 69 79 19 97 57 88
26 61 36 12 41 60 95 86
65 99 40 3 9 92 32 38
27 10 56 15 74 48 8 71
63
96
15
68
81
21
72
30
55
22
60
86
52
99
50
49
18
79
37
48
35
73
87
8
63
93
28
24
6
59
46
3
5
20
2
69
14
1
83
26
32
66
9
13
67
61
56
82
53
71
4
47
27
51
70
76
40
58
57
92
80
75
33
64
