6 5
70
35 39 29 36 7
68 66 50 16 73
57 59 62 40 20
28 81 80 12 99
27 1 3 19 30
44 51 55 9 48
41 18 63 61 53
97 6 7 85 66
44 89 47 31 72
16 15 93 82 3
83 23 91 92 37
9 28 59 42 51
87 30 59 15 56
5 94 26 78 20
2 92 17 7 93
79 28 41 23 99
62 89 60 8 42
39 54 51 76 10
65 79 59 16 36
47 95 53 26 51
72 98 63 45 74
11 84 35 56 78
30 46 69 10 94
3 13 25 71 52
99 23 31 54 77
17 79 71 24 35
93 84 32 16 64
56 89 1 10 38
96 8 73 58 88
62 33 60 53 39
71 97 15 67 61
62 43 6 27 96
36 72 86 42 63
47 89 75 84 92
16 49 90 54 30
66 70 1 83 48
8 40 4 36 48
24 96 42 63 97
26 57 65 39 77
7 35 23 20 86
92 68 45 49 30
50 72 28 61 9
22 16 48 14 99
1 11 2 62 7
15 50 5 87 77
51 57 89 32 28
25 91 96 18 39
23 26 60 17 64
26 81 65 3 63
96 76 17 20 31
79 58 29 55 23
25 5 97 52 86
45 24 21 38 53
74 82 1 27 80
18 36 81 39 68
17 28 30 71 29
38 69 54 78 98
45 46 92 74 59
97 48 55 25 57
5 8 4 2 19
94 20 19 62 32
15 11 80 95 40
82 75 83 7 5
58 55 93 64 16
4 72 73 12 31
70 97 63 60 96
81 44 3 96 49
89 55 48 47 41
92 90 22 76 99
23 61 74 29 7
75 39 14 24 17
80 77 36 1 20
17 50 35 71 29
2 94 27 53 66
24 34 43 91 52
76 70 7 4 30
38 56 47 99 1
16 51 79 77 87
92 11 41 59 85
61 25 87 35 12
16 24 95 7 84
14 76 72 43 22
56 40 88 63 42
86 52 81 50 79
8 31 67 78 22
43 92 54 12 53
27 64 42 87 32
82 41 51 88 98
33 59 16 73 86
96 79 28 72 2
52 57 50 32 37
54 2 12 71 46
16 60 91 68 63
82 24 83 90 8
43 1 26 72 86
42 40 88 58 70
17 72 52 15 6
89 24 3 8 92
34 57 21 46 95
18 43 87 38 32
11 69 94 14 50
37 55 1 66 56
34 13 80 69 89
81 22 91 25 12
94 70 82 31 48
84 58 77 40 57
74 4 55 41 64
53 95 45 38 76
51 57 35 33 18
20 19 9 85 17
77 31 6 21 58
26 97 53 25 14
68 42 81 75 15
82 54 72 89 1
17 73 97 15 27
47 89 63 84 66
38 28 58 37 8
94 26 82 19 53
14 71 36 6 86
12 60 70 50 98
84 54 49 29 33
99 26 95 44 68
18 96 36 98 3
20 73 14 38 37
34 55 83 7 21
23 71 80 40 45
38 45 86 94 52
95 79 40 81 3
43 56 31 54 72
83 25 8 59 82
16 9 73 34 93
32 33 67 24 88
95 26 12 49 7
30 6 27 84 13
69 93 97 57 20
58 63 10 53 23
80 78 42 92 11
16 68 77 33 89
70 27 71 19 62
1 90 28 42 54
92 6 14 53 60
57 79 63 64 45
99 12 29 11 96
81 41 44 39 4
41 29 26 76 92
3 31 20 82 96
21 28 81 17 51
98 89 61 75 73
52 57 13 22 6
48 64 2 70 65
89 53 43 11 38
81 8 61 58 39
75 76 83 48 4
18 24 5 63 17
55 29 94 71 69
22 10 16 64 62
64 12 19 44 9
20 90 65 36 99
82 25 3 30 50
17 6 4 52 40
46 32 70 35 18
45 48 72 41 59
64 86 16 73 12
43 5 32 44 59
76 7 1 75 3
22 66 11 70 58
36 15 55 51 54
50 47 91 8 72
1 97 95 83 10
99 52 28 61 86
67 89 54 23 7
3 35 55 40 25
65 64 63 22 68
77 75 30 20 74
38 68 83 15 3
13 64 97 29 10
27 60 43 85 52
41 87 14 84 90
77 71 58 39 72
30 86 18 32 56
18 14 54 75 8
69 64 92 83 32
26 59 84 63 98
45 81 72 65 4
11 80 66 68 47
44 71 50 9 33
28 20 27 59 29
71 86 25 82 61
17 1 73 58 43
32 97 2 77 56
3 8 11 79 36
69 53 9 48 45
22 10 80 23 72
81 34 15 48 68
26 73 2 16 47
98 40 61 32 12
78 43 13 95 96
52 11 88 39 77
70 82 68 21 13
7 80 67 30 47
20 25 64 36 95
6 69 54 89 15
85 34 90 94 33
93 78 53 32 48
21 8 32 2 13
95 36 79 81 71
23 57 98 41 94
9 7 72 82 69
4 68 3 19 65
53 37 49 64 15
77 99 62 69 82
32 50 14 17 68
42 74 79 45 13
46 85 64 60 56
70 72 12 96 49
78 76 81 4 87
26 22 58 88 97
30 79 66 63 82
95 28 23 80 57
78 14 13 18 16
7 99 4 65 6
9 47 32 76 84
49 44 4 96 91
29 5 68 25 58
63 72 38 83 2
80 71 79 74 46
99 94 64 32 59
19 73 30 15 22
78 32 61 51 57
27 30 83 80 63
87 56 98 17 67
64 3 11 23 44
90 40 49 33 38
59 70 76 68 1
28 2 3 33 68
82 22 81 73 78
48 53 80 57 29
86 8 51 35 40
41 17 93 69 38
77 5 6 95 79
88 64 58 89 86
23 33 20 14 93
28 30 74 50 40
95 76 41 32 99
96 52 51 70 8
59 68 47 29 2
70 32 92 25 66
30 52 11 83 98
75 13 41 44 69
99 46 91 38 63
47 77 93 1 59
68 78 49 40 23
33 83 31 55 80
63 99 49 6 56
5 14 27 91 13
7 39 74 2 59
53 48 11 89 87
78 17 15 9 30
17 3 47 40 14
23 34 24 66 19
81 59 32 36 38
91 26 7 52 97
44 76 90 83 79
72 5 39 98 8
78 68 64 95 30
66 86 97 75 45
37 93 65 51 25
77 20 82 33 36
54 34 17 52 21
85 27 40 4 92
96 93 91 13 97
70 18 82 4 69
75 33 39 44 72
10 66 71 90 86
77 98 57 38 20
54 28 30 37 55
63 96 86 9 83
38 30 29 43 14
79 1 80 45 31
6 52 89 23 40
37 62 54 68 5
74 58 34 66 28
65 29 66 52 17
89 1 53 20 19
72 14 8 7 35
63 11 22 51 15
54 57 70 59 67
48 37 27 45 83
61 52 22 15 26
71 92 62 72 59
7 13 41 66 83
35 75 55 10 84
67 58 88 32 87
23 4 8 85 9
54 63 98 14 66
23 30 65 31 99
15 28 42 1 52
24 7 46 92 41
11 12 27 76 57
58 77 70 96 43
16 31 46 50 84
29 83 97 41 15
42 55 64 70 63
72 75 34 25 66
40 28 26 11 18
9 27 93 62 49
28 94 32 12 15
78 34 27 87 73
97 44 83 62 6
29 67 35 21 31
77 92 9 82 58
26 37 46 16 72
71 27 61 91 73
42 52 88 9 90
13 74 76 69 57
75 5 8 4 17
47 59 14 97 85
36 48 43 24 55
79 47 84 70 46
64 67 5 14 57
59 94 10 26 13
68 3 65 78 60
29 93 34 15 77
72 63 61 35 54
38 30 51 75 19
90 47 65 44 24
3 27 36 52 2
70 23 92 85 59
93 73 34 54 71
55 18 4 60 82
94 15 35 9 25
36 61 48 99 96
77 91 55 33 98
65 6 63 80 34
18 86 37 42 89
40 23 30 75 24
44 67 84 4 70
28 38 34 63 78
49 72 22 37 85
99 36 29 93 6
58 73 5 14 61
92 60 74 68 79
67 73 93 78 82
69 74 75 12 31
89 3 90 29 54
56 61 62 58 22
96 18 10 66 20
27 5 34 24 97
16 85 90 27 36
33 59 91 73 60
6 78 69 11 76
72 25 35 99 51
1 62 15 52 94
49 19 29 26 88
90 24 98 21 70
57 23 40 8 28
44 53 52 88 65
3 43 75 71 79
6 7 54 89 93
5 83 86 26 16
3 26 79 65 8
12 4 64 56 92
47 11 10 87 97
51 55 58 33 13
34 9 5 48 96
22 95 38 59 46
30 35 5 15 21
34 37 60 65 1
32 87 82 24 14
45 98 3 8 20
78 79 16 33 12
63 66 72 19 23
20 87 96 76 48
83 92 94 74 62
81 23 33 53 5
82 41 45 71 70
58 77 31 78 57
32 21 14 85 72
6 18 85 48 72
60 10 21 99 25
49 30 22 20 4
9 97 74 36 34
92 54 83 24 15
8 62 38 61 96
75 4 55 92 50
18 25 19 27 69
40 47 26 22 61
58 73 91 10 95
98 68 12 96 44
81 71 74 82 31
49 83 80 10 13
56 46 21 15 6
22 85 78 54 16
38 94 87 40 11
29 72 76 45 70
59 9 31 37 88
7 72 55 36 10
34 52 78 87 91
53 77 48 58 20
73 30 8 95 50
54 61 59 89 39
35 19 63 32 56
33 5 72 36 1
11 78 81 73 19
74 2 79 30 6
83 55 61 17 84
4 21 88 75 64
68 96 86 12 48
86 41 7 36 91
23 96 71 46 99
67 89 16 53 10
40 5 87 28 62
72 54 90 64 12
1 35 24 78 55
29 82 80 48 13
37 86 26 10 40
4 31 33 19 39
38 46 61 89 2
47 62 45 54 27
8 55 65 72 15
1
1
