6 4
43
19 90 36 93
81 94 63 22
84 95 31 97
49 67 86 7
4 17 54 48
60 24 92 75
52 94 99 1
14 83 17 42
27 74 98 4
90 44 72 39
10 21 82 77
2 38 87 59
19 55 77 26
33 79 72 15
42 11 81 58
64 59 71 14
84 21 17 95
35 47 52 89
28 14 41 86
53 17 22 26
52 60 98 21
49 84 31 47
15 54 18 33
61 78 10 5
70 83 51 15
80 12 41 37
20 90 68 84
3 67 25 78
5 29 50 61
38 57 65 63
36 22 84 68
65 46 72 32
23 70 66 10
94 45 47 98
28 41 62 90
64 38 77 85
46 2 52 85
29 49 18 99
34 15 66 56
73 39 59 91
75 92 84 1
97 89 79 90
37 97 70 54
96 88 71 93
62 32 87 15
81 72 66 94
57 77 85 46
4 50 78 31
41 32 62 56
12 84 50 65
71 60 34 1
10 22 5 81
59 2 76 38
15 93 45 80
82 8 29 17
48 13 43 55
45 88 62 90
98 99 70 42
9 24 37 21
38 67 22 58
9 69 79 19
73 32 92 78
59 18 25 66
7 36 35 98
54 55 20 40
91 89 94 58
67 4 12 93
72 63 36 86
61 35 43 17
91 32 8 20
92 56 52 23
76 58 31 46
29 59 21 61
79 8 27 37
30 86 80 53
17 41 39 96
82 32 97 91
54 76 60 93
51 14 28 90
11 8 71 43
36 24 25 16
13 74 19 82
32 85 34 49
6 3 70 61
5 44 47 72
20 62 32 65
73 64 69 97
56 31 78 83
51 77 41 21
98 15 89 11
11 51 3 80
15 71 56 82
98 55 58 33
63 5 41 79
18 17 66 52
99 1 68 4
51 50 36 75
90 74 92 60
68 81 96 48
34 83 1 87
28 82 7 38
65 41 44 88
20 73 88 35
47 52 32 71
13 27 11 92
57 43 60 3
22 40 83 16
54 59 53 85
37 80 14 91
67 56 38 90
53 82 20 34
77 60 32 23
16 43 33 28
46 96 47 61
49 2 10 62
39 37 98 45
89 56 35 11
44 7 47 46
6 61 24 97
32 86 41 33
61 38 54 78
67 1 17 58
3 28 10 25
73 44 34 59
30 29 62 82
95 60 92 24
22 83 50 31
87 40 78 66
93 41 7 33
18 73 69 47
21 74 97 49
79 62 61 37
42 50 7 58
9 41 3 92
44 90 2 79
8 13 64 91
74 28 35 55
12 51 27 46
39 8 18 82
44 37 22 16
71 87 94 24
34 78 49 29
97 51 83 14
77 99 38 47
66 3 51 17
25 22 23 73
31 78 10 72
26 35 44 49
85 68 46 2
11 21 1 74
82 36 4 89
10 40 68 44
74 21 34 81
5 14 55 75
24 78 63 84
25 95 12 33
3 47 28 14
31 86 15 85
83 94 7 96
79 44 30 23
26 36 45 10
63 5 48 93
70 12 20 24
91 82 42 47
2 87 63 30
13 97 44 37
93 21 10 39
48 83 71 17
99 58 44 3
61 98 12 14
70 13 80 69
60 52 51 7
28 45 26 84
71 56 5 19
66 76 32 22
12 45 17 29
8 9 38 71
98 13 48 18
6 61 73 52
43 74 67 36
25 49 72 40
35 92 41 44
9 54 85 34
37 22 2 58
90 84 86 12
39 6 3 17
60 96 48 61
88 15 39 67
33 53 89 51
10 13 38 11
28 43 44 64
21 70 58 76
95 76 78 46
53 30 37 4
88 23 6 63
80 62 93 99
49 45 26 39
44 40 61 29
91 29 33 45
34 7 31 10
94 83 71 36
21 44 76 18
3 12 22 48
49 28 82 92
5 17 79 83
11 28 97 84
32 76 35 50
73 46 86 69
42 87 38 34
31 48 93 80
8 49 11 13
61 47 29 1
35 64 27 91
80 40 2 6
73 25 54 43
45 53 93 76
98 95 1 65
54 3 97 90
10 52 21 12
77 22 88 42
41 61 58 8
9 24 73 64
89 98 79 65
30 88 83 51
12 11 36 20
55 9 5 62
87 80 81 38
57 60 72 22
57 54 8 21
78 71 90 89
2 84 13 49
87 98 41 58
22 9 66 76
65 83 73 52
89 79 85 83
75 96 52 26
9 46 44 91
80 64 42 93
48 54 36 24
45 22 27 10
3 68 33 37
2 40 48 73
36 87 31 7
54 35 71 78
34 26 9 80
21 8 45 96
29 12 78 37
77 84 60 86
94 63 62 92
55 18 2 96
36 66 8 15
3 7 97 49
28 19 41 35
32 36 50 68
46 15 30 37
56 85 77 8
23 79 54 73
71 9 10 81
14
71
99
63
79
59
7
2
43
17
21
98
94
61
88
