5 8
82
56 88 66 46 62 36 44 33
64 57 72 16 84 99 5 22
17 49 34 73 80 51 4 2
28 38 3 95 1 30 91 71
18 61 75 53 81 47 21 74
30 78 47 18 67 40 85 34
28 17 5 12 16 11 69 68
24 10 41 51 45 35 29 60
70 13 52 46 72 62 89 58
55 57 50 88 31 94 79 21
6 24 13 50 42 29 57 74
12 85 41 43 46 3 30 39
75 90 25 62 47 82 7 99
88 4 44 48 45 78 22 63
1 61 15 76 94 37 32 77
7 51 89 75 65 2 55 46
13 45 98 67 11 43 97 54
77 76 91 37 36 32 94 57
88 6 79 81 35 12 52 40
15 80 4 26 59 72 56 92
89 19 55 78 2 14 64 44
26 58 21 97 11 85 70 81
35 86 52 13 53 54 9 68
4 41 69 66 56 17 34 39
92 71 46 79 62 60 49 25
25 46 83 85 54 31 32 64
71 79 55 61 77 9 26 66
68 27 58 93 28 17 40 81
94 90 47 18 6 12 67 24
15 43 51 76 35 73 1 30
80 39 96 59 43 36 27 32
26 9 24 29 23 46 33 81
82 61 42 66 57 20 37 35
7 95 2 30 67 71 48 72
55 10 52 77 87 45 25 51
68 11 25 18 84 98 37 76
43 57 27 40 72 47 66 30
70 3 24 86 87 74 31 90
4 14 56 20 64 67 61 5
83 35 38 94 22 52 80 50
33 18 22 47 62 79 69 80
67 56 54 65 45 63 70 93
88 99 25 71 6 17 78 52
75 30 24 82 48 9 85 21
15 38 61 81 23 84 14 90
9 3 60 78 28 33 69 42
38 25 11 77 93 43 26 14
84 31 75 24 81 17 50 4
56 76 57 86 6 79 2 66
88 74 36 19 63 99 44 70
73 16 13 26 75 98 92 28
54 74 80 67 55 30 53 23
6 56 17 43 38 51 66 27
7 62 46 64 10 57 11 82
15 96 37 76 71 2 19 61
22 98 92 70 52 48 82 17
66 49 16 93 58 19 51 76
75 89 9 96 97 99 73 14
3 86 46 57 38 6 25 53
4 40 69 83 81 10 24 21
8 52 5 19 37 67 34 50
75 74 59 56 53 54 9 43
35 84 10 47 79 2 27 97
18 55 48 45 60 85 42 72
26 14 91 81 46 23 58 22
35 17 9 3 52 1 21 86
50 4 10 84 23 45 48 7
99 20 18 12 77 47 60 75
8 91 38 96 22 67 6 5
32 59 71 42 19 57 41 27
13 7 40 80 88 23 60 31
81 68 19 37 97 47 50 72
5 46 84 26 28 34 51 36
99 16 79 83 76 2 94 32
52 1 45 55 70 6 77 63
55 34 39 10 70 45 74 80
57 54 19 76 40 4 14 72
75 17 36 43 63 83 88 32
21 48 64 3 53 49 11 5
13 37 94 98 41 79 66 26
9 63 20 34 76 35 87 45
23 55 99 80 96 97 49 74
79 39 4 65 62 22 47 12
13 1 88 67 77 37 73 71
68 41 95 51 8 33 10 11
38 63 47 65 15 36 61 33
97 89 94 17 57 59 27 78
7 4 98 67 48 14 42 70
99 12 55 54 8 29 86 72
83 2 95 87 44 66 37 74
26 70 23 32 30 91 36 87
48 21 47 2 82 12 78 51
66 7 8 58 6 55 9 72
56 99 40 64 67 69 22 35
31 28 14 68 10 71 3 61
97 41 55 69 83 81 27 38
13 36 14 37 28 94 39 52
26 16 89 47 57 2 84 86
5 82 54 29 30 95 96 88
46 1 45 35 51 98 10 75
14 3 61 95 45 28 54 1
98 50 6 71 11 31 25 19
23 10 17 42 87 33 75 36
12 39 66 85 81 27 84 32
72 47 40 58 56 77 26 44
74 26 9 65 59 73 86 45
43 63 87 28 2 96 16 79
41 85 27 83 68 95 76 22
51 80 21 77 5 25 8 18
15 12 61 67 72 97 53 1
74 96 81 79 60 27 78 50
72 61 6 90 12 55 95 35
77 76 36 94 7 71 34 39
51 85 63 92 31 16 45 70
2 3 80 89 82 19 62 66
8 51 97 87 57 99 2 49
88 78 73 9 63 29 77 91
41 54 60 68 62 30 70 59
80 40 31 83 55 37 72 79
53 96 43 23 75 28 64 71
75 51 36 76 89 95 22 9
43 24 45 94 33 7 6 57
56 35 58 20 79 21 87 59
13 98 64 55 96 38 70 4
61 81 12 16 54 40 84 19
81 84 62 10 55 13 60 40
14 88 7 3 25 86 28 12
29 24 77 34 49 98 94 41
69 75 22 31 65 71 39 36
11 6 78 16 57 59 83 96
37 56 96 68 46 88 64 43
21 73 35 61 41 69 54 51
18 67 55 12 45 53 29 92
23 50 74 86 19 95 63 25
98 20 75 27 82 16 1 60
38 22 4 3 65 49 97 61
77 5 94 69 31 11 62 63
75 47 54 25 68 76 58 96
55 51 14 43 21 13 74 26
87 59 91 73 2 30 89 24
21 12 90 78 14 81 58 68
8 33 71 59 56 10 29 53
1 84 24 85 74 17 57 38
27 72 75 92 23 86 61 19
51 35 94 43 46 88 67 32
71 16 68 70 22 17 9 54
65 51 46 44 91 5 13 97
15 2 90 6 62 85 29 84
31 94 78 80 93 74 59 35
76 33 8 72 14 7 57 99
46 26 33 96 11 41 7 71
55 3 70 76 20 61 74 30
85 14 44 15 69 72 35 63
83 24 39 54 38 18 68 98
87 22 19 59 53 4 50 25
71 98 81 18 99 95 73 50
68 37 60 80 35 55 49 29
69 85 52 10 9 84 40 88
28 22 20 15 61 14 72 42
96 94 30 39 59 89 56 13
41 97 45 8 44 92 32 13
24 75 93 59 26 78 71 95
51 25 34 30 82 66 65 47
85 20 70 35 40 94 74 86
58 57 22 64 12 11 91 77
34 78 39 50 99 12 84 16
70 15 66 31 61 59 71 60
47 55 68 76 9 4 69 18
93 96 42 57 7 40 63 89
87 20 52 27 2 80 82 46
62 63 78 3 94 1 82 20
75 9 16 18 27 73 35 28
59 34 13 60 81 39 85 41
53 77 70 24 12 46 93 84
17 11 98 23 76 40 2 10
25 86 81 5 17 93 83 22
51 97 95 50 53 20 12 11
46 18 52 59 74 71 55 75
89 6 94 29 96 2 54 68
4 19 21 64 34 84 10 73
85 25 47 68 32 78 1 63
38 34 66 51 60 16 56 14
10 19 31 71 39 7 75 79
58 95 96 80 5 74 3 62
88 30 52 61 20 83 49 82
72 40 73 19 47 64 65 31
62 51 75 21 27 48 93 56
44 23 26 5 35 92 3 9
57 88 4 60 20 50 91 10
84 90 14 2 61 18 63 22
8 79 45 59 86 75 28 92
33 26 52 88 39 57 56 20
85 21 60 37 95 93 27 29
24 94 17 48 50 19 97 6
3 11 76 77 55 83 69 90
31 11 66 34 55 86 83 19
48 74 96 27 70 1 97 61
29 40 10 64 38 5 18 7
21 53 92 28 45 76 15 14
56 44 78 72 91 25 32 68
53 37 15 96 13 99 18 84
77 59 12 16 44 8 61 91
5 68 40 22 69 54 17 88
9 98 21 94 50 57 34 62
45 95 63 64 4 27 29 36
48 42 80 50 95 89 53 36
52 70 26 11 24 8 46 61
10 68 65 83 63 35 67 58
59 87 5 22 74 38 37 98
78 99 86 40 85 41 57 31
35 71 28 2 11 26 48 81
12 74 51 36 47 34 73 95
5 41 79 75 33 18 31 57
54 14 99 44 59 58 83 70
55 22 64 9 65 50 96 61
91 95 60 40 13 9 99 92
16 87 28 83 78 61 94 18
36 48 5 41 12 8 93 2
90 58 45 69 44 25 19 34
82 15 66 63 56 39 80 98
70 82 16 96 10 94 56 48
34 39 69 98 66 79 74 92
75 1 29 63 88 86 2 4
32 27 97 21 46 50 41 85
31 77 18 25 5 12 8 78
70 59 22 78 23 47 86 87
88 52 16 5 26 41 42 55
17 63 73 68 84 10 34 96
20 99 28 85 19 98 56 50
82 11 74 44 53 60 30 18
60 61 21 3 30 32 46 22
1 96 23 77 91 88 15 10
11 43 47 71 24 62 85 34
28 51 90 99 72 67 18 26
31 75 79 56 7 95 78 81
8 46 50 33 26 78 56 93
85 37 2 63 22 80 87 35
64 72 29 28 19 81 39 17
5 76 77 9 3 42 4 75
48 51 97 11 83 6 7 52
86 42 50 7 29 33 16 23
75 74 79 81 3 58 27 13
32 28 61 64 21 31 59 6
30 22 76 4 60 65 85 68
97 55 71 2 34 88 14 63
87 85 75 73 98 18 45 86
93 97 5 41 88 59 66 99
71 10 31 47 69 11 16 74
89 78 26 17 30 61 58 42
67 81 36 62 25 56 28 29
18 84 89 98 92 16 14 52
41 87 43 45 83 80 55 75
94 85 11 68 29 26 71 49
86 95 73 4 8 19 62 28
13 37 50 1 5 64 88 44
63 19 33 79 56 4 54 6
66 28 59 57 39 21 96 18
74 88 16 58 22 76 25 71
1 89 97 37 50 34 38 55
53 42 11 20 24 86 99 78
48 38 40 98 51 2 88 13
19 8 62 39 91 58 81 18
52 75 11 46 23 28 56 86
87 72 9 35 17 82 96 10
59 14 76 34 50 36 73 55
8 56 42 14 51 24 94 65
62 74 27 95 16 41 97 87
1 52 4 55 98 38 25 84
39 68 18 23 7 35 37 20
21 96 72 49 10 12 6 79
97 7 63 59 9 84 56 21
4 70 93 54 41 19 13 81
98 36 79 87 91 77 55 6
44 94 12 72 46 99 78 29
24 22 27 32 5 2 92 26
15 54 72 84 12 23 25 51
70 96 28 2 89 30 4 87
97 20 18 8 90 44 92 53
37 74 60 9 7 56 11 82
16 17 94 75 77 81 91 36
83 27 16 41 29 88 34 52
19 3 90 5 38 59 56 30
40 55 24 68 46 20 95 75
60 4 79 70 26 22 37 99
94 9 54 76 15 6 35 74
48 15 18 95 80 53 99 52
4 87 43 10 97 20 46 59
16 85 1 41 79 58 32 91
36 78 94 51 27 65 76 60
44 9 22 82 92 77 63 12
96 84 67 57 17 27 2 86
30 24 20 68 50 43 58 64
47 70 33 80 51 52 37 78
12 66 75 25 8 19 54 63
87 94 32 11 49 28 29 18
19 6 33 85 67 38 11 86
95 41 5 94 68 99 81 10
48 8 83 46 92 70 79 74
50 75 66 20 30 56 16 44
65 36 52 34 9 91 84 98
75 45 68 5 6 30 33 93
37 44 69 55 26 81 89 54
34 62 42 19 94 85 1 49
88 76 71 60 35 24 99 15
20 31 28 50 90 53 12 47
3 90 73 58 16 45 76 23
57 89 49 1 39 7 20 82
15 81 99 80 78 64 74 21
44 26 14 35 9 11 18 36
92 50 68 30 63 87 84 17
34 77 4 66 48 29 16 59
54 24 62 3 2 87 6 9
7 18 86 56 26 95 99 36
64 53 83 69 58 8 14 65
72 30 67 45 20 57 13 75
62 1 42 87 13 45 40 69
41 72 98 4 43 32 58 12
46 75 19 59 82 47 66 17
8 5 26 94 25 30 77 14
10 21 88 64 97 24 89 22
33 8 20 64 16 9 12 5
91 47 84 50 86 54 42 80
21 49 15 65 48 38 26 24
79 93 11 28 36 60 70 51
34 45 18 1 62 97 22 66
26 82 98 73 10 59 48 39
61 36 37 34 66 17 89 41
54 14 11 77 81 93 88 85
40 28 1 27 43 15 50 78
6 7 23 45 65 5 91 97
24 49 43 84 68 36 91 62
76 17 54 27 89 67 51 95
85 16 70 31 59 5 28 6
26 18 94 19 99 45 66 33
4 57 75 37 30 40 93 25
36 94 22 27 15 51 48 5
88 87 29 33 77 85 63 28
42 56 61 6 73 4 49 67
37 89 65 19 10 81 93 2
83 74 25 55 16 80 43 47
79 92 65 50 8 85 68 75
99 19 10 49 77 37 93 94
58 97 72 89 20 66 70 98
33 39 41 30 61 31 47 73
63 81 80 14 53 24 48 95
52 95 12 15 84 54 98 40
73 75 37 65 8 68 83 70
34 96 9 29 45 22 78 49
41 2 13 74 38 76 91 85
23 16 44 48 53 30 25 51
66 44 96 84 43 26 8 21
89 15 61 95 49 59 22 72
18 17 92 65 33 47 80 50
31 68 28 24 70 40 7 20
4 53 63 51 29 71 79 64
10 37 85 43 99 69 33 66
5 81 90 92 49 41 98 28
64 13 38 96 3 76 30 12
60 39 95 84 4 36 24 58
73 56 6 27 26 2 87 46
5 74 98 9 52 79 64 61
4 93 55 63 97 34 50 88
83 76 21 18 16 40 11 44
71 31 46 58 48 22 1 23
78 41 68 20 15 69 43 85
26 89 17 49 2 76 39 1
57 73 12 34 19 33 54 77
13 20 69 35 18 25 79 42
63 75 64 92 15 99 10 38
95 83 48 82 24 85 67 74
22 4 73 74 95 33 7 75
53 98 29 89 42 10 66 17
59 20 38 55 94 76 57 19
45 36 64 56 69 63 91 93
32 99 96 79 30 82 27 39
56 69 89 36 51 80 13 93
44 38 73 26 22 41 46 4
88 40 50 78 9 23 99 68
65 79 85 95 47 29 35 14
72 61 81 45 86 19 7 8
42 95 82 68 79 59 21 51
62 15 93 25 66 89 97 33
67 10 11 22 53 87 43 13
16 83 65 64 48 7 49 88
23 45 63 26 4 91 3 1
66 39 18 80 98 74 87 85
14 22 41 3 24 11 38 2
12 76 55 62 6 33 5 68
9 54 25 81 51 78 32 53
45 29 86 94 63 77 97 75
1 46 49 20 7 56 5 77
10 26 32 12 14 86 93 52
25 13 34 51 53 23 99 27
62 40 54 78 47 72 63 92
18 31 57 11 36 89 87 82
65 59 12 48 2 85 14 67
51 81 20 89 52 86 72 6
46 30 83 49 36 63 38 7
25 34 53 3 23 76 39 32
88 13 64 11 82 22 27 17
33 24 36 76 92 99 66 54
77 34 18 83 8 97 95 42
11 94 2 30 71 4 21 41
55 50 98 53 87 1 45 63
78 75 68 89 81 39 47 51
37 91 68 80 42 12 57 95
96 3 67 52 75 41 81 38
16 39 35 26 5 85 2 19
99 15 50 6 7 54 9 14
40 73 48 84 47 8 76 88
27
95
68
46
72
90
19
77
70
58
5
50
64
21
27
99
41
20
94
9
47
36
15
73
29
82
59
51
