7 7
73
94 32 33 11 76 24 65
15 26 43 28 27 22 64
89 31 63 56 97 3 19
87 41 37 14 53 68 71
17 20 67 50 70 34 60
39 62 69 52 57 75 16
55 4 86 61 45 74 10
96 22 54 17 27 73 81
4 6 44 43 95 21 52
46 71 47 61 16 28 15
30 80 8 90 33 37 72
69 76 55 64 93 14 94
84 74 26 42 58 32 23
13 75 35 92 57 91 59
88 98 58 32 73 27 69
47 8 57 87 29 99 15
93 13 45 54 37 23 91
68 72 56 92 43 2 38
48 14 76 3 26 85 34
41 74 39 50 16 78 90
63 6 79 1 89 30 83
7 32 64 83 58 61 67
28 69 75 11 74 82 90
53 91 36 33 27 12 95
35 77 66 97 73 6 65
38 99 4 60 31 70 78
2 47 30 89 79 87 43
9 29 22 10 20 15 55
86 93 53 66 97 61 65
18 63 33 11 64 29 15
22 76 6 28 25 32 12
46 96 24 7 42 16 87
17 77 60 13 56 36 52
94 1 95 71 5 27 45
54 14 51 57 2 43 90
4 66 26 5 35 6 61
68 23 88 17 27 53 55
97 60 41 49 96 89 10
37 48 79 29 45 40 42
24 99 86 21 98 3 12
22 38 81 83 71 59 92
51 18 1 69 90 36 15
98 48 73 11 18 36 35
20 47 68 99 14 92 55
94 56 93 6 58 38 67
59 7 52 81 50 42 62
75 87 21 97 44 49 51
23 5 69 34 30 91 15
41 12 72 2 31 54 66
63 48 13 68 19 34 4
29 28 33 74 10 89 41
15 26 75 16 87 50 38
96 93 14 5 20 83 69
18 24 31 9 79 58 23
77 91 21 30 73 67 8
92 46 51 12 95 44 82
66 98 48 44 31 62 22
3 89 4 87 91 16 73
72 77 54 36 37 70 80
41 11 76 56 27 61 29
12 26 20 23 14 95 78
92 96 81 17 21 57 47
51 65 43 94 50 99 74
76 3 98 28 23 21 26
51 15 71 48 91 80 14
31 92 44 25 42 27 8
77 4 59 66 22 12 57
5 96 90 97 85 6 79
84 41 30 29 38 24 47
78 61 19 49 17 81 37
77 58 49 71 4 38 19
41 53 34 92 85 8 25
24 30 40 73 22 46 64
70 72 95 90 16 98 66
52 36 37 99 68 45 1
12 75 57 43 88 10 35
2 26 97 62 91 67 42
97 61 26 36 7 58 47
77 9 41 63 49 33 70
28 52 62 38 51 92 66
39 76 19 93 4 83 65
6 98 13 27 56 53 15
16 31 46 21 10 87 79
74 23 32 5 44 81 88
69 19 97 31 52 5 9
63 59 78 28 39 80 44
15 8 35 42 62 45 93
33 82 17 16 40 96 51
30 91 58 89 64 94 22
99 61 54 53 50 37 29
47 14 21 23 25 6 83
23 37 96 31 3 14 55
33 52 53 80 8 69 50
61 70 77 54 26 83 72
27 94 30 19 6 75 28
22 24 88 44 39 73 49
74 40 81 97 65 58 60
25 17 38 64 32 85 99
23 44 30 97 91 70 18
81 78 42 45 6 60 57
35 76 65 87 82 32 2
77 19 69 13 15 21 27
88 3 43 1 40 54 22
7 41 34 24 25 38 68
94 47 86 59 89 95 74
26 70 75 47 32 55 39
57 23 22 91 51 62 9
58 81 49 18 64 2 60
69 37 95 33 36 10 73
16 90 24 43 29 68 84
20 38 80 50 3 77 89
13 54 31 61 19 93 74
27 94 31 65 39 73 50
34 83 56 25 96 45 78
37 54 58 48 11 49 19
82 5 98 88 90 14 99
43 1 63 79 93 36 86
41 22 72 9 66 95 77
26 46 23 33 71 30 32
29 69 1 71 99 21 59
13 11 25 46 23 17 61
41 24 12 31 34 93 7
53 66 19 2 37 96 27
62 47 56 84 22 40 32
65 91 50 63 20 16 82
79 68 90 88 52 35 95
51 20 74 39 53 70 49
45 5 71 67 40 48 54
86 65 16 62 57 58 4
24 92 75 10 8 26 18
31 11 98 61 41 7 6
80 96 97 32 77 88 30
13 72 76 3 19 56 79
60 7 77 8 89 11 68
26 90 9 1 94 58 5
78 38 19 65 31 74 17
2 41 97 69 64 99 32
3 42 53 30 13 86 80
72 51 56 34 52 18 15
63 4 54 40 36 22 92
36 43 41 71 57 65 13
93 17 2 89 69 40 75
12 42 31 85 5 14 37
34 25 82 67 78 63 84
72 11 87 61 92 73 86
68 15 29 58 10 90 98
32 51 20 95 44 46 33
44 67 32 88 41 6 97
9 23 18 16 76 83 81
10 56 33 51 80 92 1
14 77 17 53 66 47 39
45 82 5 94 43 75 38
96 46 84 87 79 24 7
3 85 60 99 42 19 52
91 17 74 43 75 31 55
80 64 15 27 46 90 5
97 82 57 7 25 24 14
18 13 81 73 23 44 3
38 71 52 72 60 54 2
4 51 22 33 53 85 89
48 62 16 98 45 28 9
63 25 22 89 85 12 56
44 83 23 45 87 95 14
57 32 52 84 72 82 67
31 16 99 55 24 92 98
29 6 93 49 20 38 39
53 11 35 97 36 19 4
62 64 78 70 88 69 59
46 49 1 32 26 89 16
11 67 66 60 47 92 40
75 8 52 83 7 94 55
28 51 15 43 88 64 20
70 54 35 3 21 80 62
31 74 76 82 4 99 24
27 22 29 37 13 65 96
68 73 22 92 12 62 42
46 64 72 60 31 3 2
20 58 49 45 53 95 39
81 52 63 91 14 16 79
28 41 47 55 1 37 32
50 48 84 5 44 15 21
26 24 89 88 54 75 4
45 93 52 28 32 39 16
33 63 30 35 65 74 19
25 83 44 59 56 86 12
88 72 2 95 84 97 57
4 5 22 66 3 99 68
78 43 10 61 71 14 62
27 87 6 67 85 7 38
70 71 99 73 75 55 93
60 24 3 29 6 59 76
61 50 82 16 46 81 53
85 23 8 31 19 2 54
25 4 32 11 67 48 92
90 72 49 27 64 22 91
20 94 95 96 80 79 98
99 24 17 18 2 30 7
70 48 47 44 68 74 46
4 12 54 93 84 65 42
36 21 76 3 41 75 78
49 81 28 40 55 34 23
22 72 26 16 83 10 32
50 6 89 64 63 71 97
9 24 61 37 30 63 77
60 57 40 20 96 74 58
92 66 99 17 50 21 84
88 70 80 54 55 56 46
34 16 4 25 97 51 68
65 14 27 11 42 26 69
71 78 18 2 36 44 12
42 98 6 19 76 18 53
41 26 47 92 90 2 40
89 57 25 70 59 79 11
35 44 94 15 30 20 64
66 62 84 34 12 45 29
16 46 80 91 33 99 38
50 13 22 49 43 14 7
63 3 15 93 52 41 74
61 86 87 13 94 22 91
54 60 35 66 65 64 84
23 45 29 1 49 80 43
17 71 89 99 85 12 46
4 56 92 5 48 82 69
39 68 21 70 31 62 8
13 68 99 60 83 92 53
41 52 55 67 40 29 51
48 71 97 65 63 7 84
95 30 93 72 62 35 91
26 8 14 81 25 74 64
9 96 12 79 28 94 16
85 32 45 50 1 59 90
16 36 21 23 98 96 25
74 64 19 53 46 80 31
75 44 2 79 22 86 50
5 93 62 17 63 20 35
94 66 55 14 40 30 87
26 73 32 68 58 89 92
10 51 60 38 37 59 72
10 35 41 39 52 70 2
50 80 98 5 64 48 31
76 15 63 38 8 9 6
51 1 54 86 61 90 47
43 72 85 60 16 21 68
11 69 12 28 94 89 25
53 49 84 42 62 3 55
53 43 33 75 74 12 88
92 86 39 13 45 73 64
29 91 7 48 82 80 72
16 30 85 71 23 87 81
42 93 40 21 15 3 60
37 9 18 44 8 83 1
69 97 76 59 57 24 95
76 4 71 86 37 14 24
88 1 79 66 23 52 27
41 35 48 44 29 20 17
30 80 87 43 47 16 58
45 42 98 89 83 99 95
69 13 28 18 21 54 55
25 8 7 70 77 12 85
17 85 26 50 25 38 18
47 63 84 45 35 20 37
94 83 60 43 19 49 41
77 39 79 53 72 78 29
99 24 87 82 81 91 21
8 22 97 56 32 86 96
73 1 48 69 92 36 70
33 78 12 28 7 86 6
34 98 54 62 64 4 61
66 92 3 96 17 70 22
1 25 81 48 24 2 93
60 18 43 53 40 83 20
13 84 47 55 30 10 26
45 32 57 89 42 35 21
38 13 11 21 51 23 30
29 55 86 99 62 10 22
93 40 54 16 28 63 75
91 71 79 20 57 43 85
1 12 42 7 82 94 5
36 46 73 66 64 59 90
56 47 17 98 61 52 89
81 79 85 51 33 20 62
90 41 76 58 16 11 92
13 45 89 44 80 55 10
42 23 43 63 74 60 94
72 98 68 86 34 25 61
83 64 73 50 14 65 4
35 9 12 66 26 67 38
50 98 79 59 52 48 8
87 4 1 63 73 40 41
32 24 2 21 23 58 10
3 65 46 22 43 35 71
53 15 95 27 44 7 16
54 30 69 26 78 49 34
85 66 94 74 86 45 60
76 6 97 33 28 56 4
35 96 51 48 88 49 16
71 12 18 68 62 29 90
85 46 92 25 10 36 2
94 98 45 93 20 23 54
32 86 65 39 70 3 11
5 30 19 87 44 21 59
31 32 79 9 50 34 82
30 60 66 62 97 19 74
99 18 25 83 71 59 39
77 61 5 68 20 54 16
64 56 6 38 58 55 90
7 81 70 3 98 42 93
23 69 40 65 15 96 67
13 54 44 47 92 17 65
50 91 70 96 84 66 98
99 15 55 75 76 7 16
29 80 3 8 53 95 43
18 5 19 78 93 56 11
40 97 35 12 42 59 1
58 25 30 72 63 86 89
14 8 71 77 12 21 29
63 46 54 49 10 30 37
31 74 61 47 40 50 13
94 52 5 90 3 84 86
91 35 96 66 80 41 70
75 97 56 79 68 25 98
88 39 60 93 51 42 53
21 30 78 81 85 12 47
83 45 94 54 98 64 70
4 40 38 39 82 27 62
44 6 31 49 23 48 65
55 93 2 3 84 53 76
10 42 25 52 33 56 77
41 74 99 29 73 58 34
75 28 38 23 64 88 77
91 52 83 2 8 34 81
35 42 85 36 82 95 72
26 63 43 53 99 24 89
33 80 98 70 59 92 61
54 22 84 20 68 49 5
29 32 19 79 10 41 16
37 56 91 25 18 67 38
51 26 61 79 89 73 87
39 44 35 59 11 7 8
9 34 5 85 6 81 57
36 92 47 65 94 70 24
84 43 30 42 97 98 16
28 74 58 54 4 46 10
82 21 58 87 43 78 7
44 33 55 92 63 23 64
97 53 62 46 56 84 65
13 89 52 77 70 28 24
83 25 71 90 3 37 75
35 79 11 96 31 68 26
67 88 80 10 22 30 76
47 19 29 79 80 56 23
35 7 91 14 37 28 15
27 57 11 89 83 54 21
78 66 92 98 52 36 46
94 82 18 70 5 38 93
90 48 16 30 72 17 25
64 42 50 51 45 1 62
99 45 64 71 15 50 57
72 46 83 85 43 56 62
9 21 40 81 42 58 6
92 76 86 35 13 7 4
75 84 26 34 33 14 30
87 70 27 1 53 28 24
52 66 37 88 49 82 3
55 56 63 47 1 17 87
57 30 99 62 98 28 25
59 36 54 3 26 58 15
96 2 8 50 12 22 43
23 64 42 21 66 39 67
80 61 20 6 68 81 76
41 5 4 45 35 84 29
70 55 44 13 68 10 73
74 94 51 8 99 5 67
35 81 60 52 77 57 48
61 78 95 12 58 50 7
64 28 96 39 37 30 84
43 87 66 40 65 93 41
9 27 89 18 23 92 33
93 21 18 85 76 98 66
15 88 19 11 71 33 1
64 38 44 16 39 78 8
90 69 20 47 42 75 36
73 30 52 22 92 41 86
59 40 13 54 72 81 99
5 37 87 25 48 27 89
53 25 50 18 78 81 32
87 36 5 76 86 23 9
30 94 95 88 7 96 45
59 97 17 48 14 89 31
83 35 41 79 64 6 91
11 43 63 12 22 19 77
57 38 21 65 29 40 98
81 47 22 84 30 20 32
3 40 50 8 77 12 19
88 48 56 53 17 73 68
28 33 70 91 31 5 35
10 80 95 41 39 66 76
94 86 27 78 98 34 55
18 89 37 85 49 25 82
76 99 9 27 97 7 77
37 46 1 71 95 82 36
91 75 90 21 63 24 29
48 59 72 67 17 55 51
93 13 3 45 12 79 40
20 38 47 83 65 22 88
74 81 35 56 73 50 49
27 22 49 47 3 85 42
45 94 79 7 54 23 69
36 86 80 10 68 66 96
19 62 14 81 65 35 52
9 99 89 95 6 16 58
90 41 75 48 88 2 92
98 73 1 5 83 33 28
33 22 4 48 9 46 34
83 92 55 96 66 17 63
88 69 25 54 62 78 40
6 79 98 70 39 30 65
29 60 31 71 1 68 50
61 14 82 43 97 94 45
3 27 86 49 74 7 15
71 10 31 1 18 48 81
54 28 42 38 45 47 69
20 91 58 35 40 76 29
3 99 67 63 5 26 92
27 37 77 9 23 96 89
60 32 22 12 14 82 66
86 46 87 98 57 61 36
36 80 93 60 27 46 15
87 70 89 23 82 63 75
79 5 55 20 66 16 11
50 88 67 97 1 25 30
94 44 7 69 38 26 58
78 95 85 77 13 31 52
99 41 12 98 92 42 74
15 16 9 90 72 71 27
75 70 62 99 77 88 54
17 42 4 73 52 33 2
76 32 12 18 63 34 83
51 11 55 79 19 5 39
23 89 7 38 57 98 68
84 22 28 96 44 43 64
15 38 94 14 72 2 70
27 39 92 78 32 8 19
90 64 6 4 26 44 80
23 87 96 58 46 97 89
21 63 82 86 13 17 34
31 81 25 73 91 3 52
29 79 61 37 12 49 84
64 79 28 17 74 34 20
48 57 93 91 14 73 56
92 89 21 77 83 59 67
72 81 39 86 11 62 76
12 51 41 15 71 4 18
84 96 52 31 78 2 69
36 63 82 90 23 55 26
67 99 4 47 14 32 31
30 46 95 43 52 2 35
80 87 26 5 1 84 81
51 68 86 54 57 40 89
12 75 7 22 83 42 72
91 58 17 97 39 13 88
27 25 15 78 92 48 38
56 43 37 39 81 13 50
58 91 73 64 53 89 68
30 87 76 51 16 5 28
85 60 98 74 19 95 96
6 8 1 14 47 97 93
24 71 61 83 63 66 72
77 52 40 42 36 57 75
7 17 62 50 4 75 12
89 66 15 74 51 57 88
72 83 21 56 70 86 28
22 90 16 58 48 32 49
42 14 30 73 23 85 46
76 97 31 67 61 45 71
93 84 91 82 36 59 27
85 11 52 58 65 42 36
55 89 35 87 92 50 86
68 67 54 48 71 53 38
7 49 32 1 70 93 15
33 3 73 34 66 46 40
62 8 16 13 56 14 84
47 69 59 24 61 76 17
96 81 50 34 21 51 90
99 87 64 95 47 98 54
31 77 72 43 42 78 82
20 41 70 39 56 29 61
97 32 53 68 86 38 71
23 1 48 6 83 94 17
89 46 16 37 13 4 63
42 21 68 74 29 39 69
57 83 38 14 82 1 31
20 36 9 93 98 58 23
64 56 26 28 34 33 25
75 86 87 10 48 47 97
76 49 62 5 81 6 61
22 67 13 52 59 66 84
89 8 86 46 18 29 69
58 41 32 31 4 99 80
5 78 82 94 40 91 11
22 37 23 83 66 56 24
84 20 50 63 34 27 96
95 53 57 14 59 9 33
85 67 6 70 25 49 87
60 1 23 68 22 30 59
70 99 84 72 51 43 88
3 11 54 6 32 74 9
20 16 86 41 80 56 90
55 66 46 4 93 33 29
37 98 52 17 79 91 26
75 94 25 69 73 76 7
29
32
70
3
71
2
33
79
1
82
39
49
98
16
7
8
27
45
74
99
19
97
42
15
93
55
17
57
65
58
