6 5
38
79 81 2 96 47
98 11 31 25 54
99 36 84 39 55
76 16 17 34 71
28 67 70 66 15
82 52 56 19 24
67 21 50 46 59
85 22 78 77 79
10 45 84 95 53
35 9 51 8 60
39 31 81 12 19
30 68 56 96 14
81 59 48 11 89
21 70 99 43 75
98 38 20 49 47
84 77 73 50 35
37 82 79 41 61
31 7 94 53 25
83 77 66 85 51
20 69 71 95 2
32 63 97 45 17
1 26 94 38 47
7 3 46 27 37
22 56 36 31 82
58 83 67 40 32
1 9 23 48 19
63 59 14 8 76
39 71 10 37 55
7 38 77 22 57
51 44 75 66 13
41 43 36 34 50
64 60 24 88 26
9 78 66 8 61
83 21 47 96 98
1 20 68 72 57
13 18 14 84 92
45 63 91 87 55
79 89 6 99 77
14 13 23 97 34
47 94 71 66 51
93 12 98 26 32
76 81 11 84 40
11 26 82 57 19
15 49 37 30 52
94 35 71 88 44
17 99 3 79 83
54 32 45 96 84
8 43 85 2 41
94 27 61 96 70
26 71 30 36 39
23 7 45 20 79
22 24 54 57 87
2 63 58 67 13
25 46 60 56 43
96 66 99 18 73
24 54 69 33 92
59 68 83 77 95
57 16 81 74 40
5 91 80 35 9
50 55 43 90 2
63 51 10 60 68
98 43 92 30 95
21 39 78 74 36
83 87 72 69 79
11 94 84 25 86
3 35 13 16 7
62 83 71 30 65
76 3 23 78 53
17 27 32 47 35
84 87 15 49 54
91 58 96 18 67
73 8 95 86 55
62 11 12 9 26
88 2 27 87 28
95 98 69 37 54
6 42 67 52 4
81 57 99 21 36
33 19 20 64 16
93 92 51 5 52
44 50 14 21 97
81 67 7 40 76
13 77 9 2 25
65 19 58 56 24
54 39 73 63 68
44 12 68 23 55
57 7 11 82 30
10 81 84 56 8
89 73 53 21 31
1 93 88 75 29
6 5 4 40 87
19 44 59 90 54
42 94 53 25 83
91 31 96 51 27
7 84 26 85 70
74 8 29 81 72
58 86 63 22 68
11 42 71 44 31
92 38 86 36 70
52 61 29 27 35
97 65 73 66 95
47 13 74 10 83
32 49 3 60 82
69 5 82 67 36
30 92 17 28 18
2 87 43 61 22
32 15 4 95 96
89 57 33 1 83
63 73 97 65 47
88 25 1 91 50
62 33 12 98 86
97 13 45 61 28
16 66 18 43 32
42 90 37 20 22
72 81 64 10 46
28 45 3 86 53
50 43 58 17 69
26 96 73 6 5
88 13 7 23 59
31 72 83 14 47
16 21 94 48 57
18 79 90 48 36
14 46 13 40 77
93 84 12 43 44
31 75 59 66 38
41 89 29 61 28
47 96 76 24 70
14 95 97 52 36
38 40 75 99 78
5 10 13 23 26
47 71 25 15 18
19 77 94 64 92
68 80 54 55 81
22 34 24 69 6
81 87 28 7 49
99 16 46 76 91
37 2 55 19 85
11 57 66 50 96
58 33 21 70 3
38 10 76 72 52
87 65 78 28 99
96 18 46 77 3
4 16 43 91 83
22 88 34 90 82
37 20 29 5 81
91 52 58 93 16
68 39 56 9 94
72 31 20 81 45
33 84 18 66 89
86 99 30 38 97
27 15 41 96 42
43 18 50 73 6
23 3 61 32 99
13 41 39 36 27
69 35 14 91 89
15 59 1 48 11
45 83 8 49 12
78 63 53 37 99
49 26 74 2 86
28 91 80 22 54
70 50 64 30 9
45 5 16 8 21
41 32 92 51 97
28 62 97 38 41
40 20 50 92 82
77 31 79 39 52
35 73 68 88 16
18 66 71 70 64
55 91 81 17 69
5 78 60 99 48
19 37 77 22 95
12 97 1 23 85
18 70 93 72 31
83 9 75 65 66
35 10 56 29 40
21 58 70 41 23
10 51 40 2 11
56 28 49 4 19
31 43 1 66 78
37 67 77 72 87
76 86 81 18 6
39 37 11 75 1
48 94 45 28 55
73 63 24 46 31
9 29 82 22 87
40 76 77 34 80
59 7 98 99 92
10 86 45 73 82
12 7 51 29 25
47 43 63 1 72
97 58 37 34 46
33 92 98 11 90
15 21 76 67 61
22 61 4 73 57
94 23 29 7 37
84 50 31 58 71
18 87 27 44 99
33 79 1 45 95
30 81 98 93 63
66 28 89 43 74
39 94 84 24 14
87 48 6 80 53
72 86 49 10 77
21 56 1 4 99
30 13 27 79 68
60 1 59 33 37
54 27 10 42 11
90 64 86 30 36
39 4 40 46 97
48 75 82 98 94
50 83 52 24 22
58 63 65 39 38
14 3 6 24 48
55 60 98 66 40
88 30 86 84 47
54 13 35 67 75
99 21 7 78 28
18 5 23 71 98
10 42 85 81 95
90 72 59 58 15
17 67 76 52 83
33 38 86 61 20
44 12 21 1 57
51 19 69 32 59
98 99 11 53 12
16 74 20 22 58
96 84 50 73 67
56 14 9 57 85
88 26 13 1 90
42
97
79
53
74
49
11
44
14
58
23
92
81
72
93
37
51
20
87
78
35
90
2
7
16
1
69
94
31
84
3
75
34
96
9
47
13
73
15
83
76
39
68
