4 4
84
44 80 93 6
9 30 81 66
75 18 15 26
88 54 49 58
17 23 58 36
61 72 99 89
45 75 20 62
5 60 49 94
63 85 30 90
50 27 56 87
34 77 32 73
78 79 12 99
38 77 49 82
57 19 66 64
2 67 3 36
26 15 62 83
35 32 50 55
2 25 6 1
63 21 77 81
43 5 64 80
78 63 8 83
54 95 50 26
77 1 5 76
24 39 22 44
13 56 73 17
39 41 63 90
26 64 24 35
93 95 51 98
78 52 17 29
93 92 8 33
79 1 99 77
10 38 82 75
32 39 43 98
59 12 88 16
45 2 77 19
35 56 26 58
64 39 56 71
29 89 24 97
14 2 81 22
6 85 44 46
10 28 75 56
43 2 67 63
89 54 49 88
25 57 15 44
86 36 39 64
54 61 1 37
99 58 52 33
3 49 12 78
50 16 68 41
78 32 13 23
66 46 93 51
37 34 75 81
25 50 65 96
81 16 79 24
49 27 57 14
56 38 99 31
65 66 37 76
16 62 28 63
98 5 80 97
36 60 4 10
41 67 92 55
91 31 70 50
76 22 97 36
65 59 23 93
92 97 49 46
93 54 34 55
90 72 44 2
74 65 11 68
11 57 20 63
69 66 6 9
41 56 73 36
39 91 12 92
47 7 98 12
82 73 72 78
56 93 92 89
34 52 1 55
88 58 49 70
13 33 22 35
75 16 4 87
74 82 20 96
64 36 87 51
5 35 91 47
72 16 45 19
74 71 42 79
67 46 85 66
98 81 60 4
28 78 70 22
69 50 7 76
49 77 52 59
86 87 70 69
2 14 34 88
53 24 5 55
55 64 42 7
37 85 80 21
27 89 56 48
92 47 54 53
59 65 8 21
70 29 75 10
82 95 26 38
64 23 73 84
65 50 26 44
96 66 94 55
81 46 99 28
79 58 2 60
71 17 59 55
49 29 94 85
88 4 82 73
21 30 10 33
9 87 1 34
86 84 50 85
10 32 92 64
21 33 43 14
76 83 31 52
89 45 53 2
43 44 42 38
33 19 55 5
96 91 62 27
43 22 89 50
14 40 83 11
78 75 85 98
81 22 95 33
62 71 1 12
11 86 15 2
48 37 70 72
70 43 58 48
65 24 72 59
7 99 90 19
83 82 13 17
8 23 7 51
54 83 42 64
95 72 97 62
6 87 52 31
9 53 66 49
15 81 82 71
39 36 73 13
27 44 24 50
20 38 30 59
88 1 86 34
35 96 54 92
74 73 41 51
86 11 58 52
27 36 85 2
41 72 9 5
77 34 82 4
51 55 36 11
56 93 16 49
80 71 14 69
78 62 52 15
96 78 25 76
49 26 3 87
68 41 91 69
13 93 72 12
40 23 4 64
18 32 73 15
31 83 19 79
63 86 70 5
32 66 23 47
99 8 76 98
58 10 20 18
86 56 38 7
92 64 8 69
20 27 79 44
95 84 37 66
36 49 72 6
30 1 63 79
41 84 6 59
9 72 58 40
3 73 66 33
21 71 85 16
10 39 59 15
33 49 22 9
23 72 81 90
76 18 97 61
92 65 44 19
72 74 22 50
80 28 82 83
35 42 91 92
46 80 96 99
20 55 13 40
1 8 75 90
60 10 38 19
63 94 1 79
2 32 9 4
41 54 91 96
6 7 3 84
4 57 12 38
43 55 68 72
35 53 67 19
6 91 46 67
81 36 51 21
32 13 86 60
54 99 96 71
69 39 33 47
78 44 46 41
63 20 57 91
97 74 59 51
46 81 10 97
2 49 83 51
65 19 62 92
75 80 3 22
14 79 38 98
4 88 1 43
95 81 84 66
82 67 9 55
71 24 67 95
61 9 79 6
73 41 2 87
58 89 59 53
1 30 26 65
33 12 53 19
94 91 16 51
21 57 59 6
40 44 22 82
43 58 73 56
90 35 80 85
1 52 33 72
83 85 63 94
46 27 18 39
86 32 11 43
66 96 49 35
22 88 25 46
77 86 83 79
11 64 34 91
92 45 38 10
31 85 63 45
72 50 43 23
38 98 17 91
9 99 54 10
39 47 26 7
50 97 28 41
40 73 29 80
30 3 33 92
78 24 99 38
45 66 96 54
32 55 41 82
90 47 76 61
46 28 22 53
37 34 75 43
45 14 91 30
17 99 16 68
73 24 43 92
23 4 86 18
98 9 95 20
44 33 31 41
64 97 4 36
84 28 5 53
66 22 73 13
50 61 80 21
38 6 14 63
82 17 19 13
52 26 91 16
36 20 43 3
98 82 7 47
81 4 28 9
43 17 84 91
32 71 75 90
40 53 30 3
88 61 38 64
78 98 5 92
50 20 39 27
95 56 21 72
63 30 58 91
10 54 38 18
41 6 69 52
76 32 10 67
15 80 45 19
18 64 9 68
34 48 75 91
66 59 43 65
56 78 89 52
53 75 30 8
2 32 5 39
59 25 15 77
91 31 73 66
65 33 45 30
39 7 81 3
73 96 50 80
16 74 7 72
43 20 85 82
48 95 53 9
31 29 46 19
28 53 38 43
71 62 75 85
5 79 18 14
72 73 18 6
30 40 97 85
47 66 1 2
80 49 36 93
59 90 83 48
65 39 61 80
37 79 46 24
30 63 96 42
23 32 27 94
75 25 30 12
52 79 84 49
99 69 36 83
70 61 97 19
81 26 71 40
1 55 42 21
13 84 33 15
45 47 8 2
4 16 70 9
68 7 73 94
40 75 89 42
81 29 76 19
47 2 71 34
52 70 9 7
41 13 78 35
54 84 62 15
18 79 28 72
2 47 76 89
9 82 97 11
41 16 94 1
23 48 60 68
46 22 35 54
91 19 90 34
33 5 91 86
1 4 20 87
25 11 29 39
60 61 93 6
75 14 55 20
9 61 53 12
48 86 46 97
50 17 82 49
89 2 84 9
70 49 36 37
98 69 17 65
90 33 7 82
66 57 46 95
51 72 62 55
11 48 79 43
70 58 54 38
60 95 83 61
16 85 57 84
15 96 65 94
91 37 32 17
7
77
93
48
36
63
81
90
