8 4
90
78 77 44 5
45 16 62 72
13 19 67 24
33 35 30 73
69 84 90 53
99 7 61 31
9 71 11 51
97 40 87 86
94 83 88 84
12 62 15 96
67 23 73 9
4 56 75 5
54 39 80 44
79 60 8 97
61 58 17 65
85 55 43 74
16 42 21 14
11 53 63 36
83 39 34 49
13 23 73 88
67 86 55 30
48 41 50 3
56 46 47 84
64 65 81 68
51 31 43 47
70 17 9 26
95 85 18 1
8 34 16 78
75 88 12 89
87 19 94 48
42 2 99 63
36 55 54 66
94 23 62 34
2 32 72 10
9 83 80 87
81 91 69 56
65 8 57 86
33 29 27 92
82 90 12 71
18 28 77 51
15 91 83 33
42 86 66 46
89 79 10 77
93 62 97 50
51 32 81 68
94 3 73 26
88 96 84 20
59 17 9 74
96 90 19 97
15 48 62 20
79 31 76 68
53 7 78 16
12 94 98 84
87 35 14 64
47 69 65 32
39 91 26 29
2 84 19 15
12 60 65 25
97 52 79 40
21 45 63 10
23 78 16 98
30 72 7 35
82 48 44 90
99 38 47 74
87 46 82 4
70 69 48 27
75 79 17 65
21 3 28 67
71 95 89 10
13 39 73 38
86 94 25 20
58 68 88 59
31 25 52 21
84 30 53 11
38 87 14 88
71 10 83 24
89 96 50 5
76 35 12 66
95 17 1 74
70 63 39 90
24 79 90 20
92 40 87 22
30 21 47 28
25 11 51 37
38 96 70 12
16 53 10 23
72 60 99 15
49 88 85 6
58 53 71 88
1 46 32 18
25 59 15 5
65 19 3 11
83 69 60 96
92 30 62 27
29 48 14 16
76 67 45 20
94 79 26 13
24 67 34 49
97 74 80 83
98 36 57 4
20 28 55 77
89 46 16 42
17 65 87 7
38 82 8 72
25 64 33 16
4 14 84 63
21 78 55 19
28 95 68 65
24 12 89 32
6 57 80 27
29 83 10 82
37 34 58 42
8 83 55 82
71 76 31 77
12 84 21 85
27 72 89 52
9 42 63 64
2 44 36 33
80 23 81 70
47 17 57 88
98 74 75 35
95 29 34 49
32 20 96 19
86 66 92 27
3 59 76 60
37 8 97 24
67 91 18 78
42 72 79 56
53 52 92 29
74 34 75 40
35 33 36 63
65 6 31 22
90 62 9 58
18 61 14 73
13 28 64 4
20 79 1 48
31 36 13 52
77 69 93 55
41 72 98 3
95 63 45 64
38 24 81 78
22 14 74 91
48 27 29 7
17 99 85 66
74 39 99 52
73 71 2 63
49 79 15 45
95 6 22 44
54 11 65 10
87 18 84 25
40 4 89 64
26 21 59 82
78 32 45 91
24 83 15 80
87 30 70 8
73 92 47 74
66 37 51 72
85 60 38 59
95 2 23 99
49 82 16 26
35 32 22 54
75 88 47 76
94 65 55 2
62 20 42 71
86 96 5 61
40 11 84 43
89 45 19 98
8 77 64 31
77 25 5 92
98 78 42 84
64 17 49 12
63 50 95 67
60 72 41 34
21 75 23 7
54 86 79 10
31 74 30 45
96 62 27 30
29 83 50 16
3 78 89 71
40 44 75 15
11 33 74 41
36 87 64 6
52 7 21 32
38 24 91 99
55 69 85 86
82 23 61 27
53 54 99 38
81 76 6 97
79 19 29 56
71 18 1 80
42 25 52 28
47 51 67 20
72 76 95 82
48 13 84 18
79 80 54 86
51 94 52 40
41 28 89 16
60 2 7 44
55 27 63 57
22 68 46 32
11 10 54 41
14 84 50 79
3 13 60 68
21 58 46 59
43 73 89 25
96 6 8 70
51 97 35 99
1 5 67 65
24 65 31 13
69 50 85 5
12 63 1 60
45 32 76 19
68 89 71 39
66 3 22 52
34 86 72 28
73 41 8 47
24 29 65 55
77 48 27 73
58 8 63 35
56 85 49 37
94 28 81 9
4 44 2 33
93 32 45 12
78 42 84 34
96 38 22 53
81 37 76 49
14 18 7 68
82 91 10 78
35 34 55 80
27 62 63 86
9 41 56 47
67 25 39 24
31 57 85 62
97 64 2 60
9 12 15 99
41 88 32 51
63 67 72 54
4 43 76 36
59 66 79 39
5 84 6 95
21 61 15 3
54 51 90 11
7 52 6 12
43 31 27 44
33 65 24 5
13 58 50 19
64 81 69 62
72 80 14 77
46 74 71 29
93 68 40 85
30 39 73 44
81 75 78 70
82 54 92 7
42 2 5 6
49 59 84 43
91 69 87 34
56 33 76 29
31 79 7 49
52 92 68 38
28 44 99 50
77 14 45 27
36 85 48 81
22 55 6 47
60 67 86 74
24 6 30 90
88 69 84 51
70 81 94 95
43 47 31 19
55 5 1 40
4 98 72 99
13 96 35 49
15 75 59 48
87 1 31 99
78 96 51 26
30 97 54 19
48 25 66 75
57 92 2 39
74 9 11 14
53 21 37 80
3 33 84 82
85 16 80 44
39 45 37 18
95 21 25 47
72 51 61 29
73 26 52 94
62 41 14 68
54 33 82 83
19 50 7 84
63 37 58 13
48 1 60 61
2 8 3 20
27 95 75 77
17 84 5 14
34 97 74 23
91 21 39 79
15 72 70 11
83 29 73 25
91 9 82 11
80 68 69 7
34 96 61 18
90 10 8 89
46 94 51 47
44 98 45 84
3 33 60 57
98 96 31 3
74 41 58 45
18 61 46 91
30 99 67 88
54 73 84 38
56 62 63 35
33 1 52 14
32 40 93 89
30 45 11 99
40 53 68 59
70 88 6 86
38 14 22 67
29 69 1 50
34 19 17 37
51 65 18 73
92 3 31 85
16 21 86 38
78 49 42 8
43 96 5 59
97 91 68 55
53 4 30 18
88 32 20 36
73 85 67 62
11 70 64 87
54 95 12 34
69 79 17 6
8 30 78 38
56 70 24 33
91 31 9 89
98 58 94 5
85 3 43 25
39 10 7 29
35 49 11 80
24 91 43 19
89 4 70 1
66 41 7 54
77 87 79 15
73 60 81 82
26 45 6 48
94 68 92 44
34 35 25 29
42 65 20 64
69 72 62 84
71 8 89 32
80 68 83 11
98 61 73 6
18 45 82 88
40 76 55 47
27 70 30 1
66 51 9 47
17 64 88 87
35 82 63 89
37 95 74 12
58 49 20 39
99 48 93 41
16 50 40 80
56 65 18 49
80 42 50 13
47 74 11 8
99 5 77 91
19 21 24 59
86 37 36 35
97 75 70 58
96 69 22 61
5 63 57 31
68 16 83 70
28 62 92 72
12 42 14 97
8 74 96 71
45 27 40 47
80 9 84 13
58 25 37 56
43 56 57 30
25 11 44 21
90 22 39 70
79 61 80 59
87 58 78 41
46 52 53 8
62 83 23 20
38 77 86 15
65 44 37 71
80 6 69 25
21 26 33 53
19 76 14 42
75 56 81 77
20 17 98 72
3 63 7 47
40 5 18 11
16 77 26 5
69 45 17 76
28 80 83 68
65 63 51 10
92 89 71 70
1 7 66 18
99 36 24 25
41 87 42 35
88 57 16 54
18 32 27 83
86 2 90 56
10 87 75 12
13 19 35 99
58 78 91 29
43 89 55 50
7 92 76 22
24 23 9 6
41 39 55 32
66 81 52 89
43 20 47 11
72 58 54 45
73 40 67 71
25 29 10 30
99 94 36 42
80 46 65 48
3 36 18 26
52 11 60 53
21 99 44 27
9 57 49 70
78 12 90 25
62 23 30 24
14 72 34 10
3 23 14 36
88 43 26 97
87 56 57 49
46 5 41 80
89 81 40 16
22 4 74 37
94 7 45 44
28 25 34 50
64 36 28 18
67 81 14 48
51 44 86 13
17 43 73 55
93 87 21 12
82 52 31 22
45 94 33 59
30 70 78 74
1 82 79 23
57 77 65 37
12 64 16 17
81 50 69 36
10 46 66 91
35 90 44 45
7 58 43 62
75 86 74 15
31 94 76 32
54 50 44 15
16 96 84 91
34 42 87 78
63 86 35 64
51 99 41 81
74 68 10 26
47 23 95 29
52 31 72 4
92 94 1 14
16 15 22 87
91 40 74 77
45 47 67 28
32 71 39 51
70 24 65 12
57 63 46 96
35 34 84 56
86 43 96 2
7 97 18 52
32 6 57 17
16 29 1 98
49 33 48 80
20 55 82 63
76 42 65 68
86 39 59 11
42 30 12 53
8 91 98 60
49 80 47 15
52 43 2 6
21 20 4 99
88 71 23 74
58 5 14 75
25 45 62 23
97 72 59 20
56 54 14 96
28 75 91 76
6 53 98 50
26 95 63 58
55 9 17 61
33 77 89 67
8 78 1 79
57 84 77 10
89 3 85 91
66 14 29 56
53 76 30 63
64 73 68 9
17 94 95 69
98 58 24 60
61 67 87 33
53 16 42 89
17 60 94 13
41 73 12 74
18 2 6 90
30 3 29 43
98 31 20 92
7 23 95 11
7 73 30 8
20 39 46 95
74 5 61 83
85 56 94 99
88 51 78 87
53 21 27 49
45 77 28 3
92 34 42 97
42 84 12 54
49 76 7 33
63 72 77 73
40 23 92 13
81 4 18 67
56 32 5 24
94 83 75 43
96 98 25 28
39 35 68 62
90 40 43 60
85 72 79 81
83 26 6 55
75 9 29 32
76 12 19 37
24 66 45 74
38 84 56 30
5 32 54 52
55 72 75 35
39 33 34 41
92 97 1 71
87 66 99 68
48 69 81 6
59 28 22 90
15 86 13 56
38 88 18 44
3 47 75 98
28 65 83 59
14 39 70 77
1 45 26 2
73 48 10 46
41 31 56 89
80 84 94 20
70 1 41 91
80 59 81 73
71 94 99 11
2 34 61 58
82 19 78 67
39 98 7 66
6 57 69 62
86 55 20 21
87 24 39 51
40 25 35 9
93 2 86 17
96 92 91 31
44 60 83 85
90 20 94 88
41 50 38 15
53 81 48 7
39 28 40 76
81 60 74 31
36 18 21 35
66 82 78 41
97 43 26 96
3 63 57 19
88 83 71 29
75 37 12 69
36 58 3 20
94 56 82 90
67 61 23 98
4 99 84 55
19 11 85 1
92 22 51 53
16 32 6 38
97 54 80 9
34 93 84 36
41 20 61 6
32 99 17 21
88 43 19 30
98 71 4 65
59 1 8 27
31 91 39 89
47 42 35 76
82 13 43 80
94 61 71 34
50 42 48 76
58 46 33 63
53 10 8 30
3 97 81 44
55 7 70 24
41 14 93 98
93 68 61 7
51 86 11 28
72 17 83 55
80 79 10 69
77 64 54 94
25 71 63 73
33 37 12 52
3 97 88 48
71 39 38 34
6 60 29 44
57 40 79 16
36 69 41 22
63 35 52 73
91 94 13 74
3 62 9 50
98 84 48 43
26 74 28 87
53 24 7 37
44 6 90 91
34 97 41 32
69 85 54 46
12 58 64 71
42 29 49 68
96 57 84 70
86 76 33 83
7 77 69 87
89 75 37 79
34 63 93 12
74 59 42 23
14 73 62 64
95 11 46 58
22 78 51 3
88 28 48 77
31 82 47 20
62 79 4 94
15 27 7 97
51 80 6 96
13 17 91 10
67 93 71 40
69 21 41 55
53 63 83 24
54 10 88 96
4 33 85 42
7 31 55 36
11 59 9 67
79 28 89 21
66 64 61 16
56 51 25 99
42 28 69 46
34 62 98 27
76 2 96 85
16 6 72 70
26 21 24 53
41 90 71 48
91 35 9 63
67 65 75 38
16 92 45 60
97 51 63 61
50 93 33 36
12 17 69 13
77 21 7 85
42 72 59 66
19 34 9 73
79 46 22 58
51 5 10 24
19 12 80 34
95 35 82 23
57 56 66 55
2 68 18 90
27 42 17 49
75 13 9 33
15 76 91 40
62 83 26 54
86 18 53 39
74 10 61 95
58 24 33 15
37 43 68 90
93 48 63 29
44 1 97 88
81 52 32 28
12 39 77 76
98 9 38 85
31 19 51 27
54 95 69 60
75 16 20 48
72 74 79 49
30 67 92 81
87 53 71 42
82 84 35 75
53 20 14 78
46 32 24 30
49 81 15 61
79 21 74 55
10 22 92 83
90 39 6 62
91 94 3 54
62 99 50 8
65 25 30 43
41 48 27 76
86 83 9 61
96 34 17 29
10 51 35 58
72 73 95 92
74 15 21 53
92 37 60 57
66 10 70 8
47 61 5 27
24 69 40 15
89 38 86 62
3 98 4 26
64 25 36 96
77 32 51 55
19 30 95 81
65 73 80 63
29 71 3 53
89 44 40 37
7 62 18 74
97 67 5 17
21 48 66 6
28 46 94 12
11 41 98 33
57 49 45 65
23 63 18 58
89 3 74 24
99 37 46 90
55 75 48 64
72 62 56 6
27 86 66 29
76
44
88
16
65
89
75
2
57
18
14
56
78
52
8
3
34
9
58
59
92
45
5
79
26
97
87
71
6
48
49
11
93
40
38
63
53
41
61
30
99
66
81
47
83
42
51
76
22
86
19
21
96
91
36
27
69
32
67
29
24
20
68
15
62
64
17
94
90
72
55
54
84
60
85
23
39
