7 6
76
35 15 9 51 11 10
75 40 36 53 72 13
82 86 43 44 8 88
99 27 50 97 90 46
3 79 17 65 74 47
77 91 42 28 39 68
21 60 58 93 49 32
10 24 5 65 84 70
85 14 54 82 59 93
23 75 1 95 8 72
50 36 42 2 77 18
45 58 26 53 33 71
9 22 6 7 20 91
79 57 47 89 30 76
77 74 39 6 7 98
59 63 29 8 88 23
14 13 18 92 82 64
19 38 9 89 17 31
34 79 54 58 78 12
94 22 56 35 76 99
15 72 61 3 93 52
90 69 49 68 7 81
26 12 19 70 16 23
85 4 18 83 45 33
59 46 11 52 24 8
80 29 20 84 30 13
65 32 62 39 44 17
54 78 34 64 60 75
56 12 2 73 3 53
9 78 14 83 13 95
21 71 5 34 85 64
47 65 84 38 69 33
94 55 82 57 77 29
26 31 1 90 63 25
79 18 46 66 91 93
73 53 4 80 40 11
43 6 35 50 58 79
51 93 25 91 74 34
56 13 48 8 26 89
67 59 52 96 30 54
3 77 46 32 86 44
64 88 17 81 45 27
46 47 12 67 75 76
32 72 89 56 20 87
40 30 88 16 52 98
59 5 10 90 81 99
22 29 91 24 25 7
60 6 97 45 94 70
37 19 50 3 1 11
30 54 99 33 63 77
68 40 71 25 65 62
27 31 83 28 85 44
42 18 80 93 82 61
20 32 94 76 56 55
26 21 72 52 59 91
74 81 45 90 96 11
16 44 79 3 89 36
61 12 34 92 76 48
1 86 54 52 24 58
81 22 11 49 72 78
21 95 30 15 41 5
63 62 27 70 74 98
82 26 42 31 6 2
34 35 40 38 70 81
65 83 41 11 56 87
26 93 72 96 88 50
1 49 79 12 21 29
15 18 97 69 92 31
62 52 80 9 22 16
25 17 32 98 24 53
61 19 4 45 34 51
29 96 16 22 15 38
88 53 37 14 99 58
64 63 48 47 83 46
59 75 94 90 44 98
77 7 23 41 97 8
6 13 9 74 69 18
87 55 52 57 42 20
79 29 45 59 99 46
9 24 36 34 65 19
25 95 54 8 16 91
33 81 3 77 28 31
30 18 60 92 58 56
47 86 51 90 40 39
55 46 23 71 73 90
62 31 52 89 36 98
77 32 6 1 60 27
84 57 22 7 85 51
68 95 97 38 47 11
30 40 87 65 70 79
83 49 5 8 44 99
85 8 71 19 29 94
37 57 87 70 67 1
74 31 50 77 4 12
90 53 73 22 38 18
46 52 78 81 95 68
60 11 13 24 43 21
32 80 5 27 99 25
44 73 52 95 77 11
5 31 87 41 83 46
20 4 47 97 74 1
9 88 21 75 62 76
32 16 30 60 17 24
54 65 42 71 79 43
90 35 53 8 86 64
41 64 10 91 88 51
35 37 26 61 12 54
23 73 44 18 3 19
52 32 34 85 5 1
99 2 14 59 80 6
95 78 71 20 16 84
13 33 48 25 8 49
61 70 86 73 44 77
42 8 49 92 40 59
75 39 52 17 30 35
24 36 18 89 27 16
22 85 66 26 33 83
37 46 15 53 41 82
80 99 81 11 2 72
13 71 19 26 41 5
39 85 66 46 52 32
87 64 58 30 63 50
60 28 33 69 45 65
89 55 67 61 68 78
53 35 2 9 74 29
81 24 95 12 96 99
18 97 40 11 62 42
72 46 94 85 93 32
19 13 2 90 73 55
65 8 98 1 10 58
9 39 44 14 71 36
76 64 15 38 79 63
49 30 75 70 7 27
84 31 60 70 51 48
13 78 99 3 17 94
20 90 43 89 36 25
97 12 37 58 15 14
54 93 73 28 39 87
77 82 81 69 61 8
5 72 59 74 30 96
54 20 99 45 6 36
7 3 63 5 32 48
29 33 28 2 84 81
72 9 94 59 85 93
26 87 4 66 62 31
55 10 34 75 97 46
52 71 50 91 96 43
76 80 52 75 10 13
19 90 92 22 54 67
28 35 94 39 6 97
70 26 59 45 37 64
73 53 78 69 63 46
61 51 21 85 16 55
89 87 58 99 32 15
53 29 31 84 11 15
8 40 54 2 57 56
55 37 87 45 23 70
33 35 42 34 81 71
39 76 91 68 41 63
66 73 88 16 18 75
59 52 65 61 17 74
20 98 2 82 24 7
59 5 90 81 65 70
14 96 15 63 89 4
78 51 13 85 95 93
32 47 61 88 42 56
71 72 12 11 35 34
26 57 44 22 54 38
92 78 88 86 71 29
77 54 55 44 73 69
33 13 87 72 41 59
81 43 2 45 10 67
7 24 98 48 38 56
96 52 85 84 75 97
12 9 3 18 15 57
37 35 63 79 21 98
96 82 85 8 72 45
94 30 24 60 56 93
51 50 47 84 29 89
48 78 62 44 6 4
54 74 57 67 20 5
76 91 86 80 71 32
24 95 82 10 56 40
50 52 66 53 12 30
75 72 71 78 14 67
19 5 26 98 35 59
44 34 7 73 87 37
58 41 54 74 86 90
65 89 27 21 23 33
97 25 85 65 53 43
4 51 76 89 99 70
86 95 60 18 72 23
74 5 7 77 10 16
68 82 40 58 38 8
34 26 54 37 50 6
55 73 17 48 75 45
10 82 70 7 95 8
53 20 77 50 56 55
80 81 25 74 44 96
30 36 28 37 39 12
86 33 67 13 22 51
65 35 73 97 38 1
41 57 91 9 66 43
69 19 61 53 79 38
44 78 86 34 66 92
71 14 24 10 74 84
95 60 28 1 91 81
64 97 41 23 40 42
85 50 54 36 8 29
90 4 80 58 87 20
2 20 89 84 31 10
42 91 69 78 67 81
36 80 37 66 59 35
6 62 26 85 88 56
95 71 43 44 52 75
39 58 30 53 19 54
3 41 15 99 73 60
33 90 69 46 39 82
6 37 29 65 14 80
81 35 36 91 38 4
28 1 8 2 73 88
68 86 64 42 51 77
3 40 92 21 23 53
99 19 87 97 48 94
40 65 6 76 4 73
64 69 2 53 14 81
19 20 13 50 96 82
99 8 51 12 39 9
46 80 87 25 54 23
91 35 79 44 38 74
98 68 11 95 67 49
61 23 92 78 30 86
95 36 93 70 43 62
84 2 4 52 40 79
91 74 60 83 6 1
41 82 33 97 9 55
73 69 5 14 13 56
59 8 99 77 12 51
97 50 61 76 19 37
41 67 28 72 83 74
68 63 35 22 8 73
29 33 69 65 85 77
79 2 99 30 92 24
66 94 52 75 47 89
95 9 42 5 1 60
79 68 3 66 96 42
57 48 74 34 77 27
9 73 81 76 16 5
82 37 26 98 71 44
23 69 87 15 51 12
55 75 91 61 33 7
11 38 45 49 17 25
41 17 22 35 84 79
95 42 32 12 85 51
75 98 24 37 90 56
19 67 83 69 72 71
88 61 89 81 25 3
18 87 36 5 27 52
1 45 96 68 73 47
44 94 31 80 63 64
48 15 52 95 91 47
11 17 55 8 46 79
59 28 54 14 6 86
60 98 76 5 53 19
38 71 45 92 16 83
61 1 43 21 30 62
75 67 74 49 66 47
73 22 86 79 38 83
77 81 76 32 34 28
8 2 69 7 29 72
26 53 24 54 92 90
30 95 12 89 82 61
15 31 93 23 98 59
51 11 15 59 18 23
69 73 4 55 12 89
66 45 99 80 20 57
25 79 81 88 36 70
53 47 49 33 34 62
84 10 37 48 60 83
46 52 64 19 22 9
35 52 10 29 65 23
2 28 95 37 66 89
98 59 11 45 71 94
84 22 86 78 69 38
72 12 24 7 56 42
33 44 31 70 64 26
96 60 21 36 97 5
31 44 71 74 94 7
62 69 92 65 84 11
70 28 42 13 98 75
34 81 46 10 57 18
4 36 68 58 91 82
53 32 83 30 17 50
60 64 99 9 8 77
69 68 24 80 66 36
5 20 33 93 56 49
22 70 81 63 45 73
27 79 97 55 61 89
12 78 35 77 53 29
94 32 8 98 14 71
30 26 21 10 90 43
12 9 51 32 61 3
94 14 92 29 44 50
89 42 55 67 90 68
96 40 17 63 37 62
65 82 76 26 31 74
85 18 30 43 53 58
13 84 99 47 5 4
83 39 72 69 41 48
80 53 86 20 57 67
10 61 42 45 97 56
43 49 51 35 74 44
63 4 23 11 27 31
30 19 13 71 26 90
77 46 34 55 52 93
32 78 69 22 64 25
8 35 44 72 61 40
85 4 10 54 94 46
84 98 3 19 79 50
45 70 13 56 7 99
66 90 95 87 15 16
17 91 86 36 58 83
48 10 7 1 64 14
99 36 25 65 26 50
75 63 87 28 3 71
4 74 11 73 95 38
80 97 46 66 8 79
52 78 18 16 32 42
98 62 96 77 88 54
67 69 84 53 95 18
81 34 54 93 9 64
79 83 46 3 48 16
80 96 66 19 91 63
56 32 6 21 71 74
8 62 10 35 22 99
77 94 24 51 89 44
12 54 91 9 87 59
63 46 43 48 60 97
21 44 89 83 81 77
45 14 5 55 82 26
2 85 42 61 33 72
15 56 93 74 20 19
17 50 13 22 47 49
19 99 90 77 42 22
83 85 51 47 92 20
87 69 39 52 40 46
27 63 88 4 75 8
14 66 24 41 58 57
31 30 70 54 25 1
35 33 15 76 2 98
6 73 98 54 60 2
46 69 75 41 89 22
88 57 36 72 71 79
39 80 23 56 11 30
20 61 93 1 26 25
87 15 9 90 67 12
62 16 8 84 10 7
21 78 24 81 23 57
26 11 94 67 63 18
17 34 80 15 56 6
40 30 89 91 43 90
5 92 71 62 96 7
87 68 75 66 38 64
52 10 8 44 51 20
66 30 97 27 26 85
69 37 47 87 43 13
94 52 12 49 70 55
65 36 40 29 80 19
42 23 74 25 68 86
6 22 59 81 11 41
7 79 28 46 38 67
46 92 13 11 70 50
65 28 60 89 94 33
44 10 71 55 45 53
54 69 73 81 40 51
9 36 25 47 20 63
66 86 79 39 57 72
18 17 42 24 22 7
20 7 8 87 96 19
91 68 98 38 55 85
67 77 97 86 32 48
6 17 56 18 41 63
16 27 59 71 90 79
94 42 30 76 82 39
54 61 64 43 45 11
57 64 76 12 7 61
69 56 50 71 19 3
93 96 89 28 36 60
1 59 31 21 17 68
25 11 30 78 10 88
84 74 22 83 98 34
46 20 92 82 65 54
23 5 76 12 54 99
10 2 89 81 88 9
60 24 56 22 16 21
44 14 4 36 79 68
85 34 95 51 63 55
17 48 83 59 66 96
43 70 18 7 93 6
36 31 92 75 80 66
64 21 14 40 7 56
49 6 17 50 15 13
88 83 23 84 33 53
93 72 12 85 99 95
60 26 77 5 47 65
54 48 57 96 98 22
52 19 88 7 49 32
4 15 98 22 90 95
42 67 55 44 94 8
23 2 39 61 86 66
43 54 27 37 75 53
48 58 16 81 56 93
41 50 91 13 24 65
61 49 36 6 68 76
11 9 77 26 75 93
94 43 70 81 4 95
35 33 28 97 60 21
25 84 99 32 18 42
53 45 56 80 8 88
58 16 67 50 85 34
1 29 57 82 81 95
45 35 23 59 75 99
83 8 39 67 65 77
76 21 60 2 16 7
38 31 92 26 63 43
32 86 68 5 27 74
47 91 37 19 97 13
7 24 77 79 35 38
31 40 80 87 37 2
11 56 17 1 41 19
90 99 10 89 14 23
34 72 85 30 39 9
86 42 43 53 33 36
28 22 18 63 94 47
66 40 67 61 28 73
45 70 84 83 2 52
6 75 91 68 27 41
30 17 55 38 36 22
4 98 54 19 92 62
47 58 1 7 74 79
60 69 81 97 53 23
33 39 19 4 66 61
1 26 67 72 76 81
9 48 94 14 64 43
40 84 93 41 24 96
49 3 11 37 80 16
38 65 89 97 29 60
22 79 98 86 17 51
22 85 13 95 2 92
27 94 72 31 70 55
69 3 76 97 54 19
35 86 80 68 41 46
91 21 65 73 29 11
51 25 77 28 82 40
36 1 87 9 43 6
85 66 93 13 83 89
91 94 20 26 98 16
45 42 53 62 24 35
15 12 7 36 56 76
17 99 31 19 37 33
69 30 22 43 6 78
41 68 58 8 87 71
20 69 47 68 33 8
81 95 60 4 64 19
46 63 65 85 38 62
51 90 70 40 59 55
93 36 43 9 21 72
3 32 86 83 79 82
16 15 99 71 52 12
66 31 12 64 18 57
44 14 30 34 73 79
59 22 83 99 68 25
10 98 72 90 91 94
21 78 9 33 75 19
87 96 62 46 29 28
55 97 51 45 27 1
9 60 87 45 62 86
22 15 83 78 11 79
3 67 63 21 7 80
56 40 33 39 52 17
42 84 20 53 57 8
94 55 90 73 68 91
51 61 54 18 88 31
93 39 58 23 98 84
11 47 8 46 38 70
75 80 52 71 69 86
27 6 60 74 56 57
25 12 82 91 64 50
1 43 10 13 32 2
65 9 68 14 20 5
15 72 7 13 81 77
5 68 59 36 94 40
35 58 29 78 1 42
93 2 76 64 88 92
44 20 99 66 63 8
38 22 75 90 79 6
62 27 39 89 84 14
40 1 99 67 81 26
59 15 21 49 35 30
36 46 94 44 43 76
83 50 48 14 75 77
31 66 63 39 12 11
8 51 97 69 85 5
18 38 71 80 72 33
15 81 59 90 45 94
75 95 8 67 2 14
1 73 68 98 77 86
18 97 6 22 17 96
35 60 30 85 21 3
84 74 53 70 41 13
72 44 49 65 82 37
10 5 68 8 55 96
93 23 51 80 46 53
45 62 16 44 43 40
21 63 41 33 91 27
72 42 56 4 3 24
39 89 17 60 15 28
26 25 74 49 50 52
68 18 81 45 70 19
30 91 54 77 55 46
82 39 56 50 62 92
75 84 96 35 13 14
89 47 27 42 58 78
22 17 86 97 8 9
36 6 32 73 52 57
7 6 95 14 28 12
26 65 75 27 31 9
8 36 94 99 48 41
72 10 53 70 92 90
56 21 43 89 30 39
85 38 73 15 76 79
55 24 52 51 44 96
68
86
38
42
70
23
7
90
68
93
53
50
29
61
91
17
48
78
62
31
16
2
80
82
74
39
12
57
46
43
44
60
85
67
6
41
15
9
4
18
40
5
55
24
13
14
75
58
66
28
64
52
63
79
87
10
56
25
20
54
35
49
99
98
72
92
11
97
76
