5 6
75
19 86 72 29 97 14
47 32 23 51 2 15
94 8 84 49 55 68
39 98 50 34 65 62
77 58 6 41 69 37
30 46 83 85 10 37
76 75 95 5 58 80
98 99 63 1 13 90
4 25 2 29 59 48
66 52 27 65 7 79
13 1 4 36 50 82
28 14 19 75 20 23
8 84 69 55 90 86
27 32 41 22 74 59
17 51 98 18 93 71
82 29 90 60 51 89
96 64 41 20 84 12
71 48 86 81 5 10
25 65 42 6 13 83
57 61 67 78 34 4
75 93 76 1 6 37
29 57 12 28 38 48
90 81 96 59 20 30
67 26 44 82 18 97
83 27 98 70 84 65
29 1 54 31 85 69
33 61 11 23 7 93
51 75 10 45 82 2
20 96 71 32 72 17
46 62 67 22 60 99
35 47 69 25 65 29
89 73 45 93 19 86
33 81 22 6 23 52
10 96 83 49 68 88
66 70 58 64 57 2
75 71 1 93 46 7
58 99 98 22 86 14
69 15 5 12 21 60
67 59 70 83 56 33
74 43 65 79 57 68
44 26 79 11 21 82
61 66 86 42 51 8
68 37 5 84 94 77
60 40 24 49 81 95
55 53 16 93 23 17
63 6 14 34 80 86
24 94 81 91 40 71
41 18 74 90 53 13
57 50 54 83 8 37
99 96 43 77 51 35
66 29 9 14 49 3
43 87 40 15 90 39
44 32 91 98 63 68
94 35 82 77 67 22
34 27 76 5 89 56
35 89 25 1 96 16
72 99 59 49 94 79
48 98 6 32 17 68
63 37 86 67 92 93
2 54 84 97 45 77
12 11 40 88 28 23
58 34 83 93 14 24
52 81 87 79 80 63
49 10 44 26 38 45
64 92 53 99 82 27
86 84 92 19 41 63
67 66 28 33 47 18
94 38 88 52 54 25
90 14 30 62 77 93
27 35 59 57 49 29
55 92 66 9 17 35
24 1 78 79 23 34
39 89 76 59 48 2
8 61 42 97 46 69
52 58 31 90 30 68
50 32 73 48 94 19
96 93 88 81 43 49
13 26 33 55 2 41
54 8 6 29 95 52
10 99 61 98 60 4
57 21 46 80 58 37
56 16 97 1 55 54
82 8 88 32 45 77
19 71 31 63 2 95
49 48 39 44 14 72
43 44 71 14 22 67
69 6 89 35 25 50
40 98 36 97 16 4
65 56 92 45 17 79
75 19 66 91 5 57
56 47 23 13 28 68
82 44 14 40 41 37
36 49 61 73 60 67
53 64 94 80 57 34
87 74 42 92 75 58
89 84 45 71 87 30
32 86 56 37 75 81
43 21 7 69 47 92
36 27 78 25 67 14
41 63 85 6 76 13
22 78 83 51 23 35
37 15 11 98 86 4
47 6 33 73 93 59
61 90 81 28 85 19
43 50 34 68 29 42
50 15 37 45 64 92
99 28 47 80 58 23
51 94 69 29 91 82
85 32 40 61 53 8
89 44 39 7 16 49
91 92 20 43 73 19
30 63 34 4 28 25
22 35 29 71 42 47
39 59 13 69 62 6
21 51 65 2 38 72
6 28 10 11 68 57
30 87 42 23 93 1
4 13 7 56 70 21
50 49 72 84 96 73
48 82 37 33 27 3
54 32 87 58 27 33
10 19 2 49 99 45
17 12 9 28 39 8
55 36 92 11 37 73
97 1 85 34 66 20
25 83 7 6 54 93
28 87 19 45 91 3
86 58 18 55 48 11
42 85 17 74 57 1
82 14 95 41 53 23
13 60 56 69 64 24
58 44 73 50 22 70
75 97 61 42 85 7
39 2 74 89 34 65
31 54 28 49 96 99
82 46 42 64 11 66
30 19 16 23 70 25
18 76 10 32 1 45
67 15 34 47 29 84
58 5 49 13 90 50
96 14 26 1 56 35
2 51 23 31 54 69
64 13 79 34 16 27
62 91 57 9 24 82
58 6 86 72 36 70
25 6 95 98 79 55
97 67 92 72 82 26
73 19 33 5 60 87
58 42 74 64 28 78
35 13 31 85 32 21
3 67 27 45 52 7
80 88 24 72 97 43
20 89 95 55 16 96
99 61 6 84 22 53
76 14 15 59 60 32
69 96 44 43 23 89
91 6 25 51 61 93
94 73 57 39 66 37
50 1 30 12 67 7
17 10 53 13 18 84
24 16 96 70 26 4
13 18 10 55 53 78
67 7 71 79 64 48
76 35 5 40 23 34
63 44 84 66 37 14
12 55 86 88 75 90
71 31 22 85 73 38
16 8 19 72 11 77
94 42 62 36 18 20
92 91 24 30 84 81
60 91 73 77 21 12
6 62 46 16 69 67
89 99 30 56 3 7
79 57 35 81 96 95
39 28 87 59 44 22
43 96 57 28 45 72
88 41 26 13 17 68
38 12 91 47 30 66
98 90 94 92 60 83
81 67 25 50 53 48
93 29 17 75 12 62
51 98 78 99 21 7
61 27 77 6 23 40
8 3 88 59 26 80
66 55 91 52 86 82
43 3 86 12 61 20
78 21 1 80 28 44
64 88 16 98 23 67
95 22 75 39 74 38
36 37 92 94 52 97
90 81 1 29 4 70
79 64 55 68 99 61
76 37 46 17 6 28
87 40 25 2 66 20
18 56 48 75 62 58
66 32 96 92 65 5
99 40 36 27 12 26
76 16 46 14 85 57
19 39 28 43 10 91
9 59 44 88 13 63
55 8 12 76 75 61
87 83 4 30 59 78
35 13 19 28 45 18
43 49 90 99 50 11
10 6 16 44 26 36
92 13 60 72 32 4
40 57 16 50 3 89
11 51 59 24 26 82
46 37 65 61 7 38
83 91 35 19 6 63
92 60 61 8 27 54
74 75 24 5 57 43
81 6 71 77 86 66
28 13 48 90 31 20
87 3 72 36 39 7
56 82 29 19 34 62
4 58 43 94 44 95
78 79 12 17 1 92
11 86 54 7 57 88
10 74 83 98 63 80
22 52 87 17 88 77
30 83 34 39 35 90
63 37 67 72 55 94
24 13 89 36 59 98
3 28 85 66 71 96
54 9 39 45 82 15
66 64 85 94 63 7
87 91 42 73 48 84
61 31 30 81 41 83
35 14 57 6 24 75
41 42 92 46 49 17
68 4 24 78 1 3
60 5 70 59 43 11
14 30 61 23 89 36
87 19 55 50 16 62
82 58 59 56 62 76
32 87 97 23 3 54
85 10 57 26 72 86
52 51 20 99 80 89
48 35 30 14 68 71
31 21 65 64 63 75
27 95 84 89 43 3
38 44 33 73 52 69
37 82 2 87 25 83
61 30 90 20 45 13
5 8 45 71 66 38
33 80 43 75 24 77
96 23 6 64 99 98
82 1 51 17 15 62
88 14 76 13 94 72
61 62 41 57 16 68
83 23 24 43 14 72
82 58 64 22 73 51
76 81 42 27 11 33
89 20 25 93 9 77
13 88 56 25 7 5
52 34 28 79 31 37
55 18 43 77 30 8
32 48 51 87 91 60
20 40 21 81 54 96
84 49 56 67 36 30
66 68 75 54 94 12
37 45 7 65 24 87
63 99 1 33 41 50
20 42 47 31 26 29
74 99 21 59 8 9
2 73 20 39 19 93
77 35 86 26 10 69
57 84 85 68 24 61
66 16 22 94 67 7
13 77 84 11 2 38
9 29 95 36 28 58
10 4 70 52 94 24
30 66 99 88 49 14
67 42 19 51 21 83
20 99 77 74 70 60
34 76 53 35 85 15
47 55 78 96 62 82
2 64 61 95 37 24
11 56 4 6 3 32
8 44 11 62 36 16
37 88 66 3 26 95
56 32 14 72 45 91
34 50 5 29 1 94
77 93 92 80 74 53
61 56 36 27 96 21
23 72 70 47 48 10
16 82 45 84 75 51
74 53 40 8 12 14
85 15 89 5 1 93
8 44 82 60 71 26
30 31 81 64 28 36
3 40 84 37 6 17
32 80 92 19 68 18
39 9 35 48 83 94
40 64 70 97 62 43
99 18 3 34 60 81
41 48 25 51 66 37
67 69 57 91 53 54
77 7 72 33 75 61
75 37 56 33 8 5
99 3 67 60 83 31
30 88 46 79 87 10
61 4 23 19 93 71
45 44 77 72 90 78
33 64 31 87 96 4
38 72 67 16 42 68
1 52 60 63 77 81
6 23 18 59 34 78
76 30 24 73 88 11
75 7 60 76 69 90
41 98 12 26 99 45
23 15 38 24 25 86
54 31 48 55 95 63
34 57 72 49 81 97
3 36 83 82 59 43
44 60 40 21 17 35
28 48 68 18 58 55
2 10 15 96 97 62
91 47 66 67 80 78
56 28 55 59 14 63
70 67 78 71 9 44
79 17 95 65 15 29
43 11 83 84 66 22
39 26 51 20 13 42
62 9 89 88 99 33
92 25 40 85 53 8
70 3 58 47 61 48
24 84 15 87 1 20
80 75 18 38 82 90
16 31 11 15 36 12
79 87 64 2 61 94
54 24 13 97 60 67
92 93 33 53 95 38
9 17 72 90 6 43
24 8 88 58 22 90
87 5 43 14 53 6
66 72 3 16 23 82
55 63 77 37 17 36
56 9 81 69 49 45
35 39 15 24 17 45
19 98 84 38 25 65
14 46 16 54 31 95
97 77 58 3 27 18
61 52 32 30 60 6
69 73 34 53 72 60
39 8 47 96 38 31
86 29 42 18 99 74
56 22 70 97 49 82
28 40 9 89 76 43
61 97 34 53 90 21
42 15 66 8 91 41
7 87 10 78 81 12
40 80 69 36 38 95
46 64 43 58 44 26
92 90 28 50 55 37
17 24 62 5 14 74
69 25 12 72 94 38
3 91 40 2 47 79
54 99 70 18 10 75
69 90 20 10 60 65
40 11 25 52 75 1
85 8 5 78 82 41
3 29 88 68 44 47
96 16 22 76 26 19
9 74 13 67 35 52
92 76 50 95 16 36
32 68 25 34 14 86
47 97 1 3 38 20
51 77 91 12 54 96
96 48 71 86 95 69
53 17 42 5 61 90
75 12 39 44 2 14
97 1 82 54 63 79
16 31 77 37 41 84
21
14
26
93
71
46
35
23
31
24
39
63
42
22
79
47
11
49
15
36
69
41
