9 3
99
91 9 72
55 12 82
99 61 3
39 73 53
16 93 20
25 27 28
57 60 89
63 48 77
11 98 4
33 34 49
11 18 77
82 85 57
65 28 89
14 2 56
54 59 36
9 90 60
69 17 29
87 51 7
40 22 39
23 81 26
66 63 92
47 32 46
28 57 18
37 14 56
67 98 68
86 60 45
19 54 41
59 70 90
56 42 18
26 54 2
51 80 29
94 11 17
1 31 28
62 12 53
49 67 5
38 69 88
44 77 92
48 63 58
2 45 21
89 4 74
5 90 34
51 65 57
61 18 85
91 10 32
81 23 47
41 47 91
2 60 67
43 9 93
77 83 30
39 16 82
4 17 15
70 38 95
66 29 84
45 55 37
29 92 64
85 79 27
32 47 62
13 89 98
14 31 48
43 24 75
3 70 83
66 35 72
87 8 50
13 70 18
28 48 2
89 31 94
14 43 51
87 79 25
56 37 11
73 76 39
55 36 9
52 71 17
41 84 10
17 7 21
79 38 14
86 76 99
26 37 40
66 75 85
93 50 80
28 4 49
27 18 83
46 58 45
50 91 75
82 87 60
70 29 22
8 73 37
43 69 20
96 62 30
2 16 44
77 42 98
8 46 16
19 17 95
27 22 34
50 2 31
51 94 44
45 64 61
54 98 85
57 86 13
15 18 14
53 52 39
45 59 80
23 28 16
6 75 66
82 90 21
77 43 1
7 68 41
9 94 22
34 50 54
77 92 49
18 37 7
65 63 3
13 99 70
98 9 39
96 46 26
42 82 5
25 31 84
48 34 80
1 36 29
78 11 8
50 23 32
72 9 19
40 86 28
46 16 30
99 44 22
95 75 96
93 84 27
35 89 44
46 94 59
50 32 21
30 91 87
17 93 7
73 37 81
97 19 63
60 77 70
92 96 43
66 19 14
51 78 55
7 71 98
61 47 45
94 88 68
74 81 28
80 1 44
42 22 95
93 24 27
82 72 79
3 75 17
90 40 98
39 76 26
31 25 28
38 93 44
89 81 18
34 55 70
24 94 66
10 9 30
88 63 75
96 95 50
81 48 86
52 36 42
3 15 89
80 59 44
49 34 2
94 26 45
6 19 39
83 86 28
38 87 25
96 18 63
80 98 58
55 56 3
65 85 37
97 61 9
57 78 23
65 35 44
13 68 87
90 92 77
61 93 59
56 83 2
41 98 64
6 25 16
52 7 20
45 89 57
64 82 77
32 55 60
71 6 57
10 44 36
8 81 56
17 28 15
66 7 11
46 98 85
26 16 3
84 21 49
54 17 57
58 37 27
75 74 41
36 59 81
97 28 69
26 22 56
7 65 62
88 6 60
37 47 5
39 73 18
89 63 41
82 79 11
42 27 19
98 16 88
99 91 17
32 95 4
90 58 62
82 99 95
18 96 31
6 76 1
40 36 90
39 69 22
52 27 4
53 58 70
57 33 30
56 42 32
55 85 42
90 3 97
88 89 95
12 44 31
28 91 98
45 49 24
54 60 79
21 5 52
41 23 76
14 86 39
35 69 46
24 19 12
32 90 51
76 6 37
85 67 4
2 25 9
83 16 77
50 33 26
25 40 11
65 68 12
76 98 7
77 55 83
5 64 78
54 16 13
31 35 10
30 1 14
85 70 28
70 47 74
97 60 75
83 65 66
10 69 67
63 50 68
59 32 40
84 71 2
86 35 29
80 73 24
50 37 13
3 51 47
61 98 49
80 83 69
64 17 25
21 36 31
65 79 77
66 70 89
57 71 40
54 48 21
77 3 22
53 55 66
82 68 18
84 25 31
1 8 89
9 93 90
57 34 97
96 98 6
48 65 96
71 17 52
67 79 97
15 51 49
19 66 64
45 22 29
6 46 60
58 38 34
10 76 88
17 63 36
38 7 86
37 56 25
49 99 96
22 98 26
47 57 8
6 67 30
81 97 90
78 42 88
43 26 10
78 58 68
74 98 75
36 5 59
37 27 32
70 24 76
31 81 23
93 34 54
41 9 88
57 21 39
95 65 84
16 56 86
93 92 61
33 49 91
2 90 58
62 85 37
81 6 94
59 13 76
82 32 39
14 31 86
96 95 10
17 36 94
93 6 15
50 73 98
13 37 97
4 87 5
44 88 90
58 2 85
86 45 79
16 60 22
48 57 43
77 75 41
1 3 28
26 20 44
95 30 80
36 99 10
92 9 21
66 28 88
49 67 7
59 64 14
55 48 44
23 35 5
50 40 63
29 19 43
97 4 98
30 93 94
97 85 88
32 90 8
38 33 69
11 42 51
19 31 52
13 91 63
21 58 92
20 48 72
18 48 68
64 21 62
52 76 96
94 30 19
1 93 70
91 43 8
2 65 15
25 83 98
77 95 81
15 84 58
62 74 57
63 90 33
65 75 44
12 70 78
68 32 92
96 85 38
21 35 4
66 98 59
46 71 14
26 41 2
78 29 47
27 37 66
20 83 12
1 35 6
77 48 98
50 16 43
10 74 97
98 77 66
11 8 99
49 50 15
33 65 14
48 13 72
55 52 41
44 29 12
84 31 43
83 10 79
56 14 76
65 21 13
79 35 11
23 1 99
20 78 92
96 63 74
95 84 87
7 67 22
69 26 53
59 4 99
54 75 10
62 72 50
30 81 2
65 79 26
12 13 97
1 55 47
42 85 88
11 29 67
89 71 16
87 59 91
99 83 61
33 54 46
25 38 67
79 78 40
62 81 96
36 39 35
22 47 82
12 3 19
1 10 11
63 72 9
85 75 76
57 31 87
58 96 67
89 28 18
5 81 56
38 2 94
44 89 84
76 4 94
50 46 12
47 90 8
23 70 52
59 29 22
49 73 91
97 40 31
13 60 75
7 57 11
69 92 71
17 16 51
90 25 3
32 82 27
50 79 8
59 9 53
20 40 67
22 61 35
30 68 17
88 94 44
52 45 18
56 37 27
10 35 1
46 28 43
98 14 25
7 5 49
63 39 75
52 7 29
63 51 85
42 17 25
15 28 81
55 45 92
90 36 91
19 89 62
64 31 22
95 65 74
63 35 54
93 32 48
33 74 75
50 17 73
69 95 38
82 11 8
20 31 59
7 47 34
28 92 87
75 95 70
27 21 78
59 87 41
96 4 92
98 52 7
32 1 51
61 85 97
3 30 79
72 38 71
46 67 60
28 27 81
7 85 59
6 39 50
29 93 82
33 96 76
87 36 63
74 90 98
64 26 56
94 20 1
73 71 67
96 83 55
74 87 79
90 81 35
44 93 60
32 9 78
13 31 34
68 95 18
85 33 65
50 5 54
14 21 64
73 53 19
7 61 82
34 15 31
27 77 76
99 47 17
29 96 36
74 21 18
83 38 44
61 11 7
4 54 50
42 29 57
71 56 77
26 35 14
47 10 15
73 48 6
96 28 89
13 48 77
93 16 41
26 40 72
21 83 80
30 54 47
22 5 29
76 65 62
94 33 56
17 92 65
58 94 1
64 48 35
98 90 57
13 8 23
49 66 7
3 63 43
14 47 70
11 10 53
51 25 97
17 9 64
50 67 87
98 59 81
36 52 82
42 3 15
93 53 83
91 57 94
49 37 96
24 15 60
52 7 71
47 89 21
87 35 53
14 54 66
68 16 81
48 5 80
3 49 44
28 88 65
94 96 69
8 14 13
29 56 91
98 93 82
17 84 31
57 43 30
35 97 6
60 80 64
47 45 72
15 70 95
5 76 9
41 82 69
32 31 89
61 53 24
16 18 91
74 27 98
84 59 46
85 3 90
50 15 87
67 26 64
78 9 88
22 33 52
53 12 81
99 48 45
11 63 97
3 61 66
36 91 74
88 38 21
19 54 20
65 42 18
75 25 23
34 16 13
48 44 84
30 99 81
77 22 11
40 15 82
95 87 11
42 73 8
18 19 14
46 62 91
99 32 35
24 34 36
69 1 80
30 45 9
83 61 90
29 97 79
52 58 32
87 45 37
14 63 47
12 31 26
62 36 91
38 2 44
64 22 90
71 40 56
18 71 33
99 6 67
75 98 84
32 35 10
30 8 78
1 14 44
20 77 89
16 93 41
79 61 65
71 69 48
55 61 29
27 13 84
36 21 5
43 31 22
99 88 53
8 78 56
70 26 49
83 86 45
12 78 92
71 6 16
94 40 15
10 38 81
17 31 88
84 60 8
13 58 74
63 20 39
22 3 42
90 35 99
52 57 8
22 30 79
38 15 14
3 47 53
41 16 74
84 1 54
95 6 4
62 46 56
40 85 30
19 78 98
88 53 11
31 61 75
37 13 57
79 48 5
24 25 51
84 52 69
43 18 21
18 57 69
42 2 61
41 6 40
22 76 73
85 43 63
3 67 44
52 54 65
28 30 23
60 92 83
21 94 87
76 24 62
16 61 9
85 7 98
3 19 10
31 34 77
47 41 29
73 49 93
5 25 13
29 65 37
59 11 96
95 20 42
49 68 22
75 64 97
1 36 67
88 19 10
78 15 87
12 44 26
17 99 41
49 51 15
67 10 56
37 52 18
94 79 81
34 89 80
38 68 32
12 13 9
57 87 59
29 7 4
57 62 20
89 75 87
92 43 24
27 74 47
85 61 16
50 59 83
38 34 51
56 93 6
44 56 3
95 12 86
31 26 25
19 54 34
68 67 87
60 83 57
90 62 65
15 38 24
37 51 88
20 75 76
11 57 30
61 84 68
95 73 81
4 59 22
32 44 7
41 58 85
82 14 38
40 5 19
46 91 75
43 20 84
28 60 50
92 74 78
30 89 54
1 22 44
65 99 51
19 33 70
40 66 73
8 92 23
2 90 59
35 71 42
37 36 15
49 13 43
97 30 94
99 14 53
56 96 31
57 58 70
27 12 42
50 85 86
47 64 78
46 36 97
4 43 9
93 65 14
60 26 24
62 11 30
79 57 81
6 37 51
65 83 73
61 87 52
49 70 23
31 29 22
57 79 12
30 18 72
75 92 63
25 76 3
25 1 39
13 87 49
77 16 52
3 40 37
45 34 58
5 84 89
98 43 38
54 4 21
22 64 44
94 53 39
87 60 92
86 72 80
83 18 84
12 99 2
27 97 59
42 26 73
47 7 50
61 20 49
72 16 44
45 78 54
32 20 7
18 38 19
89 58 27
80 62 24
42 26 5
31 14 97
88 71 37
63 29 58
76 80 49
43 86 81
22 71 46
38 92 48
13 87 20
11 32 88
3 56 69
9 59 68
4 89 66
55 53 10
35 85 36
25 64 88
41 59 13
44 77 76
54 80 26
42 67 52
1 16 27
97 28 58
66 26 19
70 93 67
29 92 6
95 96 90
49 65 61
57 15 32
41 2 68
86 40 78
41 78 10
44 39 33
54 2 6
34 83 12
42 68 38
66 57 97
1 14 73
76 70 29
69 94 24
16 18 7
59 95 5
35 97 49
79 19 99
60 25 48
22 74 52
92 58 29
42 38 45
63 24 20
7 33 22
87 53 39
82 84 32
25 61 23
46 76 59
70 52 56
60 43 2
45 21 93
6 81 58
37 18 39
5 42 16
28 21 77
47 84 27
88 33 83
38 11 15
13 49 64
69 85 80
43 67 97
71 34 95
81 60 26
2 75 44
30 41 4
90 99 50
25 86 53
24 33 77
78 64 16
14 83 56
86 48 97
9 90 27
35 73 67
1 57 62
78 58 40
94 21 88
69 51 54
75 41 22
33 92 49
75 56 2
44 62 52
33 73 8
96 76 74
28 45 93
60 17 97
6 27 82
54 42 92
78 43 66
42 24 98
90 46 85
56 96 48
81 71 84
78 95 88
1 17 97
67 75 66
55 45 33
61 25 82
3 39 71
47 35 31
68 18 57
44 51 45
2 56 6
33 97 22
99 84 66
29 50 63
24 17 52
78 31 33
62 84 7
93 69 55
52 89 25
66 1 79
5 46 23
4 60 27
77 80 29
71 8 42
76 46 26
9 68 50
8 58 3
37 1 39
69 67 56
36 10 29
19 63 70
85 35 49
7 54 13
9
94
63
71
50
67
10
74
24
16
