3 5
92
27 67 73 60 33
58 87 37 75 66
18 57 72 88 74
72 21 14 29 56
27 46 75 8 64
66 44 86 13 3
24 80 72 42 76
55 14 58 50 92
93 12 68 27 54
50 90 2 92 15
74 52 60 34 20
23 70 86 21 59
96 11 26 22 32
5 98 47 40 89
92 64 33 51 73
57 84 17 39 30
70 61 27 98 31
4 81 7 59 45
69 53 45 46 82
86 21 62 96 33
19 68 57 27 64
81 10 43 42 90
31 66 64 99 30
58 8 69 26 93
85 9 7 21 19
35 52 15 65 61
89 56 2 62 13
55 56 40 65 5
10 3 76 47 2
36 28 30 59 6
36 46 2 80 98
49 69 79 89 68
18 37 95 17 57
89 66 20 38 25
23 36 6 78 94
83 1 34 45 16
49 72 82 40 42
17 39 64 15 67
20 86 32 27 33
17 25 24 3 72
16 56 45 5 85
35 75 97 91 84
69 78 77 99 40
30 67 4 47 22
14 32 56 13 18
82 56 38 18 75
85 89 39 62 64
67 35 45 27 59
28 3 58 51 19
4 2 10 98 12
48 90 72 74 45
25 65 86 55 98
40 75 32 64 59
11 31 90 9 52
53 70 18 43 39
61 40 35 49 66
74 82 86 12 79
36 33 62 60 14
76 30 47 49 87
35 2 13 88 55
49 33 97 37 65
13 14 54 84 48
92 88 77 62 41
40 55 20 79 1
25 38 89 87 70
22 5 95 29 90
34 42 59 5 8
3 49 97 55 41
76 9 4 84 61
94 66 84 50 82
46 76 47 70 62
67 32 98 37 5
86 80 12 14 9
56 22 13 44 4
70 74 66 1 19
43 54 24 64 20
53 66 27 77 60
74 41 39 88 62
23 75 38 36 3
8 18 42 9 39
68 60 77 7 70
76 94 21 15 34
25 49 27 39 61
85 22 4 82 95
10 54 49 32 53
21 17 30 65 33
91 76 26 40 98
26 72 81 80 20
19 77 1 73 5
16 34 87 96 92
66 53 17 87 65
51 85 57 77 82
6 34 9 79 62
40 2 91 11 4
18 26 78 95 89
93 76 17 84 28
57 55 17 44 5
61 37 89 73 18
91 63 64 33 69
94 97 45 34 52
9 75 53 22 71
76 62 25 66 70
73 30 60 18 83
16 33 97 81 20
6 88 53 67 21
97 16 2 29 67
92 74 95 84 82
33 35 89 76 93
18 59 61 58 5
27 83 30 40 70
50 26 53 57 4
72 35 50 7 74
19 91 93 61 47
83 87 92 21 4
62 29 72 64 90
51 65 91 71 10
88 9 45 85 56
23 68 41 60 29
82 14 76 48 62
96 5 78 99 81
25 6 31 27 65
37 13 73 97 1
75 14 81 88 18
15 73 4 39 43
1 46 41 36 72
99 76 14 26 49
57 33 51 80 28
61 26 21 77 89
36 96 83 68 12
21 96 2 27 10
36 95 88 5 43
26 4 54 90 60
9 8 54 95 1
40 60 51 70 82
55 46 68 31 79
53 62 66 42 57
93 80 26 63 95
11 43 19 39 58
39 47 46 45 17
42 74 70 95 14
86 64 81 52 88
12 91 72 6 24
40 16 34 66 18
31 87 84 37 19
93 77 97 44 31
62 76 10 79 65
87 3 53 24 41
14 21 76 58 39
75 78 89 22 77
19 30 36 28 9
17 82 36 39 66
74 80 24 84 38
63 32 62 40 83
56 96 22 6 21
94 46 54 55 9
63 67 20 51 93
63 31 6 64 69
82 90 18 21 14
88 12 42 68 7
77 34 50 23 89
26 48 55 93 24
15 32 14 5 83
89 9 34 39 63
44 12 38 97 93
83 92 11 26 6
7 37 63 88 2
23 21 97 78 16
61 3 45 18 32
56 4 34 8 21
51 55 42 47 67
80 16 31 91 23
22 94 65 64 72
91 81 15 36 10
39 31 80 82 90
45 53 47 2 57
13 62 85 44 79
67 54 70 23 86
28 22 88 35 86
25 73 16 90 46
15 18 17 43 45
48 6 7 93 28
8 47 11 78 19
88 9 2 13 38
20 89 78 71 6
12 81 38 65 86
35 85 27 31 83
97 22 46 38 93
15 24 33 6 77
40 52 63 13 64
94 88 41 45 11
56 49 4 57 63
38 29 93 79 95
46 91 12 55 92
44 86 5 80 76
87 50 79 54 98
79 50 15 49 89
76 45 53 39 78
68 44 34 32 9
5 50 54 42 87
9 7 73 51 77
4 32 24 91 63
47 38 83 8 51
30 77 19 76 54
90 23 59 15 10
22 9 28 94 99
10 87 77 80 46
56 72 48 7 98
61 10 27 30 19
18 57 29 55 22
12 73 48 56 49
36 68 46 74 7
51 94 10 27 6
88 31 80 38 37
17 19 80 89 72
46 58 63 30 31
52 78 96 82 61
45 94 16 43 17
27 5 76 80 88
48 7 96 31 38
61 73 1 51 45
65 20 83 62 21
60 46 93 79 97
30 17 27 59 46
19 60 32 28 25
68 65 53 11 75
59 49 2 33 92
47 98 61 45 41
80 54 46 94 75
41 85 38 52 73
94 67 55 92 23
43 32 45 7 79
53 93 66 84 33
18 60 57 43 78
95 44 77 39 26
56 4 37 30 54
6 64 49 31 83
61 65 97 36 13
67 63 74 96 7
89 43 45 42 5
28 48 47 52 4
68 30 63 7 90
25 71 46 93 59
99 2 16 14 17
20 31 22 35 29
36 11 54 24 38
15 81 60 50 82
40 91 71 70 13
16 31 44 60 26
58 7 85 87 62
31 43 71 79 90
29 8 52 15 23
69 41 37 46 18
12 15 44 29 46
9 47 8 57 95
93 89 13 64 72
80 21 34 53 92
60 28 46 27 84
54 69 22 61 52
2 3 63 86 29
76 50 14 57 24
10 60 15 47 77
5 86 15 82 50
40 34 30 93 22
99 45 13 6 84
19 92 68 20 33
87 73 57 11 63
98 74 38 77 45
98 63 20 38 58
32 88 44 37 17
46 62 93 1 48
58 64 9 35 71
97 67 66 1 53
76 54 49 85 75
72 45 60 86 3
95 9 94 66 29
19 7 33 24 6
36
5
38
39
52
4
43
24
70
12
87
19
21
99
2
47
72
55
50
76
48
78
46
41
68
60
91
56
35
45
86
53
36
23
51
79
14
