4 8
72
56 30 60 99 92 28 52 78
66 80 98 96 67 25 48 63
77 40 21 94 74 64 37 29
32 16 22 95 55 9 62 61
18 80 16 1 67 85 73 91
87 56 90 27 86 2 93 8
61 71 31 49 28 12 29 88
59 57 98 41 9 37 63 74
21 12 50 1 85 39 93 29
44 28 95 48 64 77 26 87
60 92 84 86 97 57 61 58
55 79 46 11 99 53 76 36
24 27 60 38 7 18 91 85
42 23 70 46 66 47 81 51
10 62 59 92 21 8 36 53
34 96 12 50 75 13 67 31
85 62 38 14 90 82 15 99
67 83 52 74 17 68 22 16
2 57 30 84 65 35 96 78
28 98 4 59 66 33 41 21
69 12 11 37 76 57 42 75
88 39 47 89 94 30 9 64
36 63 44 16 90 58 31 43
91 24 23 85 54 8 66 71
55 54 36 40 60 39 85 71
33 69 6 73 98 74 94 35
5 42 41 87 51 25 65 72
14 57 20 2 78 23 44 15
50 93 41 64 40 25 74 90
8 56 14 32 78 54 94 12
22 49 29 66 19 70 92 96
20 33 84 37 2 52 5 48
98 29 90 45 7 3 80 93
35 31 46 2 30 91 60 28
10 63 58 73 82 79 92 57
70 15 22 32 85 37 81 18
2 43 75 55 91 20 90 40
93 24 25 41 44 65 86 13
14 30 98 18 19 23 47 38
64 17 31 58 69 11 12 99
23 30 10 32 22 41 57 75
7 3 27 80 4 29 55 16
66 44 94 68 14 6 98 92
15 8 45 90 35 91 36 11
7 15 93 75 96 64 72 51
74 78 70 3 41 56 37 27
80 92 52 35 62 46 17 99
65 2 47 90 40 14 29 8
92 95 89 27 54 13 46 29
8 11 82 47 45 3 67 55
15 37 25 64 83 12 20 26
99 69 96 34 70 65 75 58
27 97 88 90 91 74 77 7
85 18 30 2 86 14 75 64
46 49 67 58 11 78 70 92
48 43 60 84 50 20 63 87
85 60 80 37 67 39 33 87
27 69 78 86 36 88 46 34
11 24 66 4 68 64 82 54
2 96 48 5 53 95 91 25
93 40 3 5 35 39 65 25
90 33 32 29 44 82 47 61
87 4 38 55 24 49 41 28
2 83 27 26 10 78 74 60
30 26 62 27 79 37 53 34
52 49 14 17 19 10 5 16
82 66 41 92 94 83 69 98
28 61 97 99 93 96 44 33
61 1 92 45 96 39 71 66
85 82 27 18 56 12 91 78
17 25 13 47 8 72 19 54
69 89 59 65 70 94 90 40
51 18 14 63 55 86 40 66
33 5 48 22 58 45 77 91
37 81 24 23 98 95 53 15
69 19 80 93 4 52 84 74
88 43 83 49 86 22 70 6
8 1 36 73 56 51 11 44
33 12 79 28 97 64 50 96
34 35 95 54 75 10 89 85
3 69 77 11 6 66 61 34
60 8 1 37 44 39 15 85
40 52 50 43 89 62 71 96
16 9 88 80 5 28 21 47
86 35 75 16 7 8 41 10
99 77 67 1 17 81 94 11
55 82 14 18 44 52 24 90
22 56 3 92 74 93 39 63
26 84 37 4 32 90 63 61
1 67 52 68 39 33 76 7
45 13 56 6 78 74 59 94
22 5 98 75 30 46 40 14
11 98 49 78 99 34 84 52
74 22 8 45 75 81 36 31
15 92 82 41 87 64 7 2
70 79 63 61 76 58 56 39
75 11 54 12 76 47 69 22
80 3 21 44 31 62 53 94
1 70 7 73 58 17 38 41
72 86 9 84 68 6 99 82
4 35 6 39 70 81 52 98
36 8 76 20 32 92 79 77
55 12 91 58 78 90 95 88
25 71 86 94 89 26 83 34
75 38 87 62 7 30 66 6
71 85 79 21 26 46 10 58
83 1 69 25 56 96 50 68
88 3 95 13 11 82 64 89
82 75 86 57 73 67 29 8
79 69 30 52 56 96 76 78
44 19 85 53 65 48 20 32
37 71 25 42 26 13 40 77
50 22 19 30 16 54 85 56
84 13 91 71 77 62 92 49
87 73 63 23 37 33 9 86
61 42 34 97 93 20 48 60
84 7 1 75 6 54 67 4
87 77 80 46 44 24 27 59
76 2 43 9 68 72 99 34
26 18 33 22 96 97 36 45
81 96 85 38 76 66 74 36
77 79 26 20 75 72 7 22
53 30 1 63 3 39 84 86
83 43 99 14 92 33 62 34
66 95 44 55 21 19 74 47
15 4 78 84 83 10 46 40
85 59 37 33 14 82 54 35
16 32 86 28 91 76 42 93
28 77 32 96 64 14 25 8
82 10 19 81 6 20 97 68
21 39 46 16 12 89 13 34
61 24 63 1 9 17 67 43
37 38 76 31 79 3 30 16
77 92 32 74 67 35 52 28
86 57 58 50 85 75 40 62
73 88 13 4 2 64 27 95
93 47 95 32 80 41 85 61
59 70 28 5 10 60 38 35
45 13 14 27 92 2 3 99
17 94 33 9 51 87 30 4
49 35 13 4 12 47 11 60
41 63 72 23 83 97 40 9
18 14 19 16 15 88 99 80
96 10 71 57 29 24 3 91
46 10 18 50 27 38 21 74
24 86 8 67 32 57 2 65
51 64 28 71 17 3 59 92
47 77 76 52 12 43 85 34
51 98 88 37 18 7 67 4
86 71 42 23 16 93 40 82
52 41 30 38 77 84 59 90
55 72 19 8 91 26 35 94
86 16 19 76 55 3 33 74
54 58 71 8 38 94 21 67
9 14 66 73 5 77 43 37
17 63 51 59 18 41 90 22
71 77 89 34 2 7 66 65
67 12 92 68 40 45 85 55
13 39 8 14 80 42 94 21
38 78 95 36 88 61 50 44
56 3 96 50 15 10 95 91
82 12 1 93 23 85 66 81
83 31 79 22 40 63 39 24
77 70 87 11 92 61 54 53
63 39 89 61 83 73 76 17
12 9 94 58 46 96 31 14
62 81 57 6 18 2 33 64
85 36 84 15 41 24 67 75
20 17 85 5 57 14 6 91
3 4 18 92 81 24 26 1
22 87 54 21 77 73 15 9
52 80 33 88 97 75 67 47
1 41 71 51 10 19 89 22
76 40 18 73 66 25 61 93
28 12 50 70 48 39 3 4
2 14 91 81 26 29 69 84
66 48 81 4 9 50 77 70
14 20 3 27 40 19 45 31
85 24 10 17 25 98 46 33
86 92 11 35 29 97 67 26
10 78 59 3 11 6 23 52
84 33 76 56 61 73 57 14
51 21 5 38 32 47 60 41
98 91 4 34 43 19 30 1
90 78 99 81 39 34 25 20
28 19 8 4 3 74 80 22
52 91 59 60 89 62 2 17
37 33 32 82 77 31 10 43
79 55 65 16 42 53 32 75
5 57 77 56 49 44 1 23
98 94 39 69 64 27 10 76
84 33 25 18 22 47 71 48
2 24 66 9 88 99 64 11
48 68 65 37 18 61 27 10
84 45 32 8 55 96 6 62
28 33 76 26 40 42 4 3
83 36 62 93 32 17 25 66
91 69 81 48 49 12 23 4
10 28 40 67 98 89 57 54
56 77 55 26 7 82 61 52
94 78 11 45 77 71 58 9
47 83 8 80 18 66 70 12
35 33 55 3 84 68 65 97
75 46 61 63 99 59 96 88
90 54 62 32 50 77 64 98
78 41 48 30 37 19 63 27
86 15 46 7 10 79 20 25
13 1 56 16 29 9 75 82
63 81 28 29 92 11 48 62
59 73 10 23 45 49 74 67
17 54 65 41 64 30 47 90
51 16 70 7 91 32 4 2
89 90 88 34 76 67 64 37
9 28 10 61 8 41 99 50
95 33 18 94 16 43 66 78
86 48 51 32 96 42 83 56
72 58 35 24 30 91 93 56
41 75 74 38 39 5 6 97
34 84 67 27 18 11 28 40
51 45 76 77 14 23 4 89
98 91 22 1 67 68 45 32
72 96 49 28 63 29 34 39
81 77 44 25 82 97 48 87
12 55 16 10 88 95 19 66
77 95 59 99 48 92 88 56
54 37 36 52 28 42 11 46
16 91 12 98 44 84 34 17
22 30 2 40 87 26 5 14
96 95 34 60 57 47 76 98
30 87 23 4 46 67 52 81
49 69 26 65 53 6 21 41
43 77 37 29 19 24 20 8
80 5 36 55 72 27 38 8
64 52 53 82 81 39 42 34
88 17 70 14 57 47 51 63
6 75 79 49 10 89 91 7
22 14 47 18 70 3 45 56
4 64 5 36 29 77 89 69
13 86 96 11 65 26 9 60
30 99 31 46 12 63 88 85
58 22 25 88 50 59 23 63
19 61 90 49 94 56 52 62
46 14 87 34 81 11 1 91
18 93 17 29 37 95 71 55
7 52 83 37 64 59 20 46
21 65 94 90 66 98 85 38
23 74 97 76 61 88 69 54
14 15 32 84 80 39 33 5
30 15 19 69 51 42 14 1
99 49 45 41 2 95 5 65
12 23 89 26 70 38 68 85
80 17 67 73 25 61 8 18
79 26 31 86 8 82 5 12
85 3 6 42 56 59 10 23
72 68 55 92 18 71 17 2
96 76 99 73 77 15 70 63
64 43 83 60 65 40 36 19
76 18 77 93 9 66 50 42
10 13 49 12 28 39 3 27
1 91 35 41 84 45 23 53
98 76 9 30 77 94 2 34
80 20 44 86 6 14 26 75
73 36 24 67 55 54 48 42
13 99 33 43 62 23 22 45
58 39 98 65 30 78 59 11
52 16 24 91 17 1 86 74
8 44 51 29 4 27 35 71
23 10 93 92 68 99 36 60
49 50 41 71 66 97 59 88
63 78 87 24 27 21 83 28
22 25 94 92 40 5 70 65
48 86 75 82 31 57 16 38
49 45 5 83 12 75 84 92
20 68 37 62 14 85 10 90
55 43 46 50 67 99 57 51
60 78 95 54 23 27 96 28
85 1 4 74 43 55 56 82
87 59 86 21 42 25 40 94
13 9 68 41 75 32 72 7
71 35 84 96 28 53 66 50
79 27 37 14 46 55 12 51
39 45 22 81 52 62 24 31
13 10 64 80 33 72 59 63
76 56 23 11 84 54 17 9
21 46 92 73 6 14 23 17
97 41 50 96 85 53 86 95
35 43 99 16 52 7 76 78
49 26 69 18 89 36 10 48
21
34
89
78
53
91
92
26
30
65
42
83
69
18
12
66
82
50
93
75
8
48
