5 6
19
63 14 82 93 41 57
28 31 78 35 62 89
69 23 71 91 2 34
39 29 84 70 33 20
54 73 22 17 85 48
9 33 66 80 14 65
48 62 57 71 90 67
27 94 38 81 96 29
58 82 72 18 26 3
55 95 47 15 68 59
86 77 37 2 76 59
53 60 12 84 18 97
61 87 56 4 67 70
39 25 65 62 50 72
20 1 6 73 19 10
3 32 89 16 14 76
20 90 39 28 72 75
5 91 70 93 37 50
79 19 11 33 52 22
17 12 24 92 99 25
61 72 44 41 5 39
99 53 59 82 86 18
97 33 24 11 45 73
31 84 71 66 56 40
7 70 32 42 3 94
73 33 4 52 80 44
10 18 50 96 86 65
36 89 75 55 58 57
41 16 90 1 94 67
70 8 22 49 19 93
92 59 26 14 30 15
94 78 71 36 96 37
84 51 90 41 61 16
87 50 39 72 42 25
54 63 64 13 98 70
93 13 55 84 39 22
19 52 91 21 97 87
44 76 61 30 38 85
65 82 36 59 54 96
68 71 6 99 31 9
28 21 12 45 5 48
96 64 99 82 84 88
30 83 1 59 23 87
18 57 71 16 37 69
7 62 78 86 43 39
37 56 52 70 17 55
82 73 12 68 72 38
19 91 49 74 25 15
33 53 4 43 51 88
44 6 77 71 3 83
78 14 59 86 8 28
9 54 33 36 95 47
96 75 12 26 87 98
94 72 11 34 91 99
37 82 77 67 76 4
88 68 43 38 11 55
27 7 80 96 20 89
93 51 74 16 50 17
33 31 75 46 10 72
14 24 12 13 18 4
73 52 71 67 19 1
31 15 43 28 93 5
41 6 81 66 11 68
95 54 69 98 62 10
63 82 91 46 14 85
71 62 46 99 76 80
49 65 72 42 90 84
81 5 87 91 68 4
56 40 95 57 61 26
24 1 77 83 29 30
63 53 82 60 95 46
20 74 98 90 96 42
78 87 85 65 77 33
13 79 50 44 67 6
81 1 3 38 92 54
18 67 63 12 92 31
62 74 49 25 99 14
93 32 80 8 77 59
70 65 16 39 21 90
66 37 86 96 26 87
42 20 84 16 29 95
32 35 4 74 63 78
79 26 39 80 21 77
37 47 10 33 81 59
45 88 23 98 31 17
18 42 82 21 20 62
85 54 63 53 56 96
33 10 97 40 72 65
47 68 31 14 29 6
34 83 39 84 13 11
25 8 41 10 30 17
92 27 4 18 76 48
34 53 84 62 70 51
79 15 42 72 3 80
89 23 85 5 22 99
5
90
11
62
29
42
