5 9
74
38 94 57 5 60 75 87 53 92
82 27 45 68 85 35 73 58 29
40 46 8 48 31 66 11 23 30
32 1 99 9 72 25 17 80 2
22 98 90 91 3 16 83 96 39
85 18 84 75 80 72 33 29 19
47 58 46 61 92 56 99 55 8
91 23 82 44 15 62 3 31 68
4 24 66 22 40 38 86 96 32
13 83 59 89 39 88 63 65 30
85 17 60 19 88 90 12 53 89
23 16 4 47 86 80 99 45 73
52 62 51 1 55 94 29 74 8
15 20 61 56 40 46 64 84 91
18 44 35 37 13 24 34 21 54
6 15 76 29 57 46 88 58 51
83 86 22 13 4 34 70 71 7
84 41 87 67 63 74 98 59 99
5 44 82 95 68 96 85 91 80
8 89 16 73 3 20 47 60 52
9 5 81 30 53 45 58 23 93
32 33 36 4 49 43 2 98 88
41 40 28 63 89 77 69 83 15
91 85 18 65 25 46 24 76 13
60 90 10 59 66 34 94 38 29
90 71 99 18 12 35 9 31 19
69 80 87 51 70 46 47 97 44
45 30 25 95 55 66 22 53 67
81 8 56 54 77 61 98 57 76
92 59 40 29 6 94 15 50 39
98 60 71 49 30 50 69 54 75
99 26 42 89 27 59 93 77 34
28 88 82 46 24 39 95 47 43
36 78 90 7 18 55 79 68 29
14 3 53 25 44 4 92 58 57
43 70 12 27 84 49 14 18 77
26 82 11 6 63 2 52 78 75
55 21 91 16 56 47 1 10 95
92 46 60 93 9 53 74 85 80
28 29 8 88 54 35 69 33 66
92 14 43 72 3 47 84 40 91
97 81 25 51 35 99 26 93 24
37 45 62 23 44 2 8 86 15
79 71 70 66 52 17 48 11 73
67 49 60 56 94 31 64 4 85
25 17 15 18 26 28 75 16 78
66 97 10 58 92 34 73 2 14
86 41 44 32 23 24 81 37 36
3 40 33 64 47 4 39 90 51
42 76 27 55 61 7 45 5 96
90 95 47 27 1 80 36 50 8
22 42 32 18 82 89 84 77 96
70 35 94 39 60 16 44 20 24
78 14 30 68 64 40 87 7 26
17 37 11 38 83 15 53 97 4
23 16 22 78 86 6 66 76 61
30 80 90 89 65 59 83 14 29
97 95 18 26 52 51 34 93 1
87 42 46 40 84 50 48 63 67
43 8 85 81 92 57 12 44 56
93 49 43 8 62 27 19 47 96
17 41 64 91 87 70 10 21 68
84 92 78 24 35 79 80 46 26
32 45 11 95 5 29 61 98 51
28 88 82 15 72 74 97 52 12
51 13 14 41 45 69 10 63 94
19 93 21 55 38 36 65 61 46
9 56 57 52 92 8 88 62 71
58 68 16 53 44 67 96 87 73
77 22 4 23 25 90 98 75 18
39 55 44 29 57 11 6 41 13
84 48 20 98 56 71 14 85 2
83 94 60 33 99 72 70 45 1
42 82 9 19 21 64 88 76 46
59 75 80 79 27 15 4 97 8
61 82 83 33 26 4 49 57 12
46 24 97 99 59 9 16 84 32
41 31 80 69 56 52 38 88 29
10 96 42 37 36 98 14 51 74
5 11 35 72 53 73 55 7 22
78 86 41 70 50 87 52 56 80
4 74 42 69 53 15 98 46 93
85 16 40 64 8 68 77 59 11
84 7 43 49 17 67 22 38 31
45 27 55 34 32 19 1 57 24
19 73 57 88 91 2 53 36 43
79 78 39 11 41 50 29 75 6
15 52 58 31 5 38 45 56 77
71 34 89 99 13 62 74 35 90
28 85 42 64 86 67 54 27 22
40 45 55 24 71 56 83 68 34
47 13 2 17 60 29 52 58 22
21 20 92 79 89 16 85 12 63
75 93 27 84 42 3 91 78 67
25 74 66 97 37 72 80 62 81
6 34 36 66 84 60 17 76 22
88 98 32 93 51 11 56 23 69
63 65 25 53 30 62 58 31 9
74 3 48 87 15 57 5 29 43
38 49 7 78 4 13 52 37 61
62 37 9 90 70 17 81 69 38
79 60 33 55 45 68 47 31 56
36 64 61 53 42 48 50 30 74
19 77 23 43 83 88 75 99 63
40 51 35 27 59 57 95 96 18
42 52 54 68 48 49 14 99 90
59 77 71 92 58 40 72 36 61
82 38 16 80 97 45 62 35 83
50 70 33 87 84 95 43 9 30
64 67 25 55 11 29 57 22 28
58 96 6 44 54 86 95 79 65
70 68 55 57 48 93 92 35 28
49 77 31 37 73 87 99 98 10
34 36 38 88 52 16 19 15 50
64 46 4 66 94 39 32 41 13
4 44 71 87 66 11 93 65 43
1 58 31 53 79 94 50 32 9
49 48 98 52 77 61 84 38 15
85 42 78 51 5 37 67 28 19
13 2 34 40 39 21 83 92 76
61 42 99 39 6 58 41 25 56
60 83 77 68 13 53 64 94 78
14 74 95 76 96 26 91 98 90
85 97 46 72 20 69 89 16 37
92 17 80 66 38 57 36 1 63
38 71 43 45 18 47 50 3 21
74 25 88 10 31 70 80 53 97
75 30 49 36 6 62 13 55 23
72 41 78 66 99 68 7 84 87
60 83 59 32 51 35 76 37 63
85 39 79 32 66 55 35 70 50
97 14 34 36 75 17 10 23 84
89 13 52 21 3 59 57 30 1
74 6 82 47 62 26 31 9 73
24 76 87 28 8 7 41 81 33
33 18 60 67 97 78 63 20 49
17 74 28 11 2 42 24 59 54
4 46 62 30 40 69 1 96 3
51 36 27 21 31 38 39 8 9
77 86 64 99 82 48 87 35 71
71 79 39 75 47 51 66 10 28
48 41 6 29 34 7 95 24 55
32 56 52 13 91 43 50 22 3
83 63 37 61 94 14 73 4 87
30 60 26 54 21 85 9 23 84
52 33 35 3 30 50 99 42 40
77 16 86 63 13 74 72 44 61
98 36 8 43 14 83 71 27 51
24 12 17 95 66 32 49 85 65
1 10 92 68 73 6 93 48 26
43 42 58 18 50 11 87 98 60
35 93 36 74 66 10 44 26 64
52 3 19 75 21 34 25 13 55
70 47 15 32 54 38 45 41 63
80 59 65 76 94 48 71 14 37
99 2 83 24 26 32 77 58 72
11 74 67 90 29 10 35 4 68
88 63 33 16 13 9 21 44 22
12 25 62 76 37 60 94 51 43
82 54 70 73 1 56 17 71 85
75 86 8 85 28 32 23 60 91
27 82 84 57 18 58 98 47 29
24 92 36 17 31 1 78 43 55
12 64 22 34 41 73 40 80 69
54 90 97 79 61 89 65 16 50
24 63 73 92 88 49 98 32 19
39 77 68 51 50 22 30 2 74
67 13 69 96 37 82 9 97 20
76 4 95 78 54 23 61 72 81
99 10 43 80 64 46 44 59 66
14 55 40 29 37 69 21 43 77
27 26 17 10 54 51 7 50 70
6 76 1 65 30 16 83 61 47
41 3 31 44 28 23 86 92 5
32 58 97 53 66 57 63 72 71
74 12 18 66 59 64 42 35 89
77 55 23 1 32 30 17 43 10
27 45 44 39 84 71 88 68 29
46 26 99 3 86 72 48 94 79
58 28 73 62 50 34 8 90 56
96 98 13 29 80 91 6 16 59
12 82 27 30 68 21 92 85 63
67 78 49 88 62 34 14 66 87
73 22 28 33 9 53 2 72 57
43 50 64 40 45 54 26 23 31
66 62 81 13 71 69 30 16 73
59 37 63 18 57 52 75 39 67
54 31 64 49 46 43 61 86 48
35 70 12 89 95 6 28 1 82
84 74 10 55 56 94 9 41 90
47 71 10 30 89 20 62 36 11
21 95 43 34 78 94 38 97 8
77 45 35 98 64 88 70 61 2
96 44 33 69 82 58 51 72 26
31 92 93 83 29 48 40 4 24
55 67 85 93 37 51 92 84 48
22 76 33 81 96 15 28 42 8
66 19 59 94 2 39 99 31 9
20 40 58 87 75 64 24 12 46
65 89 71 13 74 61 27 10 68
32 47 15 53 3 59 94 50 13
96 49 48 87 51 14 89 10 39
64 26 80 16 6 25 4 78 92
58 81 77 38 40 56 46 86 75
99 30 23 12 27 34 42 90 73
99 3 18 5 85 35 54 27 4
97 94 93 23 88 8 60 56 90
82 87 31 71 6 68 59 75 48
20 65 42 30 1 81 69 52 16
22 15 7 63 78 39 72 66 17
62 53 51 39 96 58 21 15 2
30 46 75 73 63 90 64 66 16
59 11 93 8 56 82 74 40 47
54 91 60 77 86 13 34 85 31
88 36 10 24 92 17 42 71 87
62 49 74 60 64 4 32 95 96
18 59 2 41 42 39 3 51 67
71 77 61 82 31 94 40 99 8
37 14 92 76 56 25 15 45 21
24 36 97 70 7 57 89 48 13
96 92 75 85 54 93 69 27 47
39 58 46 7 32 97 89 37 56
64 2 31 98 77 53 35 12 9
4 29 61 8 38 65 44 40 50
3 49 82 70 72 21 33 28 23
44 81 25 57 43 9 75 8 98
92 15 83 26 40 1 41 36 82
3 69 13 11 78 61 17 60 73
88 94 48 80 31 20 32 74 91
5 6 4 77 10 47 50 79 65
94 66 93 72 40 34 47 46 67
43 73 80 12 61 48 63 55 25
30 35 10 71 91 58 90 96 74
5 32 2 95 45 57 8 39 89
9 68 56 19 78 87 38 27 65
6 25 19 89 28 84 77 93 23
73 35 2 27 64 97 82 4 18
38 54 56 37 50 14 3 52 34
86 71 41 40 74 79 36 9 10
61 21 70 30 83 47 1 44 12
21 19 78 14 73 60 91 22 42
44 97 13 23 55 74 72 46 15
54 76 35 37 16 40 41 62 77
70 38 18 63 6 57 49 43 67
66 92 88 4 50 33 59 27 5
42 58 9 43 20 78 53 74 16
73 97 12 98 37 71 17 18 33
2 64 57 1 90 22 3 48 86
46 75 63 8 5 13 31 11 47
14 88 82 79 38 80 72 60 94
22 60 51 48 35 89 39 31 4
87 68 92 83 30 97 88 44 24
99 37 93 41 13 10 69 17 38
66 36 56 14 75 62 28 54 43
63 50 49 71 9 96 55 29 8
92 12 36 58 93 10 11 32 83
13 49 34 94 44 40 61 41 17
50 77 43 86 82 21 68 87 19
1 79 27 15 23 30 42 53 20
38 59 2 76 4 84 89 8 66
14 55 86 51 82 5 41 85 89
38 30 39 74 76 62 98 33 94
88 20 90 11 9 4 79 96 69
17 36 81 73 15 35 47 48 97
6 65 32 58 12 53 95 31 21
90 70 95 52 41 82 79 5 75
50 29 92 37 60 40 93 8 99
18 89 88 63 2 46 85 15 43
28 30 44 76 39 14 74 34 16
13 62 98 10 66 1 32 24 83
71 82 83 32 28 38 17 46 25
35 15 97 21 76 57 5 41 52
70 36 79 44 94 18 92 7 1
8 86 33 4 6 48 30 42 31
14 67 22 61 73 12 74 45 59
93 84 76 14 77 97 25 39 22
98 16 35 58 65 62 66 21 63
30 10 28 45 11 53 2 79 57
85 33 91 52 87 46 56 42 37
41 12 64 88 29 3 20 86 68
28 69 49 20 73 78 64 90 99
56 53 1 10 43 5 12 81 68
96 18 27 94 36 62 15 55 75
40 17 79 54 51 93 41 88 84
58 52 46 48 61 72 57 19 31
38 53 19 99 87 93 15 46 49
79 44 55 29 76 41 3 14 83
82 81 25 98 54 10 21 73 18
68 63 8 39 1 50 60 91 69
75 56 80 58 97 72 92 45 31
61 88 36 53 20 3 57 94 13
46 92 74 15 21 43 89 9 17
8 35 18 85 62 2 47 98 68
56 10 32 41 16 55 44 34 95
12 78 69 63 49 23 96 81 14
54 31 58 38 35 72 19 12 83
80 10 57 63 7 81 77 9 13
20 96 97 48 98 68 44 89 86
27 61 64 75 52 65 62 23 43
56 14 93 85 17 1 26 76 79
9 37 67 97 30 13 56 10 45
92 49 5 7 57 94 1 27 79
47 91 69 64 41 58 31 60 99
98 29 17 76 63 35 61 2 11
74 48 32 14 40 75 46 42 22
7 85 23 50 82 53 32 76 54
33 75 63 59 61 62 74 46 93
87 22 55 47 90 96 80 17 67
2 1 68 25 29 12 14 18 78
73 49 28 92 39 84 19 95 26
98 85 17 7 64 4 59 84 87
56 46 60 15 23 28 30 29 48
52 93 57 50 82 72 34 19 13
9 77 41 12 83 45 78 95 73
89 55 10 96 18 91 76 66 11
18 93 78 14 60 9 4 91 13
86 74 69 10 31 41 73 63 82
20 76 97 49 88 68 75 28 66
32 22 25 72 2 95 45 43 87
90 37 11 7 26 44 16 81 35
45 43 52 54 34 59 46 3 94
27 64 74 30 24 97 81 12 69
98 18 92 58 66 36 2 14 33
96 80 77 6 68 56 25 82 87
89 67 26 85 5 11 8 16 40
4 3 69 60 23 73 10 70 56
42 71 11 27 74 84 20 36 95
48 61 15 21 96 57 5 76 41
33 25 59 43 55 97 13 9 68
1 19 46 62 12 87 49 6 24
43 59 85 38 11 63 64 55 71
39 76 89 27 20 24 94 73 47
26 21 96 10 4 58 23 34 57
44 30 67 46 53 1 14 84 7
88 83 45 5 15 17 32 36 80
64 46 74 63 60 17 56 16 49
38 1 96 29 35 82 57 78 91
97 6 72 81 40 62 3 26 25
66 27 84 73 94 88 83 14 31
52 34 15 12 45 90 18 51 32
25 45 80 65 38 60 1 85 51
23 2 76 67 26 22 30 64 95
46 92 48 69 9 87 39 91 21
6 72 50 29 88 31 70 44 43
52 61 8 41 12 75 5 37 96
43 73 22 85 56 89 63 94 92
66 28 21 71 60 35 90 15 61
34 1 29 25 68 4 70 96 9
46 80 3 8 78 87 23 30 39
6 27 91 18 95 5 99 36 69
82 62 57 16 71 39 17 63 12
97 76 65 73 25 7 58 56 54
11 44 49 14 2 59 40 79 6
27 94 31 74 81 13 3 93 84
60 50 15 34 51 72 29 20 22
91 90 67 15 5 84 39 27 28
20 6 1 46 87 72 2 73 53
64 25 81 11 13 63 88 37 56
16 77 14 55 79 32 21 35 57
97 50 86 43 60 93 98 22 51
4 18 2 30 94 68 72 36 67
39 76 7 55 28 6 21 24 88
17 87 47 56 29 33 86 38 41
31 78 75 65 64 70 1 90 13
10 80 26 32 15 81 69 11 23
17 78 19 3 7 31 52 73 12
36 45 30 76 22 70 42 88 24
13 94 4 32 28 79 5 50 91
35 47 2 29 63 38 69 57 21
27 85 92 58 11 59 23 1 9
80
97
15
30
74
22
82
67
31
9
23
3
71
35
41
79
81
6
42
90
88
49
4
64
86
25
61
89
48
84
63
70
92
98
95
27
43
26
32
85
47
45
62
65
80
56
11
93
20
54
18
10
94
28
37
72
73
40
24
91
52
39
99
19
5
96
83
59
50
14
29
12
1
66
7
2
69
58
16
78
51
