9 5
81
60 86 31 5 62
34 24 54 2 20
29 11 78 27 84
83 69 32 23 65
53 15 39 48 99
49 73 96 88 52
81 91 43 50 94
70 37 63 57 56
85 82 75 59 9
51 22 90 20 66
93 98 47 99 12
77 6 70 1 82
74 16 85 64 48
44 8 30 73 27
84 35 87 61 37
53 31 72 42 23
46 2 94 92 58
15 96 89 67 3
83 51 99 62 26
18 94 13 5 67
50 40 65 95 91
12 37 15 24 72
77 92 46 44 63
81 59 6 42 39
22 41 61 79 85
25 90 1 87 84
86 49 71 21 74
16 86 54 43 46
61 7 81 66 58
71 72 56 5 65
89 35 96 1 10
93 6 42 30 95
11 74 53 99 45
85 12 3 41 17
19 73 64 68 25
28 75 18 37 26
88 9 20 13 82
18 49 91 90 23
64 76 56 83 19
2 33 96 37 34
99 60 54 63 80
59 35 40 62 61
52 53 85 41 10
30 66 75 93 43
74 55 28 24 26
84 32 36 43 52
54 74 79 2 21
61 83 8 48 71
26 49 10 7 15
87 80 29 75 31
12 98 56 95 17
78 62 59 25 68
44 81 92 65 50
73 82 85 89 40
14 74 93 44 91
3 60 99 63 9
98 48 19 61 13
25 27 51 32 56
69 6 92 39 11
10 55 72 26 86
45 28 37 83 42
66 70 46 2 31
20 57 73 17 15
17 24 41 83 51
65 57 96 31 98
63 70 80 18 52
69 20 67 43 89
47 30 19 3 38
34 77 87 25 12
5 32 99 22 78
16 94 15 85 29
64 81 61 53 48
80 83 88 60 41
86 91 57 62 55
63 30 28 51 48
53 67 3 61 84
40 98 1 10 26
4 25 78 72 73
7 77 27 85 94
46 29 5 81 56
76 37 54 82 49
57 20 13 90 10
19 64 39 48 74
73 21 76 99 82
34 45 17 69 58
52 68 36 77 65
16 25 24 44 56
92 50 83 6 72
37 87 98 49 89
79 40 93 43 26
25 49 10 90 45
7 47 43 59 61
73 52 46 15 8
23 51 53 91 14
30 57 26 95 62
99 28 60 96 32
19 36 58 37 42
77 34 44 79 41
48 85 66 5 24
57 77 74 9 34
20 60 46 32 72
84 91 11 14 96
90 29 38 35 41
17 78 81 94 88
7 97 33 50 5
52 31 12 44 58
1 28 86 71 3
36 43 47 15 59
16 4 27 22 33
20 1 61 95 13
43 96 72 81 62
58 41 26 51 73
3 21 54 19 12
38 86 15 75 18
91 92 10 90 40
88 76 45 24 11
60 55 71 32 69
73 20 11 95 51
62 97 63 74 55
71 64 39 61 38
65 32 3 15 42
29 31 70 17 5
10 7 91 23 44
75 59 14 60 22
76 12 49 1 92
53 81 13 52 93
96 57 19 60 18
13 2 55 23 50
61 7 72 24 97
46 80 37 62 92
53 17 73 45 68
4 99 56 77 94
91 51 87 59 79
75 76 70 14 85
39 15 6 40 83
84 47 11 86 54
37 76 2 90 40
10 39 50 71 80
12 51 77 99 1
48 81 89 61 78
97 13 14 42 15
83 92 95 29 31
27 66 20 46 9
25 62 24 36 49
83 23 80 72 11
41 16 76 59 92
88 45 38 9 14
12 90 19 95 97
1 53 44 33 79
21 35 84 43 10
56 64 26 81 8
31 61 70 68 39
47 5 89 50 36
42 26 19 9 7
31 57 84 62 65
3 95 46 10 32
97 23 55 85 22
43 18 20 64 96
41 92 29 75 90
89 17 33 63 83
87 44 78 35 36
66 88 27 45 37
18 21 34 53 26
71 77 74 14 82
67 10 84 39 22
32 57 68 93 3
89 33 85 36 54
59 79 78 16 50
56 37 81 60 41
61 73 2 1 38
48 19 62 63 52
9 48 25 45 99
82 5 74 97 29
54 93 23 90 39
71 3 89 10 27
7 81 61 1 16
31 96 57 87 50
84 60 47 63 12
38 43 42 18 37
85 78 40 41 46
72 49 42 37 5
16 85 8 27 38
47 60 10 32 39
94 52 70 62 97
63 80 50 77 31
84 99 56 44 59
48 75 4 25 34
43 46 41 21 12
3 36 78 53 40
67 60 34 37 41
47 99 98 49 2
15 27 72 78 66
32 42 35 85 96
83 36 52 81 19
17 65 94 80 21
77 89 97 54 91
82 90 29 11 92
18 30 51 86 48
30 54 98 26 29
63 28 70 7 33
72 99 39 16 93
45 55 10 96 14
90 11 59 62 88
76 2 91 87 75
49 27 44 5 3
69 82 37 81 38
67 15 34 48 56
92 66 4 64 77
59 23 80 8 48
41 93 76 99 49
94 61 15 79 35
33 12 87 38 82
75 96 78 58 97
43 2 27 17 68
19 73 7 10 56
6 28 51 11 5
26 3 11 2 14
76 38 70 19 78
9 30 97 22 48
87 79 7 58 25
82 95 44 68 10
55 37 4 72 88
31 86 28 93 62
16 59 23 36 77
69 45 32 41 57
73 7 88 41 14
23 42 56 48 20
86 35 49 90 82
13 58 52 10 1
39 22 32 53 80
68 93 46 44 45
47 97 83 54 25
84 37 28 4 94
77 50 74 5 85
43 92 98 72 56
28 68 9 37 38
95 67 22 69 87
8 70 15 75 97
40 59 54 47 94
81 48 82 79 78
64 65 36 83 35
50 46 77 63 45
60 31 3 34 49
39 86 43 34 94
40 46 95 12 18
75 35 87 11 50
99 14 60 33 76
2 82 51 20 9
80 3 68 97 19
26 98 4 67 59
78 89 64 45 7
30 71 1 85 81
96 94 23 73 61
57 35 66 24 70
16 95 3 40 39
29 10 12 72 13
98 47 21 62 63
22 82 81 45 11
54 65 7 6 86
52 33 60 51 48
67 85 88 50 80
23 18 87 12 19
93 22 57 89 49
9 15 94 27 80
37 70 68 75 38
60 11 36 77 66
97 82 42 43 47
71 17 45 90 41
26 4 29 1 81
7 30 67 28 48
39 54 12 31 45
76 71 16 59 34
97 81 58 84 3
18 33 47 22 24
69 65 46 56 5
50 4 40 36 95
96 92 37 99 29
98 9 90 17 41
55 77 25 94 6
47 76 69 62 89
14 55 26 37 51
81 22 12 3 49
10 74 46 13 60
85 82 95 87 16
5 23 24 97 4
88 19 54 80 45
9 93 83 29 71
67 65 28 84 64
87 57 90 91 19
88 27 44 39 56
51 41 76 2 42
66 13 53 86 74
46 99 15 80 10
72 34 98 61 64
3 65 82 81 45
75 71 92 89 5
33 62 68 22 17
55 50 5 64 22
29 94 54 35 89
4 51 10 23 69
79 17 82 74 93
27 48 95 38 96
18 70 30 76 31
39 60 2 24 99
83 1 84 58 43
71 6 26 40 42
21 94 58 17 41
47 98 52 35 73
61 2 62 1 36
87 93 7 74 57
34 50 99 5 25
49 56 54 59 28
46 86 97 95 68
31 27 45 51 6
43 22 88 15 11
92 14 70 63 94
91 83 21 89 32
15 31 60 85 45
26 40 64 19 36
33 47 4 39 24
49 48 22 77 68
90 42 37 69 27
50 29 43 97 86
12 66 11 46 71
93 92 21 29 61
54 42 33 14 12
86 57 25 32 4
72 44 68 75 37
80 40 10 8 88
82 63 3 11 39
67 6 70 53 19
23 91 16 20 35
90 97 18 27 36
8 38 25 45 28
3 43 21 7 46
33 66 98 48 18
75 92 60 63 54
51 64 10 31 82
49 2 11 97 19
40 35 70 9 62
14 56 94 79 42
88 50 87 52 20
49 33 82 24 98
79 17 26 27 61
15 38 99 57 87
72 19 66 12 10
22 37 1 90 25
36 80 40 11 71
81 28 85 63 8
5 13 91 16 30
92 56 75 84 6
94 90 42 15 16
5 35 91 50 78
43 82 51 99 14
63 76 10 75 85
31 52 58 34 27
46 45 92 59 74
86 72 77 13 26
6 37 87 38 47
56 1 19 64 18
66 33 49 75 20
87 6 74 17 7
14 36 39 51 25
65 59 63 2 26
8 72 88 92 11
16 99 94 10 28
37 90 4 85 70
13 93 84 41 31
48 98 60 30 91
71 53 72 28 60
75 89 4 82 3
97 15 79 50 29
96 58 14 11 31
80 37 92 94 93
18 19 91 54 41
69 12 13 62 76
99 36 77 59 70
84 52 25 83 44
39 23 9 47 77
10 55 34 93 69
86 28 16 25 75
59 82 90 46 2
80 65 43 41 97
81 68 76 32 61
1 64 44 66 29
20 58 95 73 36
56 54 53 98 24
27 30 90 70 93
98 21 9 91 67
34 87 38 59 50
28 62 79 11 14
89 78 35 71 51
68 53 55 29 75
88 46 13 56 18
65 2 49 77 69
1 8 58 5 61
30 84 64 81 17
25 39 66 40 36
80 3 68 11 92
46 19 15 1 34
82 29 56 23 75
37 45 55 27 62
13 47 22 91 49
32 58 79 7 38
93 8 52 96 35
72 81 23 32 86
64 83 55 45 40
26 61 9 79 82
44 37 46 2 25
94 62 27 34 13
21 11 39 74 63
80 1 58 85 6
96 15 20 92 29
73 56 53 48 65
21 29 90 99 28
68 91 9 92 39
20 32 36 4 23
80 84 3 16 70
93 59 17 27 40
50 98 1 75 61
86 55 78 11 45
14 47 30 24 97
44 34 65 73 46
34 28 48 84 68
94 45 8 3 57
83 70 19 29 77
91 13 97 9 7
78 35 54 81 72
5 79 38 42 10
63 47 23 88 99
26 49 30 46 18
15 67 37 14 75
15 94 67 2 20
54 10 56 92 55
39 30 90 60 22
68 1 4 44 73
28 7 25 81 45
33 89 9 11 62
48 13 79 70 64
85 8 72 61 18
75 57 96 65 99
97 1 39 35 79
77 59 10 12 17
54 94 84 55 92
65 69 50 70 28
63 81 52 4 23
31 80 40 47 83
30 46 86 93 74
26 34 90 82 14
58 51 3 96 98
92 25 33 90 65
9 75 35 48 6
38 50 16 87 5
78 61 64 52 34
95 20 96 15 91
8 81 63 31 14
74 41 77 46 80
24 44 82 45 76
12 19 26 21 72
88 92 7 25 94
90 82 71 55 49
72 18 66 64 59
68 19 99 61 79
85 73 40 30 9
95 57 36 33 89
76 52 12 14 6
42 38 16 86 41
44 62 80 58 31
43 99 4 3 74
71 18 23 81 72
33 6 97 69 11
70 68 36 22 12
58 13 84 14 26
61 32 42 1 29
53 89 9 8 80
94 25 15 86 96
50 79 60 76 44
90 6 40 23 97
93 61 86 95 59
38 20 44 70 68
57 32 77 66 2
73 43 71 3 74
72 65 84 10 94
83 53 80 36 82
12 8 9 21 91
7 25 33 88 45
16 7 9 13 35
39 44 68 93 76
94 11 25 73 23
83 2 63 74 57
51 12 40 41 55
50 92 59 26 27
71 95 45 14 56
99 70 53 86 30
80 89 1 15 90
41 95 84 61 99
54 8 38 12 10
90 48 58 83 37
56 15 78 97 11
7 82 27 72 71
59 2 34 42 75
33 6 18 63 19
76 85 94 22 68
4 60 74 30 67
38 33 57 76 30
84 47 16 59 79
54 62 50 92 96
31 9 51 86 83
99 43 8 60 49
13 39 70 3 58
24 56 82 63 93
87 75 21 36 61
95 77 15 64 91
43 42 74 55 85
44 30 10 19 86
2 23 8 40 58
17 59 90 99 28
62 95 79 22 92
82 84 69 18 65
53 39 35 81 6
16 32 67 93 34
49 4 24 77 25
75 36 90 22 64
13 89 42 45 27
25 83 12 10 59
60 77 50 80 20
28 3 8 62 49
40 86 79 18 6
29 41 57 87 11
33 34 95 76 92
30 37 67 15 65
90 89 32 53 22
36 48 30 61 74
52 78 84 65 58
18 1 28 99 15
55 7 16 33 91
25 49 95 39 70
34 41 92 80 57
72 6 86 8 81
26 21 82 38 56
45 69 51 44 97
56 41 15 86 10
43 28 75 11 82
90 29 8 42 59
7 78 73 64 3
24 32 40 83 60
62 71 72 96 93
38 46 77 47 48
94 21 68 30 13
7 59 56 99 43
52 83 54 82 92
62 24 6 53 16
63 89 30 96 67
1 76 11 37 85
65 90 31 74 91
50 28 27 80 14
81 10 97 46 20
70 22 72 32 88
12 18 95 24 97
91 90 89 74 83
57 50 64 29 13
94 23 80 52 79
51 27 69 87 11
78 5 41 42 59
76 35 15 4 37
82 10 47 85 6
20 56 71 93 98
18 17 70 32 52
50 31 47 74 35
71 66 16 72 4
27 93 69 20 85
7 63 42 59 26
14 33 45 15 51
97 88 29 64 65
13 57 61 37 73
3 53 87 83 19
35 25 52 50 26
87 66 33 31 29
34 39 78 43 69
4 85 6 18 38
14 94 27 67 51
57 3 90 48 2
41 49 89 10 19
71 93 37 61 45
70 40 65 20 98
49 94 30 72 52
10 96 35 74 8
1 19 48 36 92
77 95 58 41 9
76 16 29 11 17
5 89 98 64 2
59 65 78 57 39
46 4 86 88 33
34 53 93 20 80
19 6 15 74 70
32 77 67 31 48
78 30 59 18 21
45 20 57 93 72
5 2 46 76 34
3 61 80 44 37
89 43 8 60 98
95 94 81 68 9
71 52 36 63 10
63 30 41 14 13
80 20 7 27 50
68 67 16 79 40
48 81 61 3 11
42 85 51 74 75
59 99 72 31 35
23 43 78 58 32
87 25 17 45 93
10 54 56 62 5
82 42 17 48 54
26 61 66 77 24
56 76 29 58 51
7 94 16 97 4
46 60 98 18 92
83 37 20 87 89
39 2 95 86 27
63 81 67 21 74
44 3 34 28 91
72 42 37 97 68
15 88 53 21 28
16 33 34 6 61
98 19 65 87 24
51 32 43 84 83
54 66 30 52 18
81 46 47 59 74
13 31 2 35 67
9 55 12 26 50
24 33 62 93 3
31 49 26 89 81
17 74 28 53 91
27 79 5 34 97
56 47 80 90 98
21 7 85 1 83
40 12 43 50 68
42 94 77 37 14
95 51 4 29 22
34 76 16 68 51
66 21 60 99 88
12 62 73 28 89
18 63 86 27 59
80 2 43 57 56
33 64 55 41 79
48 71 13 35 11
14 26 44 49 20
9 30 90 74 83
91 69 31 30 9
28 6 42 25 20
86 19 82 18 47
83 38 63 59 15
67 48 99 2 35
4 58 26 61 54
55 80 87 73 64
33 46 78 41 39
36 49 76 94 27
90 42 41 51 77
6 4 71 52 28
98 50 79 16 75
55 15 20 68 13
60 18 91 54 73
81 35 65 14 21
74 30 2 19 24
49 23 67 11 76
26 99 58 10 64
61 7 17 19 44
45 23 33 10 13
18 37 86 57 99
47 72 70 35 76
3 27 51 79 59
38 12 30 56 94
4 25 15 68 93
90 49 9 50 80
63 36 69 55 14
77 61 55 88 74
22 63 73 54 27
13 2 12 7 1
85 21 44 11 14
39 29 89 9 99
62 40 56 51 96
8 25 80 26 60
32 93 24 15 33
52 36 57 42 67
65 68 10 67 36
92 44 56 33 28
34 49 61 51 40
59 2 37 3 8
25 97 15 47 72
19 63 27 20 66
78 29 69 80 90
58 42 14 7 26
18 5 84 77 54
84 17 14 57 36
35 95 79 50 2
37 70 98 54 77
92 87 73 74 7
93 90 65 21 22
91 26 82 78 60
72 41 86 69 24
23 76 19 81 46
55 27 67 94 75
36 91 28 89 72
11 39 10 86 93
8 14 22 63 41
59 78 75 55 94
42 90 6 71 62
99 48 82 65 27
88 3 16 35 26
49 76 18 51 80
13 96 34 43 38
59 78 47 46 64
4 21 72 74 38
65 88 6 69 57
20 15 1 68 3
93 83 94 77 96
14 50 33 22 26
53 82 23 95 49
54 70 11 39 62
45 89 71 66 18
31 50 38 79 40
41 36 18 45 39
46 2 13 26 21
93 54 80 16 49
52 59 12 62 71
98 44 85 33 34
7 37 29 43 3
6 64 11 48 81
73 19 58 99 78
15
96
40
24
41
5
65
37
95
75
50
61
16
21
57
46
