7 7
76
36 79 23 73 45 67 84
29 33 4 37 19 85 55
24 63 93 78 81 54 86
42 34 82 43 18 11 88
99 72 5 40 32 89 13
46 7 83 94 44 60 6
96 49 12 48 16 35 21
59 90 68 89 93 42 40
24 54 2 49 17 72 43
75 34 83 94 92 44 15
6 70 46 62 11 31 18
25 66 33 61 60 14 51
76 20 35 85 53 38 63
8 28 91 3 81 13 9
54 65 93 76 78 17 46
97 51 13 39 25 55 23
36 26 99 60 96 88 53
83 77 16 29 95 37 15
45 28 5 66 71 92 64
30 27 49 94 82 18 85
38 61 86 59 10 44 12
11 65 33 32 96 27 49
26 53 40 54 12 72 9
56 98 91 19 79 15 80
82 66 38 52 16 45 44
7 51 92 63 55 22 34
13 99 57 86 36 4 95
84 67 48 97 10 78 60
34 50 71 91 42 95 18
38 37 82 7 73 62 43
52 59 90 93 33 4 10
92 54 66 46 57 96 28
22 81 6 84 63 79 26
70 75 98 78 61 68 36
20 40 1 15 85 27 39
22 38 91 34 32 74 83
70 52 50 62 8 73 84
86 67 71 85 6 68 87
54 14 31 44 42 9 24
47 11 90 78 25 29 26
64 60 57 2 7 95 19
5 27 28 36 12 58 17
72 14 19 5 11 61 68
67 75 33 48 20 13 76
64 42 40 12 25 46 49
89 53 91 63 94 56 65
2 92 50 83 4 44 47
82 59 62 31 39 29 57
37 78 6 15 38 22 88
63 85 82 50 86 5 26
66 29 24 95 33 22 44
3 11 91 10 19 15 58
4 90 48 97 32 53 46
87 37 40 80 78 88 92
68 67 89 7 2 81 35
83 64 45 36 98 38 14
13 19 27 72 47 52 21
36 24 74 83 48 41 2
9 32 50 37 61 7 55
34 20 42 22 53 69 95
54 14 57 23 84 62 17
15 10 99 77 89 81 93
78 28 88 12 87 86 82
52 48 98 39 72 77 68
23 12 74 38 99 88 9
70 5 80 96 94 71 73
41 3 60 31 50 14 51
17 97 81 92 33 22 10
30 43 67 49 86 1 55
64 6 87 66 21 95 89
48 99 65 9 37 61 42
63 24 81 35 87 54 31
80 27 45 75 38 88 68
3 89 84 98 12 18 69
72 29 17 10 62 56 70
41 23 15 93 26 1 91
90 77 25 97 57 36 34
45 47 13 64 8 90 71
15 19 27 50 89 18 28
52 85 87 74 36 3 39
32 51 61 53 93 86 20
6 84 60 79 91 57 46
24 40 33 4 23 21 35
67 29 2 80 68 88 65
53 17 62 49 59 41 21
89 23 1 92 47 7 42
54 58 35 10 90 88 9
79 4 5 83 28 50 64
56 87 45 18 22 8 55
96 77 78 95 99 2 94
36 57 16 15 81 80 43
27 93 74 61 82 54 57
51 96 48 1 55 71 92
21 33 4 17 25 86 42
2 5 36 39 11 97 78
56 7 83 23 16 98 22
47 72 28 15 49 58 94
81 9 34 24 70 63 19
25 8 55 76 56 60 90
10 36 31 42 37 22 16
7 84 65 27 48 11 21
41 95 91 47 94 23 39
64 4 44 83 67 32 46
51 78 72 88 3 80 14
19 66 86 70 2 87 6
25 38 21 39 2 37 65
47 98 6 73 18 27 53
31 85 44 54 15 81 42
32 96 84 12 75 93 79
5 16 45 35 71 26 28
23 43 9 50 91 92 11
30 24 48 83 74 14 67
94 18 53 47 97 74 95
98 99 5 36 25 67 24
90 77 84 28 81 4 96
61 52 63 83 27 46 82
16 45 72 55 41 50 56
30 26 7 59 12 11 76
75 87 32 42 43 33 78
44 23 37 61 99 29 88
16 82 12 83 65 30 51
4 85 35 11 14 97 69
91 9 15 96 67 58 6
28 1 84 52 53 36 20
40 24 22 42 71 26 7
68 45 34 95 33 18 63
61 77 15 30 29 5 69
31 6 37 88 66 45 74
64 7 35 8 36 58 51
86 13 96 93 78 46 57
55 16 63 62 4 27 11
67 20 12 48 98 9 3
23 53 68 90 82 24 22
24 21 77 4 50 59 80
81 31 34 73 99 36 48
70 72 61 35 79 20 64
57 83 97 78 25 76 40
16 6 2 22 66 17 13
10 82 60 8 41 52 11
45 44 92 56 30 1 87
78 87 50 83 28 79 65
68 95 98 26 77 47 43
5 99 59 55 44 75 76
21 30 2 88 10 96 6
52 16 31 86 61 18 70
38 49 85 71 91 64 27
1 15 39 66 29 74 57
21 84 46 16 93 14 80
74 99 65 72 78 30 13
26 70 68 86 81 12 4
57 11 45 82 61 63 33
32 36 2 7 1 43 48
17 97 40 5 64 47 52
35 59 79 90 96 39 42
64 41 27 99 57 48 30
4 36 28 94 79 77 18
83 35 29 23 32 71 93
44 14 69 90 3 82 22
8 33 46 74 7 59 70
1 17 6 96 68 31 51
65 25 86 39 19 37 98
98 17 88 47 74 68 78
56 57 54 71 52 75 80
31 10 2 9 65 89 26
39 5 87 20 72 38 55
50 30 97 37 79 83 62
18 99 69 1 33 8 53
15 27 35 45 63 59 64
27 94 86 34 54 93 52
43 33 88 69 84 48 1
12 42 77 80 92 51 9
22 89 97 13 62 56 96
67 91 45 11 55 70 36
37 15 47 60 72 7 4
39 31 32 40 28 5 25
82 52 15 6 44 65 26
99 9 74 45 7 40 88
36 49 72 95 33 8 17
38 27 21 80 67 79 5
75 77 89 68 29 22 34
46 94 73 39 97 18 11
47 14 10 69 12 58 25
8 38 25 61 29 99 74
18 1 7 31 95 45 53
78 42 77 92 26 14 67
37 54 79 66 50 71 96
63 64 46 3 34 48 56
80 33 75 76 16 19 17
89 86 85 36 43 58 65
47 71 41 66 57 10 61
19 58 79 21 37 16 90
46 97 77 67 50 32 70
94 60 8 9 63 76 43
49 56 42 15 17 31 36
12 51 26 85 59 48 62
27 73 38 24 3 1 84
44 59 93 41 17 15 36
50 3 86 47 54 33 77
45 88 82 28 91 20 80
9 27 65 85 43 5 75
53 52 21 25 16 87 70
94 40 63 18 64 48 7
61 68 98 35 83 66 46
87 58 61 81 16 19 77
95 12 18 4 27 32 42
93 78 6 76 55 63 21
66 49 7 5 56 67 82
30 14 39 25 98 47 84
17 51 24 8 23 90 89
64 46 35 96 99 79 75
21 11 61 59 81 87 85
50 77 94 67 30 66 55
57 1 3 7 10 14 54
34 27 58 17 46 24 38
25 91 83 31 12 63 43
47 89 22 53 56 13 44
93 48 5 52 73 90 32
40 98 83 97 9 64 39
50 1 73 85 78 30 81
75 52 10 16 15 84 66
92 7 35 20 36 60 31
74 56 51 3 28 63 44
82 37 14 19 21 22 32
25 49 57 72 93 99 88
91 41 21 15 79 59 31
60 86 71 8 26 90 64
35 55 47 85 28 57 67
84 9 6 39 32 46 83
56 13 29 72 23 37 36
53 78 75 97 16 61 74
43 98 18 10 44 17 42
21 92 12 77 19 38 78
49 59 52 51 60 69 68
16 37 64 31 97 24 81
55 95 15 83 73 74 57
76 8 54 50 45 72 23
71 33 14 90 17 4 3
67 26 41 36 22 65 93
28 25 38 60 21 95 39
16 48 43 8 75 31 67
12 41 34 58 63 54 55
50 93 22 92 76 26 30
36 3 69 51 94 84 79
59 45 80 24 49 44 99
81 64 35 91 65 98 14
4 12 22 87 34 98 13
71 64 29 9 94 51 84
66 7 35 73 54 30 23
55 65 99 67 68 15 79
90 56 88 45 20 1 74
47 58 75 18 10 19 57
89 76 48 42 59 11 96
95 39 50 29 86 74 42
58 89 71 1 90 34 79
9 49 69 59 84 19 75
96 8 67 52 12 4 41
30 15 20 17 6 11 83
97 54 40 35 44 18 47
26 55 10 66 32 22 38
28 74 27 56 33 10 3
76 15 90 65 95 6 14
93 20 70 31 34 17 23
96 49 54 26 60 41 61
13 62 30 4 84 19 21
63 58 80 37 8 88 5
64 45 2 42 25 47 1
90 64 34 4 20 44 31
23 35 79 30 52 66 94
97 82 54 74 98 92 58
56 41 77 32 46 26 55
27 22 45 13 63 61 83
68 96 50 86 1 67 18
8 42 95 2 60 78 73
45 46 67 1 48 60 49
98 13 42 34 99 54 9
25 30 76 53 19 84 64
73 35 40 4 66 26 87
51 31 88 94 55 8 74
29 65 15 91 69 62 18
12 95 79 5 86 41 6
62 77 69 94 13 48 92
11 84 60 33 63 29 16
5 66 34 32 86 27 91
31 35 59 70 49 73 98
80 9 85 20 41 93 37
88 72 71 61 79 18 28
83 36 43 24 26 39 7
83 89 81 49 55 95 74
29 32 56 41 36 69 1
92 98 35 37 47 88 40
87 11 30 73 93 18 85
34 3 15 17 5 57 76
65 43 44 39 48 79 72
7 26 84 6 46 24 67
63 72 56 20 92 57 33
58 88 34 64 1 99 68
76 21 93 27 66 7 32
87 98 22 73 44 97 85
71 36 79 96 67 40 47
50 51 37 42 16 52 49
55 30 82 12 94 35 26
97 28 71 64 75 29 9
46 31 69 82 68 12 2
80 25 98 58 78 24 27
93 15 50 43 55 77 42
84 85 5 4 20 11 37
26 51 89 45 7 21 73
91 87 41 14 38 61 65
80 14 43 31 62 39 32
21 24 88 13 50 75 68
83 63 53 46 98 7 15
60 12 44 49 72 87 18
82 17 22 73 37 56 20
30 74 16 47 38 40 1
42 36 48 33 85 59 28
75 22 31 12 53 88 80
72 83 70 79 55 90 43
65 40 2 84 51 19 15
67 47 74 37 82 3 68
78 29 35 61 41 17 34
13 99 73 27 98 97 85
44 94 10 11 76 50 18
63 4 41 54 97 81 77
68 90 14 49 92 43 75
35 12 7 2 5 70 79
10 8 85 30 17 60 44
46 67 39 94 62 64 78
23 21 19 76 59 45 40
56 91 27 29 69 52 13
94 71 49 55 23 83 29
37 35 9 52 28 27 77
40 1 82 46 22 76 18
60 90 65 54 45 47 24
61 3 42 10 78 7 85
8 17 88 92 86 51 58
73 43 50 2 44 91 13
89 46 11 61 79 87 67
55 57 86 16 73 60 30
50 78 53 43 52 75 69
41 26 77 91 58 95 59
84 74 81 38 85 63 92
19 98 62 23 4 31 2
36 18 22 7 48 71 66
39 72 92 80 28 59 22
14 62 82 34 76 52 30
25 18 17 48 21 11 75
49 50 70 89 46 98 64
9 2 51 85 68 40 57
38 19 20 78 81 71 96
8 3 37 41 94 44 42
29 37 4 6 73 11 53
94 47 34 54 21 23 40
97 57 91 14 67 43 27
75 35 79 89 48 42 80
30 61 78 33 38 74 85
52 62 12 69 28 82 50
39 3 59 71 65 18 20
44 53 29 92 4 5 18
76 81 52 16 75 77 26
79 9 39 25 2 3 40
65 85 14 49 72 89 23
41 42 70 66 78 43 22
55 19 82 24 46 59 73
88 7 60 47 62 83 91
94 20 87 54 72 4 33
77 24 45 48 62 50 31
36 26 56 8 37 97 22
9 68 86 58 34 83 40
76 5 89 60 49 21 35
18 19 82 80 95 30 55
44 23 14 63 74 69 88
9 15 14 36 3 35 69
45 52 22 90 27 82 64
39 72 98 31 67 88 83
57 70 56 37 4 59 89
54 19 38 80 79 2 26
60 46 42 48 66 61 85
74 95 76 33 94 10 43
2 55 62 65 73 28 21
44 27 66 9 7 37 32
47 49 82 17 91 31 58
25 51 20 45 93 10 36
13 43 90 57 87 26 60
61 54 34 52 53 72 29
64 94 92 67 46 69 99
38 78 7 95 4 41 60
31 25 69 81 17 29 67
28 53 47 15 77 85 23
21 10 22 93 88 48 65
97 79 26 39 66 9 98
87 44 54 2 42 90 89
14 49 91 8 19 51 84
27 36 88 86 9 55 1
72 10 93 14 4 39 79
60 2 29 82 26 94 19
42 21 71 45 69 91 65
8 25 96 48 95 35 12
52 78 59 83 49 76 74
77 11 80 90 32 24 89
59 26 55 65 32 76 2
6 89 56 54 58 14 74
41 49 70 13 46 16 83
37 23 71 51 72 25 68
3 42 99 73 17 4 22
82 36 69 84 62 9 34
11 87 15 10 38 93 20
67 43 49 44 79 99 6
37 23 8 50 95 98 60
28 52 68 96 89 90 97
30 25 71 35 47 19 18
31 51 27 82 61 21 55
5 24 76 81 33 57 54
34 80 70 16 73 84 77
45 90 4 86 57 37 98
91 68 17 35 51 59 42
31 93 64 69 72 83 6
73 43 99 3 60 27 48
79 85 80 24 44 33 28
92 12 19 50 26 63 13
70 8 62 66 11 53 94
10 80 75 90 95 82 56
91 22 97 30 25 47 26
16 40 38 99 64 42 92
41 62 94 49 28 32 3
27 2 52 24 13 29 60
85 4 57 81 36 11 58
48 67 76 31 23 44 7
8 87 42 52 32 35 98
24 16 21 77 82 1 79
28 71 93 68 65 38 91
5 67 44 64 76 43 27
55 46 30 94 73 62 95
60 23 72 84 81 97 17
53 50 54 41 88 49 45
62 43 91 89 27 16 53
92 42 20 52 61 22 45
69 12 71 57 64 5 98
17 21 95 75 8 3 33
48 99 25 14 94 79 28
10 11 18 36 74 19 23
49 39 73 77 50 60 81
84 15 79 75 94 23 87
43 17 90 70 85 11 29
66 49 41 83 76 73 91
12 39 82 52 51 32 71
47 46 89 42 80 6 64
30 97 54 38 5 20 63
34 59 62 18 48 45 10
23 35 94 68 79 95 58
56 11 62 31 52 55 98
81 84 75 33 64 36 78
60 86 92 59 61 21 3
72 73 82 22 5 71 6
65 89 96 16 83 25 47
80 28 90 66 27 34 39
2 40 61 77 6 15 12
10 84 22 69 31 52 59
85 28 45 95 20 34 73
44 47 38 80 81 50 63
65 4 24 3 23 43 42
29 37 99 5 68 49 70
1 62 53 60 82 72 87
94 60 38 5 78 73 92
8 97 55 81 89 45 4
46 34 17 1 30 87 69
28 52 62 14 35 95 10
7 51 27 41 50 43 32
57 36 88 40 49 59 83
85 26 53 22 6 76 70
99 17 85 62 53 73 61
24 8 71 57 41 76 90
52 45 35 23 39 58 54
20 88 78 91 74 56 14
32 49 33 31 65 92 26
7 77 19 82 30 5 29
89 18 48 25 75 55 10
53 96 1 50 5 90 30
22 34 69 76 26 14 78
84 25 88 49 73 79 59
89 45 28 42 36 60 67
23 29 83 98 46 82 15
97 19 54 74 18 94 93
31 13 87 2 62 85 61
65 53 15 1 66 84 72
5 54 42 92 76 90 25
7 86 30 12 75 56 3
91 64 27 57 87 71 74
78 6 59 38 96 69 46
8 55 4 21 35 18 29
52 24 73 36 32 45 83
79 92 12 57 46 28 37
87 94 96 41 69 47 14
99 20 36 25 42 11 44
34 24 64 89 23 18 61
49 82 70 55 73 66 80
30 8 53 39 56 67 40
97 51 65 93 32 4 72
7 93 48 84 79 96 67
38 10 36 39 56 26 3
90 6 28 24 64 51 94
8 12 55 77 52 99 42
32 14 72 91 41 44 87
86 98 71 46 53 13 5
19 43 69 54 15 62 85
80 35 69 47 62 86 99
83 79 96 21 74 73 3
59 48 4 97 16 44 53
66 72 26 71 52 27 89
12 8 30 20 38 34 49
93 56 50 64 98 77 55
95 9 94 5 84 10 6
62 67 44 36 31 50 89
72 61 97 52 91 68 17
37 51 27 26 53 24 99
77 56 34 60 66 13 71
20 39 35 22 65 8 95
7 70 83 73 4 23 21
69 46 96 81 28 18 64
84 95 24 86 96 93 72
36 77 27 78 4 63 40
89 52 83 37 87 15 8
17 12 35 79 51 16 54
6 31 28 48 3 92 49
68 29 1 62 65 44 20
42 21 23 88 47 58 46
48 53 4 92 35 49 82
34 80 58 57 47 1 30
67 13 63 23 31 52 73
16 75 68 50 65 18 44
6 70 40 7 93 87 28
86 36 55 17 91 79 26
59 33 27 71 11 19 15
4
90
86
22
55
