3 9
96
70 14 18 5 66 33 32 57 92
52 31 59 25 54 21 24 43 85
68 98 51 40 44 15 27 67 87
44 42 2 52 49 28 4 33 39
98 59 27 83 85 71 45 79 17
80 23 97 57 62 15 66 46 1
89 8 91 45 49 83 48 14 95
29 62 18 67 54 66 31 59 30
46 10 81 11 74 51 79 50 60
55 39 32 27 23 35 9 65 62
94 3 20 67 78 58 13 72 69
41 96 63 52 64 33 14 76 90
68 72 23 57 80 38 97 92 52
82 50 86 76 93 27 40 69 51
35 53 66 8 75 32 91 88 74
20 35 16 55 47 58 2 73 15
90 39 59 22 77 74 76 41 83
52 98 68 78 88 45 93 92 10
44 17 91 29 60 48 38 7 99
21 31 19 50 53 72 94 67 86
42 5 37 54 82 95 98 12 65
47 24 11 12 23 92 66 45 2
78 60 38 31 99 42 44 63 43
90 81 4 34 80 65 37 33 14
6 55 68 36 8 60 70 24 95
86 37 96 67 31 22 27 44 13
16 41 30 34 88 33 32 17 47
81 76 34 65 92 79 25 77 90
39 63 17 62 32 2 52 45 74
24 3 1 94 14 72 23 58 31
36 88 72 91 18 42 35 60 48
97 80 22 29 95 50 61 64 47
90 79 82 41 49 76 10 89 37
71 70 90 94 28 95 53 32 83
48 2 45 91 22 61 78 96 35
88 74 59 11 64 19 75 68 13
9 44 97 71 74 11 63 22 58
17 28 13 56 88 65 98 66 57
41 49 33 14 84 67 46 6 16
57 86 37 89 79 72 59 32 25
87 35 82 33 41 83 53 9 73
85 18 3 28 34 77 92 76 54
31 69 71 52 34 39 85 75 46
93 44 88 13 56 32 73 53 97
78 30 48 11 28 14 55 96 84
35 74 69 56 66 13 60 72 8
64 53 46 7 19 45 52 41 51
70 12 22 78 73 38 95 9 18
41 43 17 38 97 13 30 52 56
68 79 99 78 16 39 32 81 92
73 95 44 85 76 59 91 48 75
67 37 4 82 91 66 94 48 16
39 90 73 53 15 60 5 72 20
99 97 49 44 47 50 11 18 36
42 61 85 65 20 69 76 18 51
95 62 22 82 35 45 81 27 4
98 48 93 8 40 87 9 86 29
58 62 99 40 86 66 60 64 7
32 44 54 97 71 36 43 1 47
89 16 83 69 93 10 24 17 42
43 66 75 74 80 61 71 50 25
56 21 7 68 58 47 89 29 98
2 14 9 86 70 24 40 49 83
59 50 15 13 71 76 73 65 85
60 2 53 24 63 61 44 84 55
25 40 52 32 47 41 16 80 87
31 32 7 18 90 15 5 13 42
98 16 95 29 76 2 38 99 80
87 82 93 67 89 45 68 66 84
73 66 89 88 25 79 85 32 64
38 96 55 42 18 15 23 36 9
41 87 24 3 11 76 22 92 54
41 5 54 9 89 31 36 65 99
43 29 96 58 10 49 6 81 87
15 11 61 68 70 2 56 48 97
56 4 16 10 98 57 68 13 21
73 88 99 19 41 31 97 83 72
82 2 45 94 63 35 62 70 96
34 41 78 79 58 13 74 49 36
12 17 91 53 83 46 22 70 87
97 84 93 69 44 4 60 99 65
23 45 75 97 65 92 52 14 71
20 91 77 81 5 38 37 28 98
48 43 18 87 3 41 89 6 13
92 50 12 74 13 34 72 41 10
98 47 62 70 28 56 60 42 20
51 53 58 82 35 83 90 73 26
25 70 38 2 18 19 76 52 30
22 97 5 11 4 36 37 24 92
1 43 99 27 17 84 90 58 47
80 73 58 3 60 18 63 40 76
27 69 53 46 64 65 84 56 57
13 42 66 52 94 92 29 25 51
58 29 78 93 94 8 48 65 38
44 47 37 13 57 19 46 49 31
91 84 15 3 66 54 72 42 45
55 50 82 45 56 19 71 8 44
87 76 91 77 32 23 1 16 73
99 65 59 17 54 97 46 68 40
57 11 4 7 85 58 16 43 22
47 62 81 50 84 28 66 76 36
21 39 98 73 2 80 59 93 49
9 68 7 34 80 1 40 63 50
8 69 54 17 32 86 58 35 99
23 44 4 74 29 3 87 2 97
25 47 95 87 84 64 93 36 97
90 29 51 76 83 32 74 44 1
2 79 17 23 13 89 49 86 5
76 40 79 49 44 1 64 74 22
78 46 36 39 70 48 33 62 58
50 54 60 57 47 96 82 8 43
2 46 88 9 30 72 91 29 79
48 10 18 90 63 4 68 13 20
61 75 78 1 43 64 81 37 67
22 4 61 10 53 8 14 38 42
62 16 41 60 70 64 44 20 96
92 17 56 5 27 79 67 66 34
20 91 12 81 75 78 83 15 45
57 30 72 79 35 5 21 17 67
6 13 11 90 47 24 3 29 66
33 3 14 90 69 59 66 78 44
68 20 51 75 60 80 98 46 73
27 31 16 10 8 23 32 93 36
93 75 89 6 1 23 8 53 46
26 51 96 3 41 59 91 12 4
64 24 52 38 62 85 48 15 63
21 10 18 11 35 92 59 76 41
23 12 30 73 45 58 72 97 31
7 60 78 1 5 2 96 28 88
80 25 44 95 37 52 45 75 12
36 7 19 16 21 43 6 91 14
77 90 88 62 24 58 4 28 2
76 69 4 11 9 41 89 88 68
60 44 30 25 46 38 6 17 53
26 85 55 57 35 77 22 28 99
6 85 31 63 87 97 5 43 71
27 17 40 83 76 50 30 68 77
14 53 90 11 19 64 36 89 59
37 51 76 56 82 74 98 95 96
92 85 97 31 45 24 1 43 11
94 63 8 46 19 41 66 23 44
44 5 42 29 94 7 61 38 49
1 57 33 90 6 13 12 87 20
89 56 46 69 23 88 25 98 82
41 95 23 76 91 96 63 34 94
86 10 38 62 39 55 78 40 67
9 22 28 36 48 37 46 2 15
14 70 97 85 80 48 49 77 68
64 22 54 17 41 47 73 94 78
34 96 26 92 75 86 39 28 82
28 43 76 16 68 82 40 45 44
56 22 52 24 59 23 21 51 54
12 50 14 60 69 57 96 66 49
79 15 10 98 38 95 49 16 73
48 33 83 86 85 61 11 74 91
43 17 6 30 88 84 71 31 72
60 5 48 72 62 28 15 76 7
67 78 79 46 9 41 26 13 68
80 39 66 4 16 23 25 75 22
32 36 74 42 26 43 37 79 97
23 54 89 2 51 87 12 35 27
41 15 5 28 73 53 30 95 19
55 8 95 47 17 44 90 45 59
91 49 11 20 46 76 94 88 84
23 41 12 30 9 25 24 58 43
71 91 24 33 3 74 17 82 5
39 81 56 36 28 51 13 66 8
63 64 95 94 88 43 80 53 54
43 8 52 15 11 74 31 2 24
46 90 4 91 68 1 53 38 49
9 12 27 59 19 69 97 87 44
52 85 28 35 12 25 64 22 30
67 91 93 70 55 21 31 13 82
90 9 84 87 10 26 57 32 7
94 73 71 5 88 79 4 40 42
23 11 80 20 82 19 46 67 64
18 99 38 75 98 54 60 61 3
65 52 91 3 77 16 59 4 28
70 39 43 95 31 11 55 83 40
94 99 84 9 13 98 36 37 7
44 88 30 17 55 78 50 87 4
47 6 67 92 34 83 13 3 73
74 52 31 91 60 25 46 82 76
76 6 2 29 72 55 64 40 42
97 21 38 1 89 27 9 91 30
35 79 32 39 17 41 86 31 77
69 47 52 74 23 79 40 16 81
80 20 99 65 88 4 72 18 21
17 90 94 19 6 55 63 22 13
89 84 73 53 62 28 83 29 74
99 47 52 98 1 13 93 86 55
23 85 5 10 42 45 11 37 48
64 14 96 11 30 26 86 2 71
99 46 34 65 27 15 93 76 70
9 66 23 49 48 50 95 19 77
60 77 75 84 78 32 71 49 15
47 46 62 93 67 58 41 85 44
22 91 30 45 35 42 51 57 89
91 46 63 83 50 27 79 38 95
80 4 40 92 54 43 82 88 10
36 12 71 52 1 66 19 59 18
65 71 61 7 56 27 62 44 89
15 14 84 18 90 70 31 4 50
66 13 75 85 9 45 22 21 64
90 93 95 97 79 71 66 92 80
63 96 9 4 1 88 34 49 35
57 20 60 10 58 3 53 46 77
87 38 47 84 2 43 8 34 21
91 55 44 12 33 54 77 70 99
18 90 16 75 89 79 23 14 31
1 2 89 76 42 86 97 25 78
69 17 79 18 6 44 68 93 31
94 85 71 38 55 53 22 21 15
53 1 97 16 81 60 56 51 9
98 54 39 70 38 31 67 18 95
87 48 19 57 59 61 37 28 91
82 60 12 11 65 44 13 38 53
76 66 36 71 73 7 67 1 32
96 30 25 39 75 2 42 24 98
69 83 43 75 30 97 37 85 52
92 55 56 87 78 19 47 51 84
13 6 72 11 24 82 48 21 96
67 74 49 80 20 15 32 91 10
44 35 60 39 61 47 28 87 8
50 76 59 94 24 95 90 53 31
38 14 68 3 57 92 79 21 99
40 34 59 23 86 33 54 65 78
13 7 91 62 88 5 12 47 87
45 13 64 2 88 29 16 11 61
97 42 79 49 54 44 84 23 52
46 83 7 8 62 28 66 75 39
97 27 62 49 73 84 85 88 81
46 37 39 54 14 18 11 38 58
70 94 40 10 83 23 13 21 69
44 57 85 49 48 53 34 41 68
59 86 30 61 60 83 1 56 93
97 8 64 73 22 79 31 28 80
9 47 10 95 93 59 6 62 92
86 2 19 80 79 12 36 32 45
71 77 31 1 13 23 48 22 83
49 40 56 95 9 59 64 1 5
25 76 48 90 65 8 18 63 32
47 12 37 19 94 27 69 61 21
98 49 43 27 5 15 16 85 79
89 66 83 69 9 1 40 72 58
46 93 31 12 10 65 56 35 88
31 37 74 39 7 23 47 90 42
50 15 11 85 26 97 28 18 36
66 14 75 6 86 79 93 84 40
80 39 63 12 90 1 25 70 3
43 23 61 27 88 72 56 26 19
45 77 83 85 94 33 14 54 53
98 1 54 17 70 74 90 40 61
99 75 79 25 84 13 15 88 67
5 4 3 62 97 53 11 23 31
79 34 87 72 27 25 68 9 69
40 23 44 24 80 4 62 38 42
98 84 28 5 58 63 91 8 96
3 91 89 38 78 19 46 87 31
64 65 72 92 63 23 86 95 44
1 75 39 80 98 17 18 36 25
43 50 49 35 66 27 30 91 80
70 3 72 86 2 88 45 87 38
14 82 62 32 67 42 26 41 19
76 54 2 12 8 34 99 45 73
81 84 97 89 23 65 71 49 37
77 18 67 40 9 27 72 95 5
41 48 79 37 65 62 28 3 82
57 1 94 19 91 30 89 20 81
39 5 95 77 14 85 74 35 36
10 6 2 55 90 72 22 42 68
64 8 7 91 26 96 81 82 47
40 84 54 11 78 14 71 93 9
46 8 35 80 93 23 92 16 24
45 82 20 19 9 69 81 86 37
65 13 99 29 38 56 90 51 94
41 61 9 2 48 27 72 46 22
30 92 82 73 28 58 31 14 69
99 25 51 76 62 89 45 91 86
12 56 28 82 94 25 44 19 43
60 32 7 45 48 64 97 15 40
1 69 95 92 78 37 34 84 67
87 75 4 41 24 55 12 80 51
2 43 77 76 53 44 90 56 97
83 30 91 11 54 9 45 8 47
46 73 11 41 60 99 19 65 2
66 9 7 28 51 69 59 23 53
72 96 85 56 52 67 87 20 92
78
28
3
7
38
63
4
40
17
96
97
93
69
27
98
62
70
80
9
6
85
34
73
21
47
91
51
74
84
76
57
89
61
43
5
13
86
29
45
71
56
60
23
46
87
52
82
55
67
35
26
88
59
42
31
92
83
78
90
18
2
99
14
49
37
48
44
94
24
65
33
66
19
95
22
30
53
25
16
