8 4
33
94 12 70 4
67 56 62 11
75 15 43 81
89 59 97 92
55 76 52 46
39 61 20 69
33 86 91 8
19 17 96 2
46 18 28 59
69 38 82 64
4 63 40 16
94 21 45 8
99 56 26 87
37 36 92 98
83 58 91 48
34 23 81 17
92 67 11 71
57 30 8 38
19 59 6 96
69 9 43 48
61 65 66 10
89 58 2 40
24 83 27 34
75 39 42 20
97 95 48 31
87 29 71 78
59 19 38 86
61 89 80 18
55 36 10 16
33 34 91 60
40 56 1 54
82 3 77 75
80 25 35 27
49 96 16 28
63 32 31 60
3 6 22 81
98 42 85 82
50 61 17 74
90 94 24 21
88 59 57 1
3 39 50 43
13 54 95 65
93 42 8 77
61 55 24 44
45 92 56 83
69 85 18 11
25 73 35 86
58 21 36 9
78 65 90 67
29 74 54 33
47 4 44 11
53 55 82 57
22 81 19 70
93 40 15 10
75 41 3 46
96 83 66 49
65 95 9 56
11 97 3 70
26 51 36 20
73 5 62 60
19 6 75 84
28 25 32 83
96 44 21 48
54 91 23 68
76 70 65 97
89 83 37 63
16 77 49 98
4 13 25 11
54 30 28 10
86 35 18 21
41 84 67 26
20 59 6 9
54 42 40 9
73 79 11 41
99 78 13 81
89 53 76 52
80 74 68 75
46 66 31 48
45 33 56 87
44 15 35 55
85 30 67 46
33 16 8 27
88 24 74 68
79 12 89 87
54 93 60 28
61 25 31 92
15 1 72 3
51 81 40 11
62 3 9 32
51 41 74 56
31 88 70 39
83 67 36 98
16 95 71 25
81 17 13 7
48 52 78 91
1 76 65 50
6 14 49 18
47 73 71 15
80 64 23 75
91 74 89 28
77 58 13 81
25 85 21 3
44 87 93 45
60 99 46 37
14 68 6 57
83 11 70 86
49 92 54 27
24 8 45 43
75 16 74 50
51 46 31 62
18 56 26 88
72 85 48 38
78 93 68 7
69 72 81 70
57 46 97 55
58 39 64 84
63 50 73 37
30 88 33 75
19 10 87 49
83 1 4 5
33 44 14 86
98 50 92 8
38 25 41 22
34 90 24 19
82 72 62 29
31 63 55 87
9 76 95 36
56 78 16 66
62 31 36 51
29 50 84 46
98 54 32 91
14 34 18 42
99 6 55 45
28 81 79 11
67 16 95 87
5 74 92 38
44 16 41 20
74 9 34 48
7 49 2 58
6 95 50 47
85 13 14 25
17 39 86 37
88 12 67 30
91 24 40 28
64 9 63 16
40 39 90 92
59 73 36 31
26 10 6 7
93 44 35 99
88 11 8 82
43 52 21 67
4 57 30 33
43 41 72 23
78 29 53 10
71 39 65 67
99 27 75 68
85 49 22 6
64 11 60 59
18 73 14 62
61 44 63 5
39 99 5 98
82 95 12 67
81 41 49 78
60 43 61 80
9 18 74 10
23 64 16 70
32 50 76 48
29 46 91 15
93 68 22 63
4 45 91 77
40 81 32 24
65 76 87 86
35 67 58 89
90 27 99 1
31 26 61 10
20 92 16 53
12 81 91 5
90 65 58 9
83 3 44 84
69 35 88 53
31 59 43 32
39 23 61 41
68 16 1 36
38 66 17 75
3 91 83 10
64 74 30 47
72 35 61 92
45 18 39 77
65 14 59 43
57 97 88 73
26 21 41 32
78 55 2 37
65 16 53 31
40 15 59 70
64 76 22 50
99 8 75 97
94 38 39 71
10 18 23 42
58 68 72 98
6 3 2 17
22 33 74 58
46 17 96 40
23 70 25 20
77 81 50 26
80 29 36 76
3 55 28 79
41 87 48 60
84 45 54 27
86 57 31 44
93 88 50 23
87 37 26 89
79 75 65 53
20 70 91 41
62 49 19 47
8 43 29 61
56 15 59 38
8 81 50 11
73 57 24 56
28 39 96 87
89 63 94 35
29 19 30 61
79 23 26 85
46 1 70 25
45 90 42 18
32 49 31 45
70 98 20 16
73 82 61 83
79 63 28 43
7 33 25 10
81 92 5 50
23 93 36 57
80 66 56 89
37 76 61 32
20 97 67 73
80 30 14 98
49 11 79 2
13 50 45 22
39 68 59 34
70 31 3 27
4 99 75 29
87 82 29 31
99 35 79 7
61 40 72 73
48 68 24 62
85 6 83 13
16 56 34 5
76 69 65 41
42 49 66 64
63 36 59 92
11 66 55 31
38 29 79 64
8 46 99 71
60 26 91 14
28 50 40 32
82 3 27 41
23 62 17 53
27 63 2 73
57 81 9 35
74 76 42 21
90 54 4 51
92 70 62 47
7 53 91 46
52 77 20 41
67 61 24 50
29
61
70
67
15
99
64
54
35
27
47
28
39
23
79
25
71
44
21
34
40
95
75
89
84
30
65
6
62
83
