7 4
46
72 16 65 93
86 59 31 52
42 7 35 37
96 34 43 78
62 69 76 40
5 94 15 30
44 46 13 71
93 3 24 62
52 16 89 32
80 63 60 69
74 68 75 41
36 5 18 42
26 23 29 87
78 86 19 45
66 93 10 3
50 63 8 71
90 88 44 52
35 45 64 42
5 87 53 26
99 14 58 2
76 39 17 94
49 26 18 39
45 57 4 2
90 16 55 82
96 36 81 87
72 13 76 35
6 59 71 73
94 1 93 50
8 38 86 43
97 78 31 48
40 89 26 67
1 18 59 6
96 72 49 65
71 85 20 10
29 84 53 42
81 2 78 45
23 39 15 82
37 94 29 62
74 30 4 21
88 28 64 13
65 10 34 96
22 7 42 99
16 83 14 81
29 43 76 30
68 31 72 77
4 49 39 51
95 60 79 21
26 23 5 3
58 78 22 32
55 17 22 54
38 60 27 13
8 46 31 10
89 2 74 94
44 33 5 37
88 78 68 67
66 43 20 96
78 28 92 7
68 2 52 41
45 50 84 95
77 11 71 9
42 16 24 31
61 88 18 43
46 6 32 8
20 99 74 41
30 95 57 92
72 3 73 75
44 71 13 31
50 15 18 6
47 8 77 36
69 82 97 65
16 74 39 78
70 9 37 84
50 30 51 76
53 7 47 60
79 83 69 54
8 10 86 64
22 27 14 96
8 92 24 99
87 63 78 17
69 48 1 36
95 44 75 58
18 34 26 74
35 60 6 66
97 67 31 30
68 46 95 94
93 62 53 35
38 25 3 84
22 70 2 47
91 40 73 36
74 11 28 63
26 18 7 80
99 39 12 94
44 91 79 53
59 38 2 8
73 42 97 30
3 68 63 35
20 45 75 15
71 6 54 67
11 40 87 10
20 57 9 95
26 12 82 58
60 21 61 75
2 92 66 51
48 47 81 30
55 36 14 64
57 60 29 40
22 21 62 99
93 25 19 73
94 86 36 33
81 24 72 58
2 20 7 98
67 17 68 90
58 22 52 13
72 86 27 39
30 92 74 66
76 63 65 45
90 18 91 99
44 60 54 69
95 98 55 89
57 53 29 56
54 26 92 75
2 14 24 27
48 84 43 46
70 34 10 85
74 99 80 12
50 72 83 82
21 67 79 37
33 7 2 12
66 42 51 8
87 14 17 24
48 47 15 44
26 5 18 93
20 43 70 71
9 11 62 41
38 67 45 91
47 35 98 1
16 95 99 14
8 55 5 25
59 56 69 73
31 34 61 65
51 37 57 30
88 29 66 68
98 26 87 78
24 34 92 55
23 80 6 79
13 45 8 49
59 47 20 2
97 59 80 68
20 10 51 76
32 96 28 56
34 33 81 16
86 38 19 62
95 5 35 45
94 67 87 53
21 19 55 48
91 39 73 49
9 71 93 51
45 24 76 69
41 5 83 4
38 42 62 81
8 34 22 74
34 26 88 95
99 62 33 29
13 32 10 37
6 14 5 92
69 7 40 80
25 89 82 46
42 73 48 39
76 86 87 88
1 31 63 9
27 17 61 40
20 15 38 29
3 25 95 85
30 98 51 53
90 46 69 34
40 87 94 50
62 12 9 21
31 74 16 6
95 86 92 8
26 14 89 68
52 45 73 3
98 72 97 77
63 19 43 30
41 21 96 75
98 95 55 40
65 39 37 74
77 25 59 53
83 87 85 93
10 3 46 72
78 51 10 39
49 58 34 81
13 87 86 17
23 97 63 55
19 70 85 92
95 43 31 96
41 52 12 56
95 14 9 27
30 58 49 11
2 86 7 10
3 74 25 88
19 60 62 87
43 6 67 32
61 35 36 63
71 95 28 13
16 96 59 23
84 91 47 35
36 41 86 80
46 69 38 62
94 93 87 44
27 34 76 30
56 21 64 6
40 41 47 26
66 1 84 39
78 69 24 82
35 96 32 15
33 31 79 72
67 94 30 88
4 93 17 66
44 16 94 69
19 46 35 80
47 10 76 84
12 88 42 53
20 23 31 41
14 49 59 32
55 27 84 80
75 71 18 57
64 72 67 41
13 68 11 38
65 45 62 63
4 77 34 83
31 35 59 66
5 53 72 70
8 50 91 92
68 43 33 3
30 52 90 14
37 93 1 60
4 95 2 29
77 15 22 38
26 78 25 34
80 61 97 30
76 32 65 86
57 29 41 63
99 95 18 36
49 9 2 91
73 59 37 20
36 80 27 43
79 10 64 90
30 96 37 6
21 48 86 26
52 25 12 19
78 69 59 8
97 74 71 22
20 34 49 60
5 67 74 58
43 31 65 28
55 44 83 70
48 16 80 75
57 72 18 39
99 46 4 79
62 46 58 6
65 57 5 42
78 28 77 98
9 48 37 47
61 81 19 16
40 39 1 52
12 34 45 23
23 68 33 98
7 59 74 77
79 99 62 41
58 32 46 76
55 17 15 20
22 14 5 28
60 1 61 38
12 95 75 97
78 10 42 35
96 13 59 44
94 55 65 1
43 2 39 87
79 71 40 26
76 84 64 25
97 53 47 2
98 25 87 86
31 88 61 57
83 21 51 89
66 76 48 11
4 58 38 74
34 42 17 93
29 92 57 31
77 54 52 93
59 43 16 90
22 66 97 56
45 67 85 26
12 19 35 42
95 71 33 89
45 15 82 27
99 11 36 66
40 69 87 70
59 58 91 57
14 23 74 96
9 84 21 39
10 95 64 8
64 6 93 61
13 59 19 65
73 18 85 46
4 35 77 57
14 62 42 58
10 25 75 43
8 21 5 54
44 89 49 12
46 85 32 74
4 65 10 59
34 78 2 77
68 16 21 54
82 47 70 66
75 64 7 86
31 44 35 61
40 19 9 38
17 3 20 98
52 77 30 60
95 84 87 57
42 21 45 89
51 15 34 1
18
7
21
30
33
24
39
97
48
27
83
28
35
55
62
85
65
94
17
