3 9
14
38 40 74 22 79 51 78 83 43
56 21 65 3 60 71 88 4 87
23 97 2 14 52 62 96 34 80
60 85 44 20 61 18 57 50 47
76 40 4 9 80 27 13 14 28
35 39 59 5 73 71 54 25 37
69 75 70 43 23 60 39 15 83
38 49 92 97 52 67 44 27 94
74 54 11 17 78 10 46 13 90
42 14 26 79 86 17 27 22 31
32 49 77 43 92 76 70 58 45
96 4 38 98 74 85 36 30 28
27 17 97 7 89 25 22 74 83
69 30 73 51 24 93 63 44 15
56 67 32 28 75 42 92 34 41
50 4 38 96 67 19 42 21 63
77 1 27 43 68 47 86 40 26
37 56 72 94 36 64 6 8 53
71 4 7 92 74 62 93 44 68
96 46 69 23 88 30 22 99 12
81 47 13 14 64 98 38 89 84
5 60 1 88 96 9 6 11 48
91 86 87 95 52 69 99 97 31
65 56 39 37 40 44 16 90 34
65 78 79 8 43 39 51 81 94
17 33 46 77 99 25 97 54 9
45 36 40 70 10 1 52 85 84
38 27 44 91 7 88 78 69 4
65 39 1 36 73 2 34 6 11
58 53 37 61 5 89 31 97 87
82 85 28 93 1 84 3 88 13
5 24 61 26 23 35 97 58 80
22 42 7 69 15 96 99 87 98
24 23 37 25 53 9 44 32 29
47 62 96 72 1 75 76 16 78
5 92 10 51 2 40 77 97 8
34 16 19 83 46 92 45 11 98
24 70 94 22 18 75 37 55 12
42 25 65 89 43 64 63 5 47
5 10 8 3 82 95 65 43 13
67 51 69 22 91 59 64 2 97
90 9 46 68 72 45 36 58 20
56
43
20
9
71
45
28
37
90
93
26
5
33
92
67
40
21
49
16
64
75
3
50
61
42
31
10
6
70
12
83
79
84
38
1
62
99
72
66
53
59
94
81
87
46
19
58
60
17
56
13
69
89
29
73
44
39
