4 4
55
65 1 8 21
12 36 28 64
90 20 60 7
24 18 81 88
99 88 34 94
47 15 56 29
80 32 72 89
68 67 62 87
80 5 72 16
95 60 99 47
91 22 27 54
79 57 85 92
68 76 4 63
40 25 3 70
15 34 56 2
41 61 18 57
87 17 33 93
46 14 26 27
41 29 96 76
47 20 78 90
39 55 9 85
15 40 83 96
76 86 10 89
7 73 25 34
63 28 5 90
38 7 6 16
33 13 51 94
56 47 66 53
88 4 89 28
98 6 14 84
36 92 33 90
91 38 1 41
99 66 42 12
90 6 75 87
92 16 45 29
83 88 33 2
49 14 29 30
47 25 62 87
40 16 60 23
10 17 55 65
34 35 47 62
91 12 92 80
37 60 83 95
55 16 38 51
52 31 16 61
34 23 98 80
22 75 35 15
20 84 89 65
98 94 88 9
27 30 14 24
39 89 73 25
61 56 13 82
90 52 86 58
75 15 13 35
87 19 30 11
96 70 25 17
64 21 38 27
91 88 5 66
71 76 43 85
75 46 35 83
59 8 26 63
52 96 70 39
11 29 62 14
81 65 79 13
52 75 98 49
4 35 50 8
60 95 5 13
67 25 34 91
98 4 39 43
60 89 42 15
26 11 71 72
47 59 25 83
79 14 19 86
5 11 81 77
96 97 10 16
54 7 12 67
26 15 95 36
84 77 14 18
40 23 4 81
93 63 60 38
72 59 42 70
56 68 9 43
10 53 52 5
17 11 33 93
72 97 44 78
80 38 26 37
7 68 74 64
5 6 47 35
70 41 67 40
39 42 77 1
7 21 54 93
49 23 99 88
92 63 79 10
82 70 2 55
45 29 27 67
60 88 24 76
52 84 44 35
22 1 14 23
28 10 56 47
57 9 93 8
11 56 64 35
38 72 12 91
24 3 67 26
30 40 29 75
27 91 39 24
42 63 14 20
28 88 48 56
13 68 17 64
98 4 97 87
18 1 31 5
91 2 66 60
79 62 83 16
39 12 28 47
81 21 17 67
34 52 27 38
62 94 96 1
15 64 20 78
16 42 28 45
85 65 46 91
52 94 38 81
58 53 1 70
22 11 3 93
57 16 39 79
65 18 81 46
87 76 68 70
3 92 28 97
96 60 35 88
59 43 6 14
65 38 99 33
17 86 94 27
46 61 89 90
84 59 15 60
20 79 58 41
30 98 59 71
53 21 57 27
49 16 88 6
39 41 46 10
27 90 89 79
20 23 84 92
14 12 97 81
78 58 10 24
44 82 1 13
9 40 59 65
48 72 99 95
23 53 51 34
58 68 77 13
28 46 30 91
72 87 99 57
85 23 90 24
28 72 71 78
38 56 58 17
15 36 26 43
10 53 89 44
15 76 83 46
66 8 78 14
65 61 54 86
86 20 60 12
37 72 22 31
41 80 73 46
30 23 93 66
95 15 4 13
28 30 34 14
82 29 76 55
27 49 36 89
41 8 42 93
83 15 94 14
17 40 19 73
39 78 88 67
45 98 81 7
62 94 97 59
28 3 93 85
90 75 64 37
78 6 57 71
29 51 86 41
61 20 23 63
64 48 90 98
37 86 68 34
55 92 4 78
75 57 21 85
89 42 39 76
74 13 92 82
72 14 20 61
31 77 9 80
36 55 23 71
33 19 10 66
13 81 86 65
87 61 91 59
84 92 29 78
95 52 21 33
99 22 15 10
31 46 48 14
81 28 56 44
97 50 2 36
12 72 8 73
67 23 49 46
31 87 1 40
73 21 37 26
4 12 1 33
96 50 74 61
41 58 98 14
51 60 5 85
10 37 73 1
58 49 28 54
98 39 57 25
22 10 93 32
60 89 98 42
70 15 7 48
2 84 64 95
98 61 27 81
17 26 44 23
94 5 39 60
40 79 49 2
15 79 55 54
18 19 64 98
43 40 34 47
58 71 67 52
55 26 78 66
4 21 85 3
28 32 88 98
59 36 52 9
88
70
12
67
19
47
63
99
58
8
73
74
97
92
11
18
29
76
68
7
5
25
61
33
50
51
3
16
53
28
2
55
15
44
23
93
66
83
20
22
6
88
71
91
60
84
10
59
24
65
21
48
78
42
39
54
95
57
62
96
4
56
27
46
90
9
69
30
45
81
49
72
75
37
64
40
86
89
82
77
1
36
14
13
34
31
79
98
41
