5 6
53
46 10 21 41 26 68
12 3 9 1 36 77
59 31 19 15 11 29
66 39 65 63 44 8
25 45 93 55 84 57
67 85 21 80 3 30
49 79 93 50 19 81
98 33 40 76 43 20
16 34 41 63 44 6
47 36 74 32 27 5
22 98 49 12 33 58
30 27 36 99 63 48
72 91 75 67 68 35
39 88 13 71 96 74
3 59 62 69 18 44
56 16 78 57 98 39
13 86 90 31 1 67
12 40 24 92 11 81
8 60 10 29 19 59
21 99 38 84 34 9
59 3 25 6 46 54
68 90 36 30 92 96
13 18 98 14 55 72
11 76 58 8 16 29
31 9 26 89 5 94
80 56 89 59 17 49
82 96 1 64 5 9
18 16 3 7 12 6
39 55 10 36 42 54
87 70 45 27 47 62
58 64 85 76 13 60
65 75 70 18 94 83
2 8 90 63 17 38
98 67 69 1 37 54
21 92 19 23 16 91
94 62 6 89 28 54
50 27 88 22 34 85
1 96 3 12 11 4
37 56 43 35 51 74
76 72 77 36 58 15
46 29 9 25 63 2
15 21 20 23 73 86
98 88 31 89 62 5
75 33 93 32 4 41
72 42 66 30 97 8
70 69 53 81 95 76
65 80 97 85 86 3
98 38 71 32 20 63
22 17 48 54 28 87
2 21 31 59 62 1
82 76 17 3 54 97
15 8 49 55 38 95
4 20 64 96 40 35
26 27 91 79 62 33
72 46 88 59 24 94
28 62 34 18 11 49
42 19 79 54 58 64
51 2 73 98 39 67
41 94 8 99 22 25
53 78 48 13 84 1
99 50 26 2 82 15
96 93 18 1 43 71
3 60 13 65 67 27
17 68 92 80 52 11
24 75 54 40 37 46
54 43 46 16 9 31
56 1 7 97 58 47
83 55 95 39 90 22
80 34 19 6 18 81
65 10 12 17 30 99
55 45 54 29 44 94
87 38 63 60 35 78
50 47 1 42 58 71
14 95 33 66 40 8
57 77 37 4 81 7
74 54 50 38 84 61
75 42 35 92 16 36
8 89 39 25 56 11
96 94 52 44 12 60
43 7 51 80 27 17
36 46 70 25 88 59
43 90 26 3 92 51
66 48 67 21 95 6
13 76 9 55 96 1
64 18 54 75 12 94
3 34 52 73 92 88
89 29 48 11 80 65
2 36 22 44 4 16
18 5 67 9 49 76
14 30 71 56 72 32
4 42 47 13 25 96
41 58 24 61 30 53
17 82 97 2 93 90
63 80 31 77 38 27
84 1 66 99 76 35
73 43 4 86 47 97
65 94 12 2 31 10
30 83 60 63 13 40
78 15 80 55 87 79
34 57 89 18 76 11
63 64 79 4 41 62
42 88 51 67 48 33
69 17 49 54 83 26
46 76 11 8 32 15
75 25 84 19 61 44
35 96 1 29 44 25
4 87 54 40 15 70
88 99 12 91 77 49
33 30 50 85 8 68
45 19 89 81 21 17
64 7 70 92 41 82
67 36 79 10 14 24
11 35 30 83 85 95
47 52 71 9 94 17
62 21 1 31 6 8
14 63 18 30 87 88
81 36 97 27 66 54
38 37 1 26 11 69
95 23 92 79 89 29
24 78 50 68 96 47
90 79 99 26 27 62
30 47 15 74 92 97
58 25 3 65 10 63
23 52 95 60 19 48
6 5 69 22 28 66
6 80 20 94 52 85
38 19 11 88 50 89
49 26 17 13 24 37
14 67 54 97 69 48
30 16 75 55 58 45
77 81 50 62 82 44
32 57 85 88 31 11
51 63 34 95 78 28
64 70 79 33 65 40
10 36 5 84 91 90
90 52 1 72 28 99
5 15 8 35 20 29
22 37 21 6 94 53
48 70 64 97 39 33
74 57 50 10 65 87
56 74 21 76 28 36
8 52 46 57 10 60
83 45 50 87 64 7
41 37 30 55 32 53
1 13 33 93 62 11
77 31 40 18 38 9
4 55 26 51 33 61
11 96 15 1 59 13
6 84 35 34 64 48
8 12 42 47 67 2
28 1 48 6 30 32
43 61 98 86 17 11
2 63 64 56 18 80
37 91 96 39 26 47
29 49 33 16 42 75
81 56 40 57 24 44
90 38 88 20 75 14
21 27 30 50 80 87
77 9 67 2 94 47
60 6 70 41 89 33
46 25 82 77 62 65
85 11 87 74 78 34
96 39 20 19 1 23
49 41 89 33 21 63
27 35 12 51 64 16
9 64 54 48 11 58
61 66 45 42 97 99
63 92 70 39 69 23
31 91 51 81 47 60
14 96 74 84 15 44
10 11 47 82 60 17
86 25 67 22 33 78
34 76 7 75 65 70
58 23 63 71 20 88
96 42 68 84 16 91
66 11 70 23 46 8
25 83 45 22 37 96
24 57 67 48 40 35
92 16 39 49 62 87
89 18 44 82 86 60
98 66 34 50 60 73
13 30 84 74 35 75
22 17 24 1 85 97
95 14 29 59 52 83
78 45 80 12 88 25
84 20 92 5 50 24
66 13 16 31 85 4
12 98 45 68 17 18
39 22 44 97 19 65
42 58 28 33 91 78
59 64 89 10 63 23
12 25 84 69 87 93
19 41 11 95 35 45
49 40 88 46 80 22
21 85 26 65 8 16
77 62 95 82 32 68
57 3 81 7 6 48
41 72 89 75 21 31
65 33 73 63 11 13
88 29 2 52 64 15
77 35 99 92 50 43
18 13 76 10 38 90
95 52 53 7 1 57
8 20 28 84 16 17
26 78 6 44 60 9
77 92 53 6 83 63
52 17 74 97 59 20
67 73 26 56 65 35
37 10 57 43 62 33
61 2 44 48 76 9
71 54 72 57 92 67
68 98 35 46 49 84
78 95 32 20 63 18
4 60 80 8 64 69
37 48 17 41 52 1
76 94 67 16 31 11
88 7 70 72 86 87
14 41 26 90 85 23
98 66 50 48 95 52
39 51 77 34 32 64
99 34 82 60 92 16
50 85 11 71 90 74
47 59 84 57 2 54
32 24 27 10 98 17
44 93 46 52 96 23
7 57 33 43 58 89
2 50 98 45 53 77
55 18 93 42 51 38
13 97 14 86 34 40
54 12 32 76 62 84
97 89 58 14 94 68
62 28 71 80 65 87
50 56 42 16 27 91
95 8 53 78 9 7
77 4 55 84 36 29
31 11 67 38 85 78
62 40 29 81 12 35
80 3 87 66 64 8
52 25 48 7 32 51
90 18 16 37 46 59
61 75 91 24 71 99
18 66 90 82 17 27
42 78 64 69 54 51
38 2 10 89 35 33
43 73 87 84 32 58
3 57 24 38 91 70
21 97 5 93 35 19
89 73 1 4 85 72
58 6 23 45 61 30
77 39 79 62 46 18
60 27 5 50 30 51
93 21 89 23 45 41
2 75 15 17 24 4
18 48 92 32 86 69
36 29 65 40 70 58
85 17 81 30 35 8
15 52 64 41 65 97
4 6 56 59 25 58
69 10 96 68 11 84
21 63 31 74 55 20
37 87 64 74 88 59
6 21 72 27 36 62
81 26 47 42 54 34
91 10 98 52 79 49
97 89 84 58 43 78
21
87
31
15
14
43
40
92
52
95
85
84
60
4
73
76
79
46
39
47
91
36
