3 5
37
50 19 7 70 80
58 67 23 99 48
42 8 65 40 57
55 19 38 94 24
58 12 60 6 91
44 68 32 78 31
67 42 83 63 33
92 23 5 99 46
26 41 57 48 52
94 52 9 16 93
41 87 73 71 51
45 32 85 95 14
51 65 34 61 14
37 45 47 39 66
59 53 13 23 10
66 48 64 41 10
97 23 16 86 83
34 89 95 14 96
74 30 77 96 37
58 53 54 49 28
76 32 72 55 19
15 34 69 16 25
20 41 89 8 67
18 3 81 80 48
86 19 60 55 56
97 30 74 48 84
10 53 87 85 33
64 57 93 70 25
38 61 15 46 43
77 40 63 26 62
69 11 37 99 76
96 79 29 7 84
80 54 57 23 30
99 76 89 44 13
77 90 9 59 69
58 67 28 2 86
8 51 39 71 2
37 24 23 19 41
17 95 1 33 25
2 88 63 8 78
11 24 90 39 30
71 69 60 22 59
66 1 67 18 97
38 95 43 44 32
89 64 70 76 8
43 38 34 33 95
77 57 45 67 94
75 91 80 12 14
50 58 42 41 27
60 75 97 43 49
29 52 16 23 84
18 70 64 7 72
97 36 76 6 48
44 35 74 87 50
86 41 80 62 11
18 98 40 47 85
15 60 14 9 24
91 31 57 24 38
3 50 44 56 72
6 68 79 45 61
93 27 57 60 28
3 80 38 97 45
67 9 91 8 73
14 11 41 7 3
99 43 98 73 17
37 2 87 4 97
93 17 10 28 80
11 41 33 9 99
18 16 37 94 91
21 5 44 54 80
75 20 41 77 96
15 2 68 3 90
3 26 94 63 78
95 77 88 97 25
54 82 81 65 50
34 59 1 15 32
81 33 27 39 85
2 5 77 67 48
73 5 1 31 21
38 76 11 85 98
82 53 9 33 96
58 54 19 13 74
57 26 68 47 82
72 14 38 28 32
54 26 59 73 1
18 37 56 3 91
43 11 36 41 35
29 84 73 63 1
97 67 66 85 35
44 64 12 45 22
90 64 58 32 20
10 17 92 66 85
79 51 67 54 40
5 85 16 3 56
15 27 47 37 87
17 39 11 26 44
63 93 97 85 65
31 99 66 98 60
52 26 74 68 35
17 9 18 77 90
73 59 5 27 88
53 43 1 87 82
55 40 33 91 96
15 38 9 41 86
54 67 46 62 79
17 20 25 31 22
59 8 80 11 72
15 4 10 35 37
7 80 84 19 60
21 17 97 41 40
63 18 73 12 42
79
25
15
32
58
43
99
76
21
85
95
42
80
20
1
57
14
67
65
17
26
36
8
55
12
88
84
38
31
83
98
39
79
94
59
96
50
35
53
37
86
47
49
9
3
92
7
5
34
10
44
4
97
56
52
81
69
27
24
11
89
73
18
68
82
63
13
64
46
33
91
41
19
30
48
16
6
77
71
29
