4 6
14
85 10 37 93 55 48
30 54 51 90 45 79
14 52 70 97 71 11
27 59 32 5 19 69
96 80 14 16 22 47
55 17 25 54 39 40
60 81 3 24 98 92
93 88 23 31 85 66
58 68 88 85 22 12
4 42 15 5 83 59
18 55 10 82 31 87
72 2 16 74 25 77
91 88 94 34 18 39
78 90 87 23 37 7
96 22 61 2 25 13
21 4 89 29 75 52
28 97 9 78 22 91
50 70 73 65 95 17
40 39 21 2 13 90
67 87 47 79 44 8
98 2 22 17 97 67
86 30 78 24 35 76
37 93 23 25 94 50
55 73 84 49 58 5
72 16 71 35 75 80
78 62 40 85 37 24
36 90 97 4 13 8
32 20 67 65 27 92
75 32 90 71 15 3
65 29 6 79 48 11
7 19 5 70 53 72
14 4 16 28 85 37
57 63 51 19 70 40
35 90 25 98 78 43
62 94 3 28 6 88
21 30 79 16 13 56
36 84 89 82 74 54
38 40 59 8 88 17
5 91 99 72 98 75
53 3 60 37 45 61
70 19 4 30 6 28
84 7 83 46 21 69
42 76 63 18 74 22
53 37 79 20 59 86
12 62 16 67 41 31
10 74 71 70 82 37
54 61 36 73 14 57
52 51 39 83 84 35
21 43 48 62 38 37
60 27 39 99 70 74
61 12 44 92 72 66
3 31 4 63 40 81
88 33 17 65 24 60
84 20 98 38 93 63
81 37 95 23 99 27
45 49 36 50 79 43
75
55
26
76
43
32
94
10
62
34
60
69
20
70
86
40
63
14
53
83
77
1
39
21
54
31
44
67
91
97
50
27
6
7
35
19
4
95
88
99
36
85
9
74
58
57
96
13
25
80
24
46
5
98
81
8
92
18
68
12
3
75
82
90
65
38
84
89
33
45
49
93
16
59
61
37
