4 7
24
56 63 24 11 93 90 10
50 57 21 66 89 72 65
88 47 67 71 95 98 15
34 27 91 41 3 69 87
80 86 31 63 64 43 24
72 71 26 74 14 84 98
73 30 81 46 91 27 37
8 69 77 87 36 82 59
46 74 31 69 63 30 3
64 34 73 16 24 50 96
55 99 41 9 49 40 56
38 97 52 93 83 39 26
97 91 85 84 68 3 46
43 61 60 93 82 86 50
31 35 44 33 53 30 13
15 69 66 4 21 1 24
53 54 41 14 68 2 18
20 5 55 10 69 16 43
65 26 58 35 28 63 15
92 50 67 11 38 99 94
97 25 17 23 96 41 36
26 12 20 4 31 72 76
24 10 74 49 67 66 79
14 28 75 32 3 56 34
61 72 18 52 59 45 71
68 91 33 31 36 34 86
70 47 16 92 3 51 41
94 75 81 8 66 28 5
42 34 1 14 98 35 66
97 37 25 80 64 72 2
84 90 38 16 95 61 91
87 4 28 17 55 50 56
38 72 21 12 99 29 68
96 5 6 27 42 87 28
91 14 78 26 43 13 31
76 9 17 77 45 58 62
15 91 22 21 98 58 49
93 90 1 33 27 57 28
43 83 46 73 54 17 30
55 79 19 8 75 97 18
22 1 72 5 49 29 50
92 47 4 36 58 6 43
99 33 31 93 63 8 94
13 38 90 34 67 96 56
81 36 99 87 18 58 94
82 38 19 89 41 9 10
53 97 7 63 27 40 37
77 56 68 61 79 46 96
53 82 90 24 51 98 43
7 11 65 56 97 17 31
57 96 78 27 36 23 1
81 63 83 88 72 55 40
60 96 72 17 12 45 40
88 36 68 53 32 92 35
91 39 50 77 65 19 66
51 21 33 28 56 80 87
39 13 29 91 56 54 38
28 74 23 85 47 64 90
94 21 92 41 72 43 87
75 96 5 78 95 51 77
12 46 17 90 2 76 38
63 91 42 68 66 79 11
28 73 74 34 87 98 52
53 75 3 9 93 64 51
90 11 93 6 13 80 21
87 32 73 65 61 41 45
92 26 88 97 20 76 30
48 47 74 64 54 36 75
73 49 3 43 98 92 7
60 61 32 27 56 70 1
26 76 95 57 33 10 34
87 17 55 91 62 35 65
11 88 33 86 68 76 99
49 71 46 80 5 3 4
47 53 91 90 32 13 70
45 26 41 17 36 6 27
68 96 32 30 13 38 11
35 19 70 9 17 54 66
81 12 76 89 47 74 57
55 95 58 25 63 2 98
14 9 30 76 18 79 85
36 15 89 88 3 20 4
29 33 64 2 6 62 96
77 38 74 57 91 45 21
96 92 76 26 25 43 5
68 57 84 85 83 79 23
70 34 61 75 53 51 59
81 39 4 46 7 31 6
97 12 6 29 13 61 32
21 59 23 79 55 2 30
99 24 78 86 50 92 34
25 87 89 90 73 38 48
88 15 33 89 71 34 17
39 81 37 40 94 26 95
19 9 66 36 49 44 1
86 59 80 64 25 12 98
58
71
58
35
31
46
3
65
91
25
79
37
20
44
11
43
45
99
10
57
51
13
70
29
92
38
93
95
18
64
6
41
98
68
2
69
97
8
55
89
48
4
30
21
39
81
15
66
54
19
88
36
26
28
9
34
16
74
47
