8 5
91
87 28 7 51 91
43 94 29 63 85
8 4 23 80 88
81 69 18 46 40
75 2 61 99 49
96 16 47 55 54
42 21 44 90 6
9 76 53 1 45
95 34 84 55 91
61 24 7 9 47
28 46 83 1 10
85 25 96 32 20
6 87 88 99 45
42 44 13 35 63
80 29 4 72 90
40 16 33 12 94
11 60 68 1 12
27 96 48 24 42
79 64 39 21 69
43 97 13 94 29
66 99 82 34 31
54 30 4 90 5
87 59 32 98 36
85 61 46 18 3
30 71 81 40 29
31 77 20 70 58
18 46 95 49 60
75 99 90 27 96
2 86 52 36 50
69 3 4 37 26
38 7 34 89 35
19 73 25 1 54
22 65 53 61 43
71 13 86 26 12
81 79 69 45 89
32 16 54 8 76
55 37 57 94 63
33 39 48 51 35
44 24 31 78 88
11 82 46 9 27
50 44 12 74 16
71 98 3 8 86
76 7 36 94 73
79 87 49 92 40
65 81 26 77 88
6 89 54 95 90
17 37 2 53 56
21 52 13 67 58
62 98 88 17 13
2 90 80 76 79
81 18 63 25 83
11 10 95 20 30
89 8 55 51 33
6 72 50 29 48
44 58 91 56 49
31 9 1 99 26
76 63 1 56 51
41 74 5 32 49
21 85 61 36 84
96 87 38 64 94
28 53 20 71 89
14 17 86 75 55
60 77 39 2 82
80 97 81 72 70
62 70 73 51 40
58 95 86 36 6
91 3 57 84 22
61 78 17 79 56
53 65 89 66 35
99 30 67 4 83
45 96 28 1 7
59 90 20 60 42
71 2 79 56 62
58 42 54 59 66
97 39 41 6 9
95 19 52 87 16
13 96 17 81 33
32 45 89 46 49
3 74 29 15 25
8 61 14 82 21
34 52 49 84 57
89 87 53 67 14
60 83 99 33 72
29 26 88 18 56
42 74 39 50 12
64 93 19 1 92
90 63 30 8 91
85 24 2 7 45
47 11 57 8 42
71 97 51 50 59
67 36 91 98 20
52 49 86 25 66
5 14 74 24 76
94 13 16 6 34
32 26 60 41 39
92 38 80 29 64
33 76 86 62 59
78 42 92 7 58
49 98 84 24 94
65 12 19 66 38
29 18 46 14 26
57 39 34 48 17
53 10 6 37 47
85 79 2 99 8
40 5 78 11 47
45 12 82 55 19
69 53 36 4 52
22 26 91 34 68
3 29 24 70 31
80 51 54 14 2
1 86 97 25 7
74 50 60 87 27
9 40 98 6 56
44 31 61 60 17
86 54 50 77 71
20 48 88 81 27
53 45 18 23 10
34 11 41 84 26
1 82 35 33 19
36 13 21 92 58
36 99 5 31 89
61 62 68 81 30
86 66 77 15 67
83 88 9 59 73
13 22 28 20 24
21 54 47 39 19
33 41 80 11 65
16 25 1 84 92
52 17 29 64 80
8 36 30 37 88
78 44 67 28 3
93 92 66 53 21
91 95 15 75 22
20 72 6 43 4
27 32 19 38 34
47 96 57 1 76
33 88 3 5 84
83 18 99 59 1
67 40 21 49 4
36 31 69 11 96
46 78 62 80 55
48 16 93 37 29
6 74 52 81 87
9 26 44 41 23
68 60 95 18 33
80 23 46 84 71
28 19 29 94 81
92 50 73 42 20
17 96 27 70 74
16 57 89 69 36
22 63 37 47 30
67 62 15 13 98
28 17 92 31 95
16 39 59 5 74
51 85 56 35 87
69 8 98 66 88
80 68 63 4 32
52 42 71 73 57
99 50 6 21 22
14 79 40 37 54
58 78 86 90 82
51 44 9 60 88
28 74 66 29 42
26 23 40 31 89
54 56 94 95 45
43 8 47 46 97
20 48 38 50 41
91 72 12 59 13
27 15 96 44 90
68 6 33 19 34
62 55 9 2 75
92 26 45 89 37
79 70 32 51 31
46 66 76 30 99
40 53 98 87 69
8 52 65 71 21
68 10 82 28 61
15 57 63 13 19
77 50 52 17 33
25 56 20 64 66
34 24 87 11 5
9 8 60 42 18
67 76 46 89 43
98 12 31 47 70
49 36 73 77 92
40 89 28 62 97
85 22 82 46 81
20 3 80 8 52
31 50 98 87 25
93 84 19 21 76
42 35 68 9 16
67 39 14 34 24
59 88 6 16 14
8 63 91 69 99
96 18 28 1 35
32 78 7 51 27
54 33 50 98 30
24 52 43 20 60
41 85 29 62 3
79 77 72 86 9
34 48 26 65 68
56 63 22 37 93
19 9 7 40 52
43 72 59 13 25
42 66 45 11 23
89 38 31 67 53
79 55 44 39 15
64 94 54 49 14
75 35 65 37 86
62 60 19 85 42
91 69 94 79 39
70 71 24 28 12
6 90 18 58 59
40 54 9 56 87
76 8 49 2 89
15 61 66 17 78
16 22 29 43 10
85 14 53 82 7
63 55 33 35 61
83 73 84 12 9
70 87 28 81 90
26 24 6 5 2
4 66 75 44 37
64 51 45 18 3
71 90 10 43 94
35 33 68 86 76
70 59 69 64 47
83 58 73 61 96
87 52 63 28 25
39 42 89 57 38
24 85 3 32 46
34 23 72 36 17
76 69 91 38 11
7 37 17 13 84
88 2 98 35 4
77 12 3 93 52
25 56 36 45 74
21 16 49 60 99
29 44 5 63 79
67 19 41 15 80
57 99 32 83 59
86 62 66 17 2
12 63 96 56 61
24 94 27 77 6
43 85 98 10 49
60 21 42 53 79
58 20 41 3 69
81 33 5 76 84
58 81 72 26 94
45 51 96 29 24
16 56 39 57 66
84 36 99 32 5
7 85 80 75 11
15 18 74 62 63
4 47 28 78 2
95 6 3 61 33
15 27 5 12 20
65 19 84 95 4
8 34 98 63 93
26 58 21 91 9
60 51 13 14 99
48 80 59 89 96
97 83 16 29 77
74 2 11 45 31
5 32 88 71 23
13 35 60 68 96
47 72 26 62 11
19 30 74 34 98
63 70 42 17 45
50 64 48 52 97
94 87 54 46 15
67 81 8 16 56
73 45 89 39 79
63 56 5 8 14
61 90 22 29 62
6 11 64 60 81
67 49 92 26 55
19 74 15 1 98
24 10 12 34 38
72 87 75 96 59
61 55 30 6 23
19 15 73 25 38
36 93 7 33 42
75 21 53 3 50
79 81 22 63 4
32 1 83 37 41
17 70 87 29 59
54 98 31 72 66
89 18 79 54 36
41 65 14 34 69
51 87 98 22 48
75 84 57 55 62
68 16 31 83 25
93 49 59 27 28
97 40 50 8 53
37 67 33 95 38
64 96 8 98 33
47 34 81 24 56
66 40 88 91 16
4 73 74 94 30
19 27 76 70 1
49 60 50 26 79
69 11 95 75 90
48 80 84 43 58
97 76 17 73 78
43 6 83 75 13
14 35 2 45 33
36 15 4 10 62
90 25 60 69 59
7 96 23 30 68
51 52 67 47 44
18 88 99 64 22
75 67 2 16 83
64 86 4 69 50
11 17 12 61 35
88 31 46 78 95
60 26 25 85 39
3 55 42 70 15
45 23 49 38 48
37 72 36 14 63
88 73 77 80 69
2 84 65 57 54
12 64 47 42 29
95 23 59 55 28
53 67 78 26 13
93 24 14 51 99
35 7 20 19 94
30 74 40 50 31
88 82 55 91 23
11 56 93 85 63
19 6 76 46 59
52 4 7 17 37
40 24 50 26 16
60 64 67 38 71
1 39 79 97 47
49 27 42 10 77
16 30 54 27 78
81 35 62 49 22
94 59 42 93 74
37 50 33 80 32
83 67 58 29 21
5 31 60 8 15
65 84 99 77 97
92 64 6 69 39
31 47 94 60 69
7 5 18 13 22
15 81 1 17 84
42 26 98 76 78
86 95 51 73 34
11 37 82 33 71
74 61 2 80 30
89 67 52 16 49
20 60 86 93 34
66 65 31 73 35
46 63 29 91 95
8 67 48 83 72
78 2 98 39 97
94 88 32 41 99
75 44 22 16 53
71 13 51 54 74
44 4 48 88 59
40 56 54 33 94
87 99 95 37 86
22 43 77 39 97
32 72 89 79 5
96 49 64 60 61
36 20 42 69 41
47 15 31 12 67
15 6 99 65 55
76 58 53 69 81
27 74 40 46 7
75 89 5 79 43
95 30 31 11 35
12 39 45 22 85
61 68 51 84 66
3 28 96 14 32
27 85 17 75 14
69 64 28 76 22
38 65 52 18 70
20 8 80 89 21
36 74 97 73 40
3 57 43 45 33
9 15 96 11 93
71 78 47 61 34
45 53 27 62 89
96 75 30 91 66
88 52 33 39 42
7 18 74 36 94
85 55 34 86 41
23 47 44 68 15
77 82 37 84 9
17 35 29 12 40
20 28 43 91 39
95 62 16 94 25
56 97 2 83 93
88 48 41 17 61
34 57 51 77 33
55 10 23 68 27
86 44 6 52 40
82 87 89 63 64
97 43 54 29 87
26 19 90 36 37
34 78 49 40 23
35 89 64 7 62
14 2 96 72 8
57 85 30 3 60
12 45 20 59 71
44 6 83 88 9
44 68 63 2 45
79 75 88 77 24
49 94 37 42 97
50 14 96 73 62
13 35 85 39 89
1 69 20 98 28
8 12 3 61 74
83 33 25 57 41
33 94 72 22 20
17 2 38 44 23
35 10 53 97 47
8 60 56 14 66
93 96 74 7 41
34 57 86 80 87
92 13 63 64 46
30 91 71 68 70
50 9 3 74 32
28 69 18 7 47
40 79 37 70 26
68 53 34 96 91
72 20 56 83 59
63 39 52 33 82
73 88 62 97 77
31 61 85 87 71
93 48 16 57 21
96 27 31 9 55
67 3 25 78 15
45 10 61 97 2
35 12 56 82 76
28 91 8 18 50
59 74 63 39 99
86 37 34 30 54
11 76 32 7 97
94 24 53 79 26
4 28 1 25 63
93 50 56 48 20
57 51 2 98 37
52 95 33 8 6
89 82 17 68 64
58 29 43 27 42
43 82 24 50 22
49 81 18 40 75
89 59 54 66 53
16 95 44 9 62
38 12 93 19 79
28 52 92 42 21
99 91 68 26 56
45 39 58 73 87
79 48 21 4 49
5 43 36 55 54
81 42 34 19 74
70 58 17 98 92
40 77 59 76 44
96 32 88 8 15
31 65 99 33 93
3 38 69 6 87
29 63 71 85 79
55 27 10 65 41
56 5 69 32 52
36 28 46 87 58
17 77 80 25 49
47 90 51 42 99
57 8 94 13 19
34 73 33 9 11
88 99 97 95 24
78 36 63 7 28
96 53 46 47 42
90 2 83 56 84
69 77 19 52 70
9 92 76 55 79
35 12 48 67 71
38 41 44 68 85
98 46 26 78 6
86 82 97 10 20
37 95 11 27 9
53 59 87 13 91
57 69 52 90 45
64 40 65 29 70
8 28 30 66 54
88 67 84 1 63
77 75 94 21 84
78 88 25 47 50
37 61 42 82 51
83 7 91 74 45
27 79 70 39 22
69 89 56 4 59
14 18 49 97 30
17 87 35 19 85
55 78 59 16 45
33 90 72 38 53
82 25 30 46 3
5 74 27 77 91
37 22 40 48 79
12 23 11 63 24
32 92 9 83 17
73 81 7 14 88
35 98 2 11 76
48 18 86 21 72
51 6 71 83 58
40 95 97 36 55
23 49 9 54 90
15 70 10 94 52
69 38 64 16 42
1 74 91 34 24
4 38 95 15 32
72 59 69 99 92
79 21 82 33 70
14 27 67 30 6
75 36 48 41 3
54 68 90 47 78
87 66 16 50 83
61 55 51 49 94
75 46 83 30 14
44 55 88 52 71
92 16 33 45 35
73 76 22 60 7
29 58 84 32 64
27 91 51 54 94
67 96 12 43 85
95 40 99 74 9
59 80 83 89 62
58 86 51 2 41
18 52 96 46 67
40 87 22 1 82
79 92 77 14 55
71 98 42 49 13
73 30 28 90 88
17 94 9 37 7
65 67 61 48 70
63 77 73 25 93
22 98 30 29 20
68 43 94 12 66
28 85 6 50 34
36 31 19 51 26
42 46 89 87 33
8 95 39 83 60
68 87 61 26 64
76 46 77 69 8
57 81 97 92 73
78 71 75 34 39
79 36 66 24 88
53 23 44 9 70
82 3 59 33 37
16 95 21 47 13
79 21 70 66 56
81 63 61 43 99
31 39 17 76 83
85 52 3 38 51
32 78 89 50 68
59 33 11 18 53
1 34 91 2 41
22 57 95 10 23
22 61 27 9 85
23 19 83 33 84
66 92 65 86 68
28 97 55 40 64
82 72 60 91 81
45 36 42 15 44
52 89 99 7 29
37 3 71 12 4
95 19 61 18 47
2 63 36 56 35
21 69 8 52 91
24 78 86 27 30
93 75 71 11 33
64 25 37 7 59
97 46 66 20 89
77 81 22 12 55
25 4 23 21 39
19 78 27 6 75
88 8 93 7 45
95 43 81 15 72
85 44 11 58 68
67 14 46 28 34
35 65 82 62 5
36 24 30 99 32
81 34 54 3 57
47 1 65 96 58
21 99 4 56 80
55 48 17 77 71
85 91 93 94 67
46 95 68 97 76
61 26 43 66 37
24 70 88 49 13
53 24 26 46 82
13 25 2 97 61
98 72 85 66 95
40 28 73 52 42
20 90 47 19 64
62 79 93 23 92
70 43 45 11 27
84 67 89 3 29
90 25 93 86 6
3 58 4 78 50
43 16 52 62 8
47 31 98 5 24
36 74 29 59 83
14 22 56 75 63
57 38 33 11 45
32 71 76 44 80
11 5 97 67 40
63 75 92 39 30
51 23 98 50 86
48 27 68 14 36
21 88 81 69 22
55 43 54 52 32
87 83 74 24 59
20 1 31 73 8
46 27 82 75 96
72 18 94 43 44
97 20 51 21 35
60 92 95 5 63
55 58 32 62 69
22 26 42 67 3
48 40 47 53 86
66 28 30 8 98
99 70 6 68 78
14 30 60 48 82
21 52 65 38 87
93 83 2 19 35
18 77 11 37 58
34 64 61 76 67
17 12 8 7 43
40 96 86 28 59
93 67 82 97 3
40 2 81 26 12
6 56 1 54 96
32 58 59 13 75
16 83 51 27 68
80 69 17 30 31
45 34 64 37 11
36 25 20 88 4
17 12 54 70 42
69 13 73 58 84
71 26 44 99 78
91 68 36 89 20
46 15 55 48 92
32 7 19 72 45
66 22 80 31 52
33 60 49 21 95
25 94 13 56 77
10 22 39 52 69
62 66 21 80 11
9 54 65 59 58
31 60 84 92 95
49 4 91 55 61
86 50 71 64 7
30 76 42 72 46
99 24 55 51 38
76 93 56 9 15
62 40 88 30 46
66 29 7 72 73
90 3 74 79 43
80 57 5 21 13
47 4 35 94 53
54 42 31 41 14
51 58 80 48 71
30 65 3 18 77
35 60 45 10 31
53 99 85 92 32
20 67 2 90 13
94 82 83 17 76
23 16 96 38 47
42 88 86 15 81
92 12 80 33 4
40 52 34 41 44
36 37 28 91 78
54 38 60 83 26
96 6 94 13 1
64 32 85 59 20
14 10 89 95 29
73 35 5 70 2
12 45 79 81 34
93 35 43 91 62
24 19 53 37 69
39 57 75 86 38
87 95 33 51 10
8 64 66 6 47
18 60 80 25 78
85 74 7 97 82
27 69 12 96 22
55 86 17 29 40
63 10 2 7 79
66 93 13 15 20
50 81 16 46 35
11 1 97 78 77
59 74 95 58 43
33 52 3 39 75
24 67 63 82 91
96 37 94 55 34
50 45 44 28 74
11 23 51 43 99
35 84 31 13 69
89 65 4 64 16
77 48 42 59 41
53 52 92 80 71
33 53 3 62 42
81 93 83 50 59
13 76 23 86 29
63 45 28 1 30
57 73 56 60 37
4 80 15 99 11
39 82 77 52 5
68 54 96 22 34
36 73 50 88 61
70 71 7 28 23
81 49 2 99 24
10 98 13 80 91
76 44 97 78 47
16 19 46 77 95
65 51 66 94 58
41 67 83 6 74
84 2 20 43 25
45 61 66 95 33
71 14 31 75 62
54 76 5 98 32
96 19 73 17 46
94 74 52 40 7
22 26 48 99 28
67 27 23 34 8
99
55
68
56
2
64
59
50
79
49
58
46
14
38
89
26
30
32
44
85
99
80
87
39
71
70
35
1
17
61
40
28
3
18
36
45
13
83
22
62
65
42
69
96
5
53
60
33
67
27
51
78
48
43
34
19
25
4
20
63
37
75
12
6
81
90
57
77
94
23
91
73
10
31
98
92
95
97
47
82
7
88
86
15
52
29
41
66
11
54
76
8
93
84
74
21
16
9
72
24
