3 8
14
80 62 59 36 79 42 1 15
23 49 28 38 27 95 4 58
16 22 53 29 69 98 93 55
58 68 35 54 60 72 19 45
70 64 69 53 21 97 92 1
88 86 95 82 7 3 90 80
1 88 21 59 61 5 41 51
15 43 77 63 72 24 46 57
32 82 2 35 36 66 76 48
54 76 20 45 52 9 46 15
34 95 28 77 35 7 6 11
82 38 67 8 53 63 44 75
87 16 75 98 86 9 45 99
8 92 49 15 95 89 20 27
91 1 97 56 80 18 21 88
40 4 18 53 58 27 64 62
14 71 49 72 41 37 90 95
5 79 77 65 76 92 67 43
52 61 81 59 56 94 20 51
2 62 21 24 54 88 66 48
43 28 3 44 32 78 26 16
23 43 55 63 62 25 6 42
22 2 38 27 52 31 13 41
49 91 12 84 79 67 58 95
9 2 40 51 61 94 54 43
11 44 8 1 95 24 83 45
60 38 67 42 65 56 35 62
16 34 6 35 12 37 36 8
91 10 88 61 56 5 13 42
53 98 28 11 87 55 46 74
46 67 14 40 33 95 13 11
49 23 24 19 85 20 2 8
52 18 71 59 55 72 77 4
55 38 76 52 85 10 41 68
18 40 83 66 1 34 98 36
79 57 7 11 82 51 44 8
53 89 26 70 76 91 81 12
69 36 40 99 67 82 46 2
85 79 48 27 14 73 55 71
70 12 4 78 74 58 10 43
28 96 14 63 53 56 9 44
89 69 83 15 77 30 91 48
41
34
30
2
6
66
1
56
85
9
51
80
95
27
75
50
37
79
77
7
22
14
13
45
48
5
18
84
10
28
31
67
20
26
32
96
76
42
78
57
12
19
