6 7
93
71 39 42 92 15 93 48
32 76 36 56 20 53 46
49 21 66 78 80 63 14
81 64 38 70 97 30 52
6 33 44 51 34 17 98
79 82 41 74 65 72 75
98 34 14 16 94 69 2
65 47 10 15 66 56 19
42 68 78 88 7 89 49
40 24 54 63 41 92 23
76 21 17 12 90 59 26
79 83 62 57 74 29 32
43 77 97 66 36 92 1
98 28 78 18 49 56 26
81 13 54 50 16 48 72
2 60 37 89 41 32 61
31 3 45 29 67 15 80
86 52 94 88 65 8 20
16 92 7 14 32 5 56
66 93 9 86 33 35 12
88 43 78 38 85 51 68
65 19 1 11 55 17 4
39 22 82 74 24 2 95
60 48 91 94 64 29 41
27 51 72 95 75 37 87
12 47 78 70 30 43 69
1 42 39 97 25 53 34
44 90 50 15 85 93 74
5 96 8 52 59 9 80
26 63 83 29 31 82 18
7 3 78 58 88 82 65
47 2 74 15 71 5 53
72 31 42 35 93 90 67
51 92 32 6 54 89 44
96 29 48 79 25 55 73
84 41 45 64 57 37 27
93 77 55 12 35 91 8
47 90 22 85 51 18 96
31 86 89 78 79 6 45
49 43 39 83 75 72 50
61 23 4 71 2 14 53
17 36 76 42 63 66 33
39 29 1 11 80 67 86
81 7 48 70 42 69 2
77 95 25 52 14 78 96
21 27 63 30 41 85 60
58 51 56 23 10 22 94
88 16 72 44 74 12 66
92 12 67 39 62 85 86
15 55 52 47 37 8 64
89 5 78 79 73 80 61
13 20 54 10 97 23 27
94 46 57 99 1 87 51
33 65 16 60 28 72 58
35 56 30 94 36 20 23
82 2 5 4 18 31 53
45 9 29 16 28 74 69
44 91 57 72 54 50 68
42 48 10 3 38 59 21
98 25 7 8 62 64 24
29 7 68 85 90 24 86
95 38 27 75 74 45 94
83 52 87 69 34 13 44
6 96 99 66 81 84 25
21 67 40 64 93 1 72
37 59 19 79 16 31 33
33 62 61 21 43 29 11
41 58 89 50 69 71 37
2 39 16 12 92 78 51
95 26 30 40 13 96 47
32 6 10 35 86 72 75
54 57 20 83 3 38 68
4 40 35 81 60 11 54
12 58 90 64 47 56 5
31 67 3 23 14 27 21
74 93 61 43 57 52 80
77 92 33 86 51 37 9
70 41 53 71 49 91 29
2 77 10 67 72 88 12
8 93 18 23 91 7 46
81 29 14 48 44 70 20
69 28 19 52 45 84 25
87 24 1 43 96 97 85
34 63 65 40 71 79 27
10 97 99 49 39 26 72
34 3 2 96 52 43 33
71 77 87 40 12 69 32
14 60 59 6 38 7 4
18 20 85 58 64 25 54
78 31 75 8 57 19 63
80 40 91 2 76 82 73
68 77 93 62 38 41 30
85 39 16 37 42 11 7
9 70 47 31 74 71 46
26 86 75 15 43 27 94
69 29 32 4 58 35 79
58 51 41 7 54 63 70
24 71 76 67 6 39 43
85 92 72 21 46 11 33
61 62 95 53 36 3 52
34 22 28 44 49 66 31
57 82 10 17 96 14 12
2 8 53 31 52 26 38
72 30 41 50 61 39 16
66 54 13 78 22 95 65
10 89 96 20 47 90 79
44 35 71 56 92 87 67
64 63 33 94 83 81 45
92 37 66 62 70 88 85
36 1 25 86 27 22 49
32 41 82 54 52 71 34
78 42 5 26 69 40 72
91 61 90 2 79 94 67
77 58 10 29 3 43 38
5 96 94 51 25 70 14
95 49 98 89 75 30 72
91 45 73 34 53 11 86
52 40 59 87 61 58 66
60 6 41 7 55 36 76
23 8 48 37 50 13 38
16 90 50 29 28 24 34
47 73 48 68 52 5 25
72 31 8 85 55 63 1
98 39 30 22 17 60 92
21 91 62 41 59 23 80
89 7 66 2 81 38 65
34 67 11 12 1 93 69
52 94 37 74 30 66 14
60 5 73 3 49 26 21
68 43 28 32 40 82 35
38 20 71 99 45 27 24
98 29 62 47 89 23 84
86 44 71 11 77 7 18
98 95 5 9 17 13 84
89 15 57 6 36 1 39
32 31 4 81 91 69 96
48 78 47 2 8 27 67
75 60 58 55 29 62 87
47 96 40 80 49 39 33
52 16 86 89 15 76 74
10 60 23 14 97 71 29
63 83 46 11 43 69 99
28 3 19 4 81 79 32
5 17 64 34 84 91 12
55 92 85 84 48 35 71
14 61 25 94 4 89 49
58 93 91 81 26 41 29
98 45 1 21 70 23 60
63 53 65 83 22 38 68
72 13 59 42 86 31 57
11 19 92 51 29 70 86
3 28 91 98 74 96 35
30 37 39 31 14 36 1
45 32 60 22 24 71 20
40 57 47 87 21 90 6
95 13 82 97 76 25 38
43 73 18 37 85 6 40
4 1 97 56 16 20 95
51 87 24 2 50 99 83
70 25 21 28 58 79 74
13 17 12 10 26 62 90
84 76 65 27 53 15 8
75 6 81 11 92 19 27
58 8 2 61 20 68 9
1 88 87 93 51 30 47
48 65 96 70 45 67 24
12 79 38 63 44 21 52
76 62 46 60 29 16 53
19 24 77 81 8 60 20
92 16 68 10 55 35 38
65 74 4 49 45 31 78
82 14 66 22 46 72 23
42 32 94 98 54 18 48
95 97 29 21 93 85 28
17 41 83 34 7 96 76
69 80 13 29 3 62 63
90 68 37 31 51 47 72
81 89 75 99 77 32 50
6 49 95 12 58 97 8
56 1 38 67 73 9 30
23 33 72 47 1 45 65
3 49 26 58 38 86 96
16 27 98 10 35 19 12
39 79 34 24 51 18 66
83 40 84 28 29 61 17
70 89 14 31 56 20 13
52 19 54 70 28 6 7
43 68 48 73 8 64 13
38 23 75 42 87 91 17
77 63 80 65 24 47 11
58 55 16 61 40 76 14
15 72 4 2 35 18 96
47 58 46 72 89 94 17
90 10 40 74 41 65 85
91 29 60 26 69 92 14
22 31 8 35 61 99 73
3 76 27 88 52 80 24
56 83 18 34 45 93 75
8 13 54 22 63 92 23
40 64 20 65 21 78 34
70 53 76 43 29 66 11
97 69 37 58 80 84 89
86 5 73 98 91 71 52
12 26 57 61 18 1 77
68 98 30 72 38 20 48
34 52 70 92 44 12 17
99 81 69 57 59 80 15
75 90 19 22 93 5 61
63 96 71 32 49 67 43
58 88 31 87 55 62 86
88 44 34 1 99 13 14
30 25 93 61 45 33 73
28 78 7 96 26 43 52
53 98 84 37 5 71 81
80 89 19 17 15 75 10
36 92 23 38 55 87 65
7 19 86 14 17 61 10
69 96 91 20 24 43 46
37 38 13 15 87 27 76
63 33 41 3 88 25 84
78 30 68 51 97 79 99
21 70 48 72 85 82 90
14 75 74 17 70 5 65
94 61 73 46 58 78 45
89 63 31 55 79 95 30
41 42 96 3 7 8 19
21 59 90 10 62 28 39
2 35 36 20 54 84 72
22 19 25 74 97 83 41
32 80 20 42 7 5 45
49 2 65 27 88 4 44
12 36 40 78 87 21 54
16 3 93 99 6 8 92
43 58 91 60 71 95 46
83 75 56 88 74 10 86
92 8 69 76 11 91 51
21 33 31 17 18 82 23
9 97 53 35 93 57 48
60 12 41 6 20 7 63
95 32 81 80 66 46 22
93 11 28 20 88 89 86
74 97 72 34 56 96 7
21 57 18 9 12 26 80
48 22 60 44 84 16 1
10 46 52 27 58 75 61
87 91 49 77 15 42 41
50 96 3 69 44 49 80
99 75 40 65 97 67 38
10 74 47 7 54 21 87
51 52 6 92 31 17 42
60 45 29 76 35 89 39
26 18 59 70 91 90 24
53 31 96 70 36 76 48
57 88 68 55 93 16 81
5 22 50 7 86 95 62
14 67 47 35 40 69 72
89 21 2 82 80 73 94
51 87 39 52 25 99 77
83 97 19 28 63 91 77
76 21 69 18 66 38 92
58 3 78 98 84 4 40
14 23 90 67 46 49 55
16 86 85 25 37 71 82
81 36 93 9 31 75 24
60 71 43 33 80 90 55
61 44 12 79 32 18 28
26 34 27 99 91 50 15
84 83 89 68 62 59 87
54 10 56 42 85 41 24
19 77 2 51 22 92 94
81 21 83 5 73 27 78
7 35 44 43 17 26 86
46 85 53 84 59 41 6
70 48 89 49 87 2 25
82 24 15 18 50 98 37
13 90 76 30 95 34 42
50 78 48 9 98 86 11
92 61 29 65 2 26 44
23 79 40 28 30 38 49
58 35 36 7 27 24 16
56 99 22 70 14 71 76
8 37 20 53 43 6 39
88 36 86 92 66 77 53
2 69 93 78 3 21 40
38 55 50 47 8 64 43
74 41 79 48 96 80 44
1 85 34 35 81 49 30
9 91 25 58 70 82 99
69 51 4 90 18 20 58
28 68 46 71 35 41 91
63 53 48 66 44 89 43
86 54 6 33 27 59 70
23 22 32 81 96 7 80
9 65 61 15 75 29 12
35 83 27 59 28 36 50
24 11 20 55 52 71 40
91 23 41 87 74 44 54
22 58 66 19 29 26 5
34 89 73 4 92 90 39
69 62 95 85 65 86 49
34 55 30 98 91 1 39
28 31 19 6 53 29 12
72 60 73 21 33 24 94
42 32 70 85 18 8 2
14 77 62 40 38 71 90
27 56 49 61 79 10 99
20 3 65 64 81 93 7
48 55 42 10 29 13 67
47 25 50 66 88 59 26
78 34 16 97 89 6 46
87 49 73 74 39 18 60
76 11 27 72 2 52 9
33 64 12 86 42 35 98
8 10 65 4 57 88 95
79 23 96 2 91 25 87
89 49 55 84 85 15 39
44 97 58 92 46 9 45
51 94 68 11 74 22 34
11 12 65 14 20 58 61
60 99 17 86 77 57 38
73 16 82 68 50 64 37
62 2 49 29 52 6 43
88 87 25 55 32 70 85
91 19 90 59 42 7 9
29 69 53 5 32 3 38
22 47 72 65 91 96 27
57 85 1 52 99 80 28
49 26 40 74 95 55 33
68 61 42 13 31 39 66
7 8 48 94 60 35 63
47 34 96 3 72 78 45
60 59 51 16 97 79 93
19 81 31 94 87 17 61
90 7 54 48 26 76 20
86 99 40 11 74 12 29
38 82 33 8 23 43 88
20 52 67 76 69 89 56
73 51 88 38 33 92 34
54 7 6 71 60 61 43
59 36 44 91 42 78 70
25 83 94 21 84 96 12
46 28 65 95 9 58 55
61 72 39 53 70 78 47
98 50 30 14 42 1 94
6 79 12 5 92 82 24
68 41 44 88 4 19 25
80 76 28 73 11 75 93
86 90 18 57 36 49 40
29 49 71 23 25 91 21
94 68 15 61 17 32 47
33 69 48 76 1 28 20
42 88 10 30 95 35 63
96 97 74 44 7 34 82
99 40 53 51 83 16 18
54 91 70 13 76 50 95
84 59 19 32 69 9 34
8 74 42 75 49 14 2
64 90 97 16 1 6 30
7 47 24 25 11 3 51
61 4 22 80 44 33 20
63 89 55 43 87 82 30
23 41 27 68 47 40 56
88 58 64 84 19 10 81
7 45 33 39 79 71 17
31 92 44 83 67 72 97
4 48 29 34 98 50 16
58 29 19 51 66 21 49
69 65 82 94 16 42 64
40 45 10 87 11 20 12
31 32 78 22 75 70 67
73 54 1 36 96 80 85
79 60 76 4 47 91 2
78 79 15 75 87 11 2
9 12 93 80 16 5 10
57 83 89 39 60 53 90
21 30 97 92 81 40 62
3 50 43 55 44 18 96
41 4 95 19 72 86 29
13 90 91 73 36 59 39
56 94 88 48 74 78 69
64 93 52 71 10 61 47
87 6 83 82 63 89 25
8 86 4 5 28 29 32
98 96 24 67 81 60 66
71 6 82 35 45 34 33
49 63 69 5 61 96 62
84 8 1 15 86 51 36
53 42 24 12 60 44 47
85 92 77 37 81 76 18
10 56 50 90 14 7 67
90 87 59 15 10 73 13
58 65 84 92 14 71 85
32 34 48 43 66 35 46
25 86 57 99 51 53 22
54 72 37 75 28 19 3
79 89 5 21 67 4 9
83 71 95 77 22 89 76
38 13 6 17 32 53 34
45 51 78 35 20 65 75
97 68 91 67 2 58 73
27 50 52 44 15 11 59
43 1 48 70 25 40 85
36 46 37 48 35 82 74
38 65 13 90 21 31 92
20 57 58 84 89 29 12
94 30 88 59 34 67 28
55 93 39 32 14 96 76
56 95 40 33 50 78 1
22 86 74 18 47 21 52
87 77 7 78 44 36 95
38 54 41 4 28 68 34
6 14 9 29 84 50 64
39 20 66 79 2 59 56
90 96 97 23 48 98 70
16 88 78 35 43 23 42
4 64 76 99 47 53 18
50 33 72 20 2 82 22
60 54 67 52 69 59 38
21 73 80 85 29 24 74
92 51 40 58 26 61 95
23 17 3 75 62 16 30
89 9 80 5 95 82 79
87 49 13 32 40 58 53
78 90 81 86 31 46 2
61 96 94 39 71 57 51
97 18 55 15 63 38 69
91 17 52 29 38 24 50
4 32 67 83 86 72 55
8 13 28 6 7 78 44
45 81 60 2 63 48 9
20 61 27 64 68 25 80
21 76 12 18 26 23 11
32 46 52 60 50 86 2
3 81 58 18 38 92 79
11 13 15 68 27 47 93
8 75 76 30 19 12 85
44 80 69 71 94 10 54
77 1 83 55 82 49 40
30 89 53 74 36 86 78
71 57 5 41 44 80 66
48 73 64 96 79 17 52
4 29 75 28 25 6 24
94 87 7 72 70 61 47
65 98 63 51 46 22 88
52 98 82 65 2 22 92
75 58 55 88 18 25 56
61 12 20 1 63 21 99
49 80 73 17 33 45 79
8 59 87 7 74 10 46
97 94 86 81 54 90 15
31 93 80 35 34 83 9
43 30 26 25 75 5 90
71 68 48 98 2 20 38
39 78 59 74 91 55 88
49 47 60 46 11 14 16
69 97 62 37 70 18 58
57 56 67 83 74 5 48
86 97 27 28 68 40 96
18 76 3 89 47 20 29
93 85 94 35 73 33 52
16 65 60 90 71 49 6
19 79 4 9 99 25 53
70 15 49 10 54 85 56
47 83 94 87 57 42 72
34 82 79 26 18 24 44
19 14 21 86 32 69 17
65 64 50 7 29 33 52
75 2 16 98 60 9 76
62 68 93 49 51 47 42
56 52 58 3 2 30 92
73 64 24 84 17 91 82
46 18 32 74 5 31 69
66 61 99 12 65 63 86
11 81 67 22 85 4 76
5 69 46 54 81 23 15
99 88 57 32 96 29 75
11 86 70 34 50 53 33
4 18 91 6 90 59 94
62 98 13 30 14 63 55
26 36 58 78 21 84 49
91 60 75 40 33 64 37
2 94 21 12 6 74 73
31 59 14 38 16 22 11
32 69 36 7 25 19 67
13 61 98 43 88 83 24
52 30 79 82 23 17 85
65 53 28 26 7 15 92
85 48 14 90 71 13 29
9 3 55 52 41 10 51
19 1 74 83 75 73 5
21 27 78 87 22 91 2
64 59 40 63 94 84 11
73 54 56 19 29 75 12
34 64 6 41 27 38 59
58 81 72 26 53 10 2
5 63 89 30 80 25 32
82 70 7 28 47 1 86
21 76 71 50 51 55 24
64 40 79 84 2 32 98
11 93 76 92 61 59 25
1 33 17 90 47 63 24
48 19 62 26 53 50 94
68 36 49 35 58 87 82
67 20 88 89 43 66 44
27 65 35 48 33 88 3
99 55 45 7 91 75 69
1 97 56 8 47 22 11
15 25 36 77 2 49 4
52 44 63 60 19 59 76
53 6 61 70 43 14 81
6 32 50 57 59 33 73
15 80 91 74 2 9 67
88 36 60 47 41 26 58
78 10 16 17 81 54 77
69 20 35 48 19 89 90
65 62 95 64 34 44 13
43 2 7 57 85 83 65
35 15 23 74 34 14 37
80 64 47 73 59 40 8
68 62 25 82 50 26 88
27 33 10 18 60 38 49
44 66 87 99 5 31 41
62 43 80 4 55 96 60
19 79 8 50 78 95 28
44 66 16 22 21 46 86
20 18 73 5 89 41 85
17 6 14 74 31 59 98
83 42 39 24 40 30 92
81 49 41 73 6 20 51
62 43 33 35 46 14 68
22 36 75 37 31 1 39
58 84 32 9 90 17 86
13 2 65 18 89 94 92
93 24 3 60 50 53 28
81 74 38 68 72 4 82
49 34 66 11 15 39 56
51 97 19 50 52 59 23
46 10 44 61 35 73 87
65 54 96 28 40 32 31
60 71 99 18 5 24 25
80 69 99 70 75 79 32
23 76 63 53 91 57 68
43 29 10 1 5 97 41
65 44 59 52 50 81 78
40 39 82 2 93 71 73
17 30 14 92 54 35 56
68 17 76 32 31 61 9
11 93 3 56 67 85 28
88 97 74 50 59 89 41
78 73 71 45 53 69 16
91 33 40 44 36 38 79
75 63 80 37 18 98 99
90 28 69 86 22 53 9
73 83 26 85 65 67 21
99 16 40 55 30 59 13
94 15 35 70 20 50 33
62 57 81 38 2 77 17
32 4 66 95 61 56 68
37
42
65
81
46
17
6
53
76
58
31
96
64
27
62
89
98
69
35
91
84
37
30
14
3
90
26
72
10
57
18
86
71
56
52
79
94
55
