3 9
15
42 8 20 33 46 22 44 62 35
37 13 60 79 14 85 18 61 16
93 74 7 4 5 80 97 78 73
20 98 9 41 94 11 73 35 77
88 66 23 24 15 51 87 6 10
30 82 48 80 79 33 47 61 45
13 65 26 44 72 49 62 28 58
48 18 35 84 12 7 86 74 24
77 36 38 57 3 88 60 40 71
77 90 27 3 68 14 97 49 17
81 7 10 33 18 57 6 22 89
83 69 70 91 28 45 62 52 13
88 56 74 51 82 45 52 6 28
93 53 60 44 9 64 8 46 43
83 22 80 57 25 81 96 48 39
19 50 98 62 22 74 7 47 78
13 66 35 53 67 2 54 89 86
87 36 84 58 26 73 99 72 44
46 87 60 71 23 18 12 14 66
38 42 56 62 34 75 50 69 57
61 49 86 36 6 81 58 40 83
83 58 34 47 18 20 35 97 44
63 15 13 5 50 84 32 79 54
75 12 25 68 4 69 43 71 64
26 19 47 59 48 33 62 8 58
52 43 96 30 6 88 10 75 3
57 12 53 23 78 7 24 87 64
2 35 11 42 72 31 33 51 3
16 14 26 67 43 36 5 75 41
70 63 29 92 40 15 66 65 17
85 72 7 58 68 29 4 9 89
92 22 18 79 19 73 69 28 93
38 1 90 98 76 61 80 56 71
70 72 29 45 31 57 24 18 26
78 93 23 42 11 39 34 44 71
5 43 47 80 77 90 98 15 52
79 91 87 6 25 37 36 1 66
14 78 74 96 51 26 23 13 92
16 53 42 52 71 5 98 88 80
46 59 91 12 54 72 9 67 71
18 25 16 76 98 28 49 69 58
64 31 34 1 27 26 60 65 94
52 27 89 79 26 49 37 30 65
73 25 7 22 41 17 2 33 91
15 68 51 44 20 70 53 3 58
8
51
52
16
38
6
25
87
74
