5 5
96
69 96 12 35 59
31 99 42 4 34
90 2 83 73 53
60 88 26 81 37
9 63 92 3 30
30 91 92 29 69
23 55 16 64 63
6 14 61 65 87
34 58 94 42 49
35 28 45 20 59
50 40 99 28 81
13 25 78 49 87
73 65 47 62 17
91 97 33 89 4
5 45 61 46 44
9 92 99 4 3
16 62 12 20 38
24 14 82 1 91
52 31 36 88 11
13 83 85 43 78
6 21 24 79 15
76 87 99 13 88
46 92 59 95 69
67 1 25 26 39
84 14 83 30 89
99 71 38 17 78
14 11 87 31 68
83 98 86 57 94
40 80 49 43 56
82 52 50 45 32
47 92 18 40 89
51 39 64 77 4
75 94 90 86 7
5 49 37 95 98
36 16 50 79 53
12 47 26 65 33
89 2 36 5 35
16 51 83 15 23
94 38 29 32 52
18 80 54 48 61
14 68 63 94 16
4 36 47 88 45
32 20 84 57 9
82 80 81 44 60
39 7 72 53 30
8 81 26 45 87
78 44 32 36 15
76 10 28 39 85
68 61 77 14 93
35 62 33 4 64
76 68 74 86 35
10 79 9 60 96
40 87 14 23 89
30 48 4 44 15
2 70 33 80 42
18 79 47 82 16
98 73 27 34 39
58 50 37 35 76
97 31 92 96 80
8 68 88 59 4
65 60 14 93 2
4 31 43 96 76
30 6 22 75 20
63 24 37 44 16
70 73 99 57 8
57 17 9 83 69
73 21 89 56 98
46 14 1 27 90
87 71 79 80 10
48 5 64 8 28
20 30 41 80 97
26 31 99 11 33
25 13 57 72 51
74 4 5 35 28
22 70 29 58 71
99 34 98 28 17
18 74 93 4 92
53 9 50 68 5
23 42 75 54 2
66 89 16 64 49
56 36 97 78 35
20 95 65 90 38
3 46 42 82 27
84 91 28 66 40
89 64 59 1 33
69 87 78 54 15
80 52 16 66 79
59 65 46 19 85
17 27 12 24 8
4 53 60 18 91
41 38 63 47 73
65 33 55 11 56
50 94 16 71 85
9 19 31 79 89
4 46 26 15 93
69 28 82 75 47
78 93 60 21 43
58 23 88 22 20
91 71 35 32 64
3 84 59 24 17
38 53 94 20 74
23 51 19 84 57
24 59 99 45 98
39 80 82 86 70
30 42 8 9 93
80 47 39 85 20
90 12 36 95 10
41 15 31 91 54
23 55 59 7 17
8 38 9 82 61
32 35 34 84 42
37 21 48 50 49
60 40 98 12 88
95 28 46 75 31
8 97 59 33 91
93 59 73 62 31
57 15 65 9 41
40 7 51 38 23
10 56 72 91 67
89 1 69 60 76
3 54 56 46 21
40 90 84 17 70
41 30 50 19 22
23 34 26 39 72
92 82 59 61 44
62 99 89 33 4
87 56 97 49 96
24 5 19 70 69
61 29 43 36 31
80 60 15 71 53
51 48 29 4 14
38 64 40 98 59
41 7 1 21 56
50 75 24 90 67
60 70 99 85 72
99 51 37 87 30
86 8 14 16 77
78 22 35 95 20
53 47 65 89 49
17 80 60 40 94
6 97 75 58 28
9 62 69 96 83
36 37 30 66 61
41 48 27 77 35
70 72 22 13 81
82 17 31 81 37
1 74 12 46 93
68 85 24 69 84
59 6 67 94 92
22 14 80 51 73
79 6 51 96 3
44 92 45 90 60
11 67 62 46 97
84 37 93 47 20
14 83 34 59 98
74 32 83 66 13
39 63 35 94 50
97 24 77 33 16
3 48 42 15 44
40 69 37 93 56
40 73 99 87 21
13 85 44 61 51
2 18 65 59 39
89 71 31 96 36
27 93 70 88 19
99 4 79 41 57
93 34 98 53 52
36 10 13 63 96
92 30 32 31 78
87 70 60 15 81
56 87 75 34 91
88 71 84 58 50
3 20 36 63 69
15 17 13 62 19
98 28 45 11 44
75 29 57 98 67
80 71 86 16 41
69 19 30 7 82
46 8 50 22 53
90 24 37 9 2
83 45 80 75 64
96 54 70 82 18
77 69 47 81 73
6 62 29 3 31
14 63 20 49 33
57 3 73 26 45
46 77 38 72 12
17 75 34 83 22
71 53 81 70 30
78 84 31 68 59
14 21 61 12 67
30 36 19 40 43
70 87 64 41 97
54 55 88 13 65
26 66 7 18 96
22 39 76 19 53
60 20 73 18 45
35 54 13 14 57
26 64 85 75 9
65 86 16 17 78
60 14 23 33 50
56 34 92 44 70
80 15 67 83 74
51 19 53 4 48
65 77 43 28 13
39 2 54 35 46
14 99 55 44 84
80 36 82 87 76
61 90 45 13 68
75 74 41 85 42
8 62 30 4 40
98 45 77 85 90
80 1 33 28 7
96 71 55 10 35
32 11 13 79 5
13 8 4 68 97
56 20 39 96 67
69 80 98 19 93
28 5 58 82 15
51 24 99 32 90
22 36 34 46 45
82 26 27 87 86
95 16 29 62 65
39 47 90 98 8
78 48 18 85 9
73 43 9 61 74
1 30 92 29 54
51 88 52 81 23
12 48 14 33 87
10 78 77 60 37
28 61 77 79 27
41 80 62 7 54
58 30 86 89 48
49 24 32 36 44
60 4 59 3 53
4 37 54 41 61
68 63 36 93 24
38 47 60 96 88
33 78 9 23 62
70 20 7 28 25
30 4 99 8 44
96 53 75 35 42
59 28 95 60 40
57 88 77 86 2
64 89 80 66 98
39 53 8 99 11
32 56 10 69 28
20 66 88 18 61
37 71 76 17 26
16 98 81 87 86
2 73 49 26 93
94 42 20 31 74
85 1 18 45 29
82 87 3 25 69
60 64 24 40 59
87 50 59 60 19
9 24 47 89 95
41 3 7 13 14
61 86 37 96 55
46 93 66 74 38
64 36 65 67 95
4 20 5 19 3
74 33 99 45 56
16 48 34 43 59
87 98 97 71 82
96 86 48 27 88
24 64 13 37 25
89 63 3 6 57
5 66 72 62 34
11 26 61 21 53
88 28 40 29 30
1 75 42 18 61
94 93 67 77 90
78 86 89 69 64
87 15 32 34 20
41 67 55 61 51
42 37 63 76 4
15 77 71 10 13
7 83 49 74 35
19 40 22 18 26
59 57 55 42 94
15 35 38 73 34
77 79 52 11 50
13 20 17 75 98
4 47 33 60 7
91 28 32 47 93
35 86 89 3 88
36 97 30 62 15
69 22 74 77 60
94 81 87 45 95
81 58 39 32 35
29 63 3 46 69
31 30 19 48 52
36 96 68 27 41
99 83 38 97 23
50 26 53 22 5
71 52 17 45 77
92 3 25 27 34
37 35 74 99 15
8 94 40 13 57
48 99 30 82 79
27 36 68 53 81
15 90 74 54 92
59 64 86 40 26
98 2 23 20 67
3 17 7 92 51
38 76 15 4 39
83 87 84 37 80
45 57 52 86 34
19 35 29 95 54
82 19 1 15 36
4 97 50 56 70
25 54 26 22 81
5 60 68 99 84
48 57 3 96 6
93 86 58 56 99
34 28 47 1 94
13 20 30 55 5
96 88 60 26 89
71 7 41 73 9
30 3 26 9 76
41 97 49 65 5
18 72 56 37 85
62 79 4 25 23
90 31 80 8 29
84 34 35 14 89
67 94 78 4 21
75 6 74 13 43
68 50 8 61 79
29 82 31 10 23
32 18 53 13 97
96 30 89 48 54
51 99 17 25 77
67 35 85 36 62
57 23 87 33 74
48 31 40 78 10
34 83 58 59 82
94 80 61 71 21
56 50 26 72 47
13 7 44 43 29
88 14 19 38 68
86 7 98 39 75
26 5 1 16 84
71 41 96 58 8
6 4 83 61 59
71 54 11 16 59
42 49 62 14 4
34 6 92 3 72
70 21 85 64 75
77 60 68 57 52
58 86 70 38 21
24 98 41 40 19
18 23 36 97 83
68 67 35 16 78
80 6 59 28 74
53 40 90 15 87
74 41 63 3 14
79 96 65 68 92
77 13 82 57 72
18 28 39 16 59
94 18 26 39 60
11 42 49 61 29
21 35 51 25 63
13 78 30 17 84
56 57 37 76 67
59 85 57 67 39
9 18 74 96 49
76 34 2 48 75
26 54 93 52 30
50 5 73 56 14
72 38 54 4 82
75 73 59 16 94
61 86 34 91 84
11 64 63 27 49
60 68 18 31 21
36 14 95 57 58
91 8 47 21 29
97 75 69 25 48
76 35 17 89 2
30 9 62 88 64
76 24 87 74 21
73 72 55 66 19
63 62 30 47 39
42 96 58 70 59
75 57 91 18 23
93 84 40 17 59
70 58 56 60 39
50 72 20 71 24
36 64 38 57 28
87 52 89 65 44
15 22 91 59 64
97 51 63 49 29
83 10 44 32 45
31 40 7 42 3
14 98 60 57 5
95 17 88 31 63
84 11 91 23 96
8 13 2 35 14
65 69 98 81 30
44 32 51 12 26
74 61 94 3 49
8 30 71 36 70
33 17 31 97 37
88 10 69 35 87
40 95 73 4 32
29 15 17 99 52
73 60 31 74 14
20 32 16 7 66
24 46 70 12 98
65 90 2 23 54
89 22 1 30 61
83 24 74 75 97
35 7 36 56 90
55 29 49 38 46
2 57 48 4 16
5 36 8 40 42
91 26 2 44 77
7 56 95 39 71
18 98 74 45 10
29 75 3 13 57
19 7 84 43 21
2 37 62 97 66
69 86 73 47 28
49 45 80 55 81
34 15 17 8 57
21 78 23 46 60
33 85 38 91 76
54 10 15 28 67
58 39 73 66 75
45 1 43 51 3
79 72 70 14 86
67 81 21 13 37
94 39 34 57 63
56 51 17 46 76
31 23 41 69 82
10 70 26 44 61
58 39 67 95 53
87 47 50 91 41
24 1 22 6 42
72 57 18 37 77
37 49 89 9 31
66 77 35 41 85
18 93 34 45 17
70 39 52 65 94
47 91 4 58 69
50 96 60 62 41
69 37 63 56 61
45 89 15 25 10
42 91 86 71 49
74 6 54 48 83
25 20 39 30 6
63 23 77 80 29
10 52 1 53 19
65 24 85 21 76
93 22 16 73 89
62 41 25 74 9
40 34 80 36 14
26 18 64 50 65
61 32 53 83 77
81 89 20 13 19
8 47 42 23 9
38 32 91 92 13
70 71 72 10 11
68 63 35 82 85
79 28 69 18 67
18 10 46 75 57
23 50 25 71 42
37 85 34 63 7
6 84 95 47 39
54 32 44 96 33
53 67 59 99 3
25 62 30 95 94
40 75 21 90 66
73 18 69 14 29
34 38 88 57 78
95 91 38 69 16
8 73 44 19 94
74 7 92 59 56
67 15 37 80 2
18 75 83 27 20
91
31
61
64
96
76
67
88
78
9
71
56
12
29
36
66
37
86
73
34
58
65
51
93
6
44
54
22
35
68
60
11
52
38
95
75
23
20
7
2
98
83
46
90
33
87
4
24
42
85
1
19
92
53
40
27
41
72
47
74
49
13
70
10
94
63
69
80
89
62
5
16
57
48
21
17
8
82
30
45
55
39
50
14
18
91
26
77
59
43
84
81
