9 5
5
74 18 63 71 70
38 49 32 27 51
65 5 20 25 54
2 85 28 76 57
44 52 8 87 91
60 99 89 47 26
33 22 36 93 95
90 7 42 84 66
21 75 79 59 13
22 81 90 26 80
8 89 67 48 82
9 73 6 51 92
39 43 93 33 95
98 56 42 1 35
88 96 52 50 53
79 65 77 74 5
75 99 46 54 60
20 83 71 38 16
90 53 26 28 66
10 57 48 73 32
50 11 22 49 3
31 86 8 62 69
9 44 2 45 71
20 92 46 55 40
65 97 18 59 41
38 17 70 6 29
37 61 35 77 5
5 17 83 9 29
38 73 10 80 8
82 97 28 39 6
12 26 89 70 77
40 81 50 49 74
15 61 16 64 42
23 54 57 55 95
36 19 32 33 92
65 25 87 76 14
57 27 79 5 20
60 70 78 84 9
24 98 37 13 92
61 31 73 97 76
88 26 68 83 34
19 90 22 65 72
62 35 42 87 8
30 21 66 17 96
77 2 16 15 86
67
33
79
10
20
96
35
65
66
34
31
93
99
80
97
36
27
82
26
6
76
81
70
89
94
52
78
95
32
84
56
13
72
91
77
57
54
1
75
88
7
51
47
25
86
16
5
9
39
19
49
12
98
50
17
29
44
68
45
55
28
83
46
23
59
18
69
2
