9 5
76
39 16 13 68 95
86 73 80 58 88
98 67 70 81 85
6 44 11 2 38
45 48 3 52 65
71 9 50 54 15
75 87 90 78 72
29 47 41 77 62
27 25 32 20 8
29 42 66 78 90
6 55 33 71 47
23 70 61 98 16
65 30 52 77 89
40 5 82 1 91
36 4 53 41 62
32 73 21 94 28
57 37 88 69 81
39 60 92 27 84
90 96 74 36 23
29 79 14 1 50
65 84 15 86 55
20 45 30 78 40
38 95 44 3 99
41 24 73 81 51
75 27 34 32 12
28 57 68 31 42
71 85 7 80 11
88 39 83 35 49
18 5 67 68 22
46 65 96 97 44
74 17 75 72 78
31 53 43 50 25
45 62 2 6 84
16 23 70 11 80
7 48 99 1 81
57 55 21 87 38
30 12 64 29 17
24 14 39 66 35
13 92 34 75 67
21 45 78 84 56
61 7 62 72 90
77 9 70 28 79
3 15 6 88 85
8 31 43 87 46
59 58 16 86 95
52 85 62 87 65
71 68 7 36 23
51 42 35 77 60
11 89 70 80 98
78 53 93 75 5
43 66 2 10 82
57 8 67 39 63
3 17 15 74 31
19 48 27 95 59
8 11 74 96 34
44 14 38 50 40
56 63 90 51 45
27 9 28 4 98
35 20 58 70 79
15 10 16 41 99
54 21 31 94 66
80 69 3 64 83
76 97 59 57 71
47 66 64 2 33
53 31 71 49 70
39 11 81 60 7
77 30 98 40 91
28 46 20 12 1
93 41 44 76 83
27 73 63 17 82
55 78 18 36 10
92 38 88 86 26
70 76 92 63 20
39 27 50 22 53
89 96 40 78 73
93 12 66 88 94
41 11 61 8 34
69 80 30 23 21
60 75 58 55 64
51 72 99 37 25
18 71 6 95 52
96 59 56 94 7
9 95 24 16 48
74 86 55 54 82
75 8 77 27 47
69 32 68 71 4
14 67 28 18 93
91 10 85 70 63
53 43 15 87 81
60 92 61 30 33
6 63 14 83 33
27 24 64 3 82
4 31 28 99 23
93 34 75 77 43
65 40 21 70 52
20 54 16 18 35
36 11 81 26 92
2 88 91 73 96
10 53 69 84 98
23 96 12 57 17
49 65 18 91 51
26 44 31 74 87
14 84 20 22 60
93 42 83 33 21
34 71 38 9 63
19 77 37 92 8
52 47 41 30 27
72 10 67 36 32
27 46 61 51 44
85 99 41 32 8
39 26 95 94 28
62 63 72 33 78
21 96 73 53 76
49 1 89 56 42
90 82 75 3 40
25 50 93 29 2
34 64 98 52 92
7 11 41 17 88
6 3 55 22 43
70 65 33 50 96
51 66 97 79 34
95 2 38 26 20
1 75 60 12 42
53 80 67 30 16
56 85 45 36 25
15 31 57 49 10
63 80 64 11 9
53 44 33 47 57
50 66 35 4 98
18 21 75 10 48
25 85 88 14 29
59 83 26 40 93
30 78 51 2 60
8 55 70 34 69
49 22 92 79 54
77 96 58 53 42
11 30 32 97 17
19 22 50 51 71
66 54 76 78 36
35 37 24 64 92
89 85 56 44 61
29 39 95 79 38
45 41 59 69 16
57 7 67 73 14
9 26 93 75 38
61 55 41 62 34
37 70 12 60 53
4 80 28 45 66
42 57 64 56 43
27 84 11 18 51
19 52 1 8 92
99 14 16 59 7
32 89 33 69 88
57 50 78 62 97
2 47 74 48 89
6 25 8 44 64
70 71 73 9 10
96 16 37 56 40
35 72 26 11 95
60 65 88 82 28
98 87 23 69 59
77 31 46 49 75
72 88 87 41 23
54 98 36 46 83
63 71 90 1 97
69 99 3 51 50
65 7 16 32 53
39 76 96 94 10
26 43 68 13 33
20 56 4 14 81
95 25 86 35 70
64 91 13 78 24
23 29 58 92 44
72 97 70 11 52
61 60 89 45 51
42 12 53 66 8
65 19 14 36 54
80 83 62 94 87
71 46 6 40 16
7 50 31 4 39
29 3 18 23 79
8 74 88 12 91
82 25 5 34 33
72 96 95 98 37
28 38 13 51 16
46 22 2 99 83
21 69 87 9 73
86 78 52 20 92
50 49 6 61 40
90 30 88 28 16
40 71 81 67 4
70 15 24 86 34
6 93 17 83 53
38 33 10 75 56
58 77 8 62 89
78 59 19 18 14
27 51 45 79 21
11 82 25 26 12
54 47 98 11 67
92 51 78 97 70
16 87 56 12 85
46 86 18 81 45
39 35 48 72 22
41 7 20 73 5
66 15 34 25 82
74 31 1 21 2
4 63 95 13 94
99 92 14 68 12
6 46 45 75 7
55 71 29 74 5
98 3 16 50 53
80 28 64 67 81
1 65 17 72 15
39 96 47 85 8
84 91 23 51 42
21 4 43 83 70
48 77 59 69 67
47 41 52 62 95
4 39 21 73 72
10 19 34 16 56
81 83 12 5 14
92 23 35 32 90
58 93 42 98 89
25 64 85 55 51
79 99 37 76 9
10 27 50 49 88
89 40 82 72 78
70 24 36 21 75
48 43 38 23 92
4 47 6 39 90
14 28 58 53 20
93 34 79 9 67
84 11 80 5 52
68 99 16 41 97
83 81 74 23 80
7 51 72 59 26
53 63 5 60 3
66 27 84 22 58
32 68 76 36 97
10 40 47 94 90
11 12 77 42 31
54 37 14 49 25
99 13 35 46 52
10 33 51 37 84
45 55 27 17 94
87 81 3 56 29
68 63 89 4 12
60 38 30 36 43
88 99 70 77 62
28 92 64 47 11
83 19 7 91 59
13 80 40 73 61
88 92 44 47 81
7 2 95 40 65
64 45 15 55 41
69 24 10 5 30
68 91 97 21 32
14 71 20 36 96
87 42 56 77 38
54 50 51 46 33
4 23 18 67 89
68 28 32 31 84
97 15 11 9 90
94 25 4 33 14
30 1 80 70 26
93 44 5 62 47
53 61 42 89 57
78 98 17 40 75
3 83 21 34 77
20 56 76 37 91
59 40 52 81 98
67 68 15 46 78
48 89 26 31 65
87 27 5 57 14
18 20 99 33 88
84 85 96 56 64
22 10 66 77 92
43 6 97 2 95
73 30 58 62 51
35 65 46 16 9
63 20 50 42 31
19 7 1 81 49
24 75 52 59 32
44 79 10 12 92
11 39 91 69 57
34 98 14 23 36
60 83 22 25 53
21 89 94 41 67
85 80 88 67 6
61 54 48 53 18
2 89 71 63 76
70 55 4 58 7
27 96 98 97 92
24 41 26 38 45
62 94 39 40 3
64 32 59 35 93
8 95 9 12 42
47 56 15 69 34
67 22 5 74 4
38 25 73 21 36
60 6 87 75 24
29 86 80 54 98
58 93 85 49 90
31 89 3 26 35
64 7 51 30 48
70 32 44 16 78
41 27 79 40 48
86 34 85 95 46
57 30 32 38 59
93 99 73 47 61
8 11 42 88 45
2 82 89 50 6
75 77 66 14 10
21 9 78 83 56
71 37 13 20 97
37 90 34 21 69
49 71 38 80 58
50 51 4 18 77
92 70 6 53 26
76 15 12 45 20
82 75 27 35 29
40 59 88 36 83
74 85 54 31 91
2 41 28 11 48
55 59 85 83 61
25 63 97 34 11
82 71 31 10 39
24 29 98 18 42
57 3 80 19 45
30 16 36 46 92
21 26 43 8 86
17 70 94 6 12
96 14 20 87 2
82 89 56 98 58
99 39 69 31 45
32 28 55 16 92
63 47 96 49 4
42 18 7 94 50
88 76 60 44 36
73 61 57 75 21
86 40 30 17 6
91 33 8 23 51
68 47 98 9 6
89 75 97 2 48
96 11 46 74 59
56 77 86 14 33
41 57 40 5 26
71 69 20 55 76
18 85 95 30 79
37 99 42 50 72
22 21 90 62 87
41 66 68 61 19
99 3 96 37 90
84 65 74 69 93
64 28 29 7 71
15 89 51 80 82
31 6 75 87 11
91 9 97 62 98
73 72 42 60 38
94 25 58 79 85
48 84 9 49 2
54 68 21 85 40
8 55 17 98 70
99 30 89 44 79
11 37 28 29 50
41 13 43 15 36
19 18 31 61 45
1 93 22 83 24
46 5 86 94 81
13 89 35 47 66
70 16 32 12 5
79 4 86 78 57
51 42 77 20 39
41 55 46 24 45
17 82 3 81 6
61 2 64 73 92
96 91 52 98 50
8 76 65 10 74
53 7 25 73 19
56 82 44 86 35
15 79 81 50 92
46 40 42 51 96
20 59 6 62 21
43 94 90 77 65
63 97 24 99 3
41 18 47 12 32
85 49 84 30 60
74 22 87 57 88
72 82 35 39 8
91 26 68 38 49
64 1 23 6 54
33 7 66 69 29
63 42 98 83 90
94 77 96 18 84
58 59 93 51 56
78 79 40 73 43
50 96 65 7 67
88 40 31 68 21
57 29 12 15 54
93 95 23 14 43
61 34 48 1 53
45 74 99 6 78
2 39 41 79 84
98 76 17 77 27
71 16 52 51 56
10 35 8 22 63
5 67 39 27 78
16 65 97 40 6
46 77 3 53 49
37 85 99 81 55
7 73 28 58 1
66 86 15 60 9
29 17 89 19 14
33 52 44 12 24
94 78 30 20 73
1 17 96 12 65
2 48 39 82 57
85 59 70 64 79
3 90 38 16 8
87 18 44 61 14
80 4 89 13 76
7 49 55 58 15
66 77 25 43 35
31 84 73 33 9
10 94 78 4 29
5 20 57 53 66
99 44 16 89 39
97 15 65 50 61
27 13 41 11 47
62 93 14 12 28
2 38 64 55 26
80 68 6 23 92
53 66 88 65 52
91 76 43 48 14
20 23 37 64 70
27 99 31 22 63
69 17 98 24 71
67 75 80 51 86
40 78 95 89 4
12 77 19 21 68
6 97 32 60 92
1 20 60 21 8
19 67 58 96 45
71 99 42 65 52
86 82 41 49 84
74 7 50 98 76
47 15 54 80 44
31 79 13 14 48
2 73 81 97 75
32 24 51 12 93
38 36 7 40 67
71 32 4 95 1
33 96 64 76 18
30 27 9 99 29
89 63 59 19 92
10 8 35 81 23
83 75 58 56 84
34 50 88 37 26
55 14 22 86 12
1 72 2 60 46
22 37 35 11 91
78 67 82 16 96
92 63 30 56 94
12 43 17 87 14
39 32 38 6 81
86 5 49 42 70
18 44 69 7 58
90 51 61 28 77
50 57 18 43 76
53 62 97 24 87
77 26 81 47 56
54 95 6 73 29
37 25 61 51 63
45 67 27 59 82
72 98 39 20 70
38 44 79 21 34
23 4 46 83 69
10 3 86 96 20
92 47 23 50 59
78 2 90 40 71
52 29 57 32 91
84 30 85 53 73
43 55 8 45 82
60 74 27 28 95
99 14 68 22 87
16 42 5 39 61
54 11 67 74 76
14 78 12 58 97
52 9 24 45 37
95 26 65 72 28
13 81 31 5 59
83 39 71 85 98
42 84 16 70 96
2 57 61 46 66
73 1 79 56 32
81 65 94 83 10
95 55 99 25 8
62 13 43 41 84
9 16 15 86 53
98 49 12 67 11
97 73 75 27 46
69 22 37 51 66
50 71 20 32 42
61 44 88 21 54
56 70 10 3 22
71 19 92 60 35
98 77 84 49 68
31 50 39 89 91
72 93 88 82 20
4 15 66 14 17
9 33 11 87 2
97 83 16 48 67
95 26 12 23 13
25 71 44 32 51
82 37 43 17 10
80 90 24 31 46
74 54 97 50 21
57 75 42 4 34
64 2 77 66 15
28 35 18 91 38
73 9 1 60 92
29 36 81 95 86
24 96 1 56 27
33 55 46 87 2
51 79 29 6 84
68 99 39 18 89
17 50 85 76 9
31 25 41 72 69
59 37 93 36 63
53 23 90 21 34
66 5 70 3 44
31 12 99 38 3
59 56 91 26 44
96 9 52 39 86
19 60 80 65 43
16 76 37 71 85
35 83 92 34 89
63 1 21 90 53
41 2 46 81 82
79 64 20 95 57
19 42 81 6 12
97 47 74 61 45
35 13 33 98 70
11 65 84 82 66
25 39 91 36 80
49 94 50 4 14
51 55 30 20 48
40 41 34 27 38
92 95 62 5 76
36 95 79 67 81
61 78 55 14 74
1 8 40 41 2
97 47 34 22 20
64 35 94 87 59
19 9 69 70 11
68 12 84 42 18
13 4 44 75 46
83 27 7 30 76
52 62 22 29 89
55 80 13 64 9
41 65 30 7 94
90 35 40 43 16
23 21 5 12 70
46 47 18 93 97
95 17 32 88 83
78 24 79 76 45
27 75 49 77 58
47 69 55 61 11
50 8 59 91 88
66 30 82 72 74
33 13 84 65 64
93 92 12 25 97
19 26 21 77 56
98 23 17 78 85
67 18 58 34 29
63 96 10 48 51
77 93 82 19 67
48 61 27 51 54
66 86 38 31 95
94 72 90 47 7
22 45 99 88 73
20 68 12 10 49
69 21 83 74 3
33 81 57 36 92
28 65 42 40 91
10 55 79 41 81
65 74 87 90 82
98 26 77 48 63
69 68 18 19 85
5 76 60 15 23
72 30 2 78 66
34 46 17 22 91
14 24 70 16 62
13 88 3 67 1
60 48 97 77 65
70 49 83 56 57
14 25 39 85 27
99 28 68 12 23
10 82 47 32 9
53 7 19 72 44
40 24 6 38 76
61 41 3 71 55
93 8 94 1 13
10 75 6 26 25
63 43 42 60 56
31 88 64 33 72
57 67 34 41 51
65 50 14 83 36
91 7 61 48 49
85 89 59 86 39
98 79 46 11 90
84 54 77 13 87
52 17 6 28 71
25 50 75 85 59
2 88 78 21 7
26 76 51 67 16
98 40 93 3 36
19 39 44 38 29
55 81 43 77 91
65 5 18 90 69
54 97 27 64 82
93 40 4 56 75
31 63 51 98 12
8 83 19 35 64
61 32 88 55 57
11 92 36 29 70
10 86 90 34 2
85 39 6 78 95
87 16 47 74 69
42 27 7 52 14
11 36 81 51 58
96 7 43 79 67
37 44 95 16 86
91 66 45 41 25
5 4 19 24 17
35 70 59 62 56
10 20 97 8 75
89 6 29 61 28
52 73 69 21 38
66 85 23 7 33
60 57 19 87 35
39 21 81 86 5
83 46 78 56 89
4 96 88 18 29
69 8 91 90 1
31 11 51 82 59
75 61 25 97 53
45 77 65 93 27
26 44 95 2 15
42 73 30 10 54
35 98 23 56 22
53 17 41 47 36
7 75 1 38 24
4 72 45 16 5
77 93 14 37 87
68 57 46 78 62
69 34 39 59 64
88 58 73 80 4
66 19 48 14 11
96 36 92 42 89
75 20 3 64 21
34 28 45 38 6
76 60 37 5 84
78 56 70 95 8
63 39 99 67 29
2 40 41 55 57
56 21 57 62 19
88 64 65 78 36
31 17 81 54 1
25 44 5 72 11
6 16 95 15 26
71 32 91 96 86
50 99 49 51 67
66 45 43 90 63
83 20 80 30 38
42 13 73 20 49
7 70 53 65 29
78 98 47 51 72
57 5 23 22 94
59 85 74 69 36
46 6 62 38 55
64 91 27 89 1
68 50 31 71 19
77 76 93 56 24
69
57
3
83
47
45
58
77
15
8
18
54
56
13
81
44
46
93
12
49
27
79
37
2
72
84
99
60
50
94
22
88
33
21
55
74
86
26
78
90
91
14
68
20
52
67
61
87
89
85
38
40
97
62
65
23
39
71
5
82
11
32
92
76
69
1
10
64
66
34
