9 6
75
20 6 81 97 15 34
32 52 58 86 74 30
41 37 79 1 91 55
60 18 62 59 70 85
88 26 4 75 31 43
12 39 72 42 57 82
8 47 21 9 7 98
50 13 67 64 96 11
17 46 71 84 2 38
29 10 46 40 69 12
92 70 59 30 80 96
7 38 3 89 85 24
83 26 73 31 48 71
82 16 86 91 67 98
79 55 61 21 19 47
76 97 64 37 56 65
74 33 87 88 5 18
20 54 60 45 2 49
67 95 50 90 71 62
36 42 31 6 84 86
87 28 45 99 58 60
91 47 76 78 73 48
21 64 23 27 39 2
72 18 16 79 35 55
85 88 34 43 4 51
75 33 61 32 81 96
17 63 46 20 22 59
88 40 97 8 47 2
57 38 74 65 63 79
99 45 17 28 43 61
42 96 69 26 56 80
32 82 55 62 15 86
78 29 87 21 91 52
35 51 49 27 4 30
54 70 92 95 72 12
60 9 84 89 36 18
97 96 74 3 22 54
44 7 2 43 33 89
19 91 95 46 98 28
8 51 82 86 75 67
87 10 73 77 32 62
58 71 16 37 29 27
34 93 88 90 41 70
72 15 76 65 99 66
14 55 52 50 36 92
63 5 53 13 97 62
17 3 80 33 12 37
35 24 38 4 10 14
1 87 91 22 27 20
15 89 68 52 86 51
94 90 40 64 41 65
98 34 31 47 79 93
19 48 49 9 60 67
57 8 88 83 61 54
93 25 69 67 76 46
90 65 62 37 92 70
3 98 89 12 42 27
6 43 34 59 85 38
1 79 39 31 47 11
56 73 81 50 60 57
74 13 10 58 91 23
97 41 52 44 48 36
22 29 28 19 16 7
35 50 64 85 93 91
69 17 48 74 54 36
59 24 90 66 9 42
46 3 15 94 43 32
86 45 20 68 72 62
55 13 1 79 29 2
84 61 10 25 4 8
87 41 14 89 76 57
82 27 53 51 78 88
19 82 11 88 41 6
59 3 38 20 13 8
96 5 48 70 63 84
62 57 10 26 18 31
68 51 80 75 1 93
55 42 49 9 40 86
85 77 46 83 32 89
29 22 78 27 81 58
67 45 79 92 61 91
87 57 83 68 55 16
85 12 49 75 36 95
18 60 84 6 93 48
35 23 65 98 41 86
37 92 27 38 47 43
34 24 76 99 80 81
9 77 72 17 64 69
71 30 22 66 21 11
28 25 39 88 54 50
54 83 29 24 58 90
69 66 94 2 72 18
75 35 47 62 20 5
3 13 16 48 1 76
25 4 51 61 37 67
68 7 60 52 79 74
85 78 30 77 59 65
88 44 43 80 14 38
91 50 22 55 92 19
97 35 31 64 92 56
90 28 10 71 58 23
69 22 1 99 68 5
81 42 83 4 89 6
25 76 34 55 21 12
95 50 41 30 14 98
17 16 48 15 46 20
60 59 63 87 61 62
88 85 79 33 74 78
78 48 49 99 55 34
88 86 20 6 53 63
77 2 42 52 72 64
43 94 89 96 97 13
8 5 57 45 56 32
15 84 31 70 62 19
11 69 95 87 35 17
39 82 76 1 66 44
27 59 54 9 46 85
50 93 19 71 39 48
27 12 75 67 20 84
76 32 44 29 16 72
79 46 15 63 97 10
54 8 92 86 47 70
95 24 88 94 6 55
61 74 53 51 28 85
57 80 41 64 37 43
21 22 45 7 18 33
46 63 57 27 41 25
61 59 7 64 6 1
20 88 67 99 83 73
22 92 60 8 79 96
5 68 74 29 48 26
97 3 14 76 56 4
69 34 94 84 75 45
86 90 82 52 28 2
33 9 37 77 16 19
35 36 26 16 54 28
8 97 41 13 72 18
82 4 48 57 89 68
46 39 7 33 38 98
95 27 1 30 93 10
56 44 31 55 14 37
42 43 11 52 58 21
12 87 49 6 63 96
77 60 70 83 79 47
14 18 5 79 52 72
40 93 61 51 29 47
45 17 54 15 89 87
90 84 60 57 6 77
81 82 69 65 74 48
30 49 56 94 55 44
95 16 35 50 99 3
91 59 42 27 24 85
2 21 13 33 31 12
13 65 58 87 95 1
12 71 11 52 94 75
5 51 48 9 22 41
70 31 28 20 55 47
49 27 32 30 6 90
45 91 60 78 43 77
68 86 97 61 54 69
83 18 73 23 93 85
29 67 10 8 98 17
25 33 38 9 61 10
57 42 68 93 17 66
2 24 87 83 28 95
56 53 1 44 90 73
67 8 20 36 69 5
34 64 45 59 86 79
29 62 55 4 89 51
88 77 50 58 23 21
40 32 14 48 75 30
97 2 44 91 17 9
45 40 5 73 6 52
12 33 63 66 98 13
85 84 74 60 23 15
94 70 61 87 25 50
32 88 48 3 76 81
77 14 56 65 57 36
99 21 31 96 51 29
34 7 38 18 16 67
48 96 69 58 5 86
79 27 55 76 59 45
6 91 92 2 35 66
88 41 62 11 89 12
33 14 85 99 83 87
39 74 17 13 81 52
47 75 72 94 63 19
51 25 16 1 54 38
26 7 46 84 80 82
49 9 90 32 25 52
24 75 17 19 71 58
68 98 38 56 31 59
74 29 70 65 20 41
8 91 18 14 26 45
47 30 15 50 55 81
57 76 6 77 12 33
39 34 69 36 53 84
78 95 89 16 4 48
73 11 80 89 52 65
18 2 14 23 20 79
44 85 86 90 64 67
1 38 22 88 96 42
28 98 24 57 56 50
46 81 40 16 5 31
72 99 6 60 95 26
74 29 13 68 84 33
53 39 30 25 97 27
98 19 45 54 58 17
3 14 80 72 57 6
93 23 32 36 94 53
38 74 47 85 87 67
27 43 89 12 81 24
28 46 22 66 70 44
95 31 97 21 26 77
69 55 11 35 60 33
41 40 16 90 18 20
82 5 73 68 34 65
30 83 18 91 92 4
57 46 3 17 31 12
40 44 62 95 64 38
53 33 59 60 36 81
15 93 76 96 20 85
86 87 9 43 35 77
37 69 80 74 54 39
84 58 27 52 42 79
65 29 63 96 59 28
58 83 36 23 56 42
77 10 79 33 5 76
60 47 30 67 70 94
84 92 13 78 64 21
81 11 98 75 93 48
95 61 2 7 57 38
25 41 37 88 27 86
43 89 87 22 66 20
43 3 19 21 8 40
66 93 48 86 31 54
70 98 50 65 71 16
38 24 88 59 90 64
42 39 80 2 72 47
91 45 61 41 44 99
14 77 12 5 37 36
26 79 22 29 63 62
23 6 75 13 58 56
76 20 75 70 94 93
38 74 15 88 12 40
71 92 22 5 58 68
28 3 55 2 24 31
98 73 96 54 80 53
79 6 29 89 72 14
99 86 48 8 82 36
61 62 17 30 34 97
65 35 60 57 23 69
45 91 52 30 37 48
18 23 77 31 44 17
72 25 62 92 36 50
70 14 67 21 20 98
93 59 12 28 29 47
78 7 95 13 90 27
86 83 73 2 19 15
71 57 68 32 75 22
8 53 39 74 6 63
46 99 80 81 77 97
25 75 98 37 16 14
72 23 59 88 83 11
95 3 66 82 26 73
35 17 43 94 44 1
30 28 53 24 36 76
85 52 5 64 15 40
39 47 27 6 7 63
13 78 41 21 67 90
83 4 62 42 90 88
56 67 39 99 97 98
73 81 54 77 21 1
26 50 43 36 14 10
93 29 65 69 5 86
40 44 27 31 59 48
96 30 85 52 79 3
15 45 68 9 95 28
82 70 11 41 64 71
58 9 70 95 93 36
74 20 30 4 61 44
40 2 16 46 88 78
59 27 50 24 77 65
56 72 18 42 12 57
86 10 8 49 73 51
1 45 92 7 52 66
91 37 39 76 55 11
34 60 48 38 96 53
40 80 90 59 18 85
65 50 51 22 98 77
5 56 96 28 46 17
68 25 35 95 4 26
45 19 72 70 29 97
58 83 43 24 54 84
91 55 31 63 42 73
93 38 89 37 92 47
23 61 79 13 57 67
10 62 92 99 97 72
52 58 34 44 69 11
61 32 33 85 26 55
68 21 95 14 75 71
8 43 83 42 39 18
24 48 47 49 66 88
94 12 9 3 87 93
41 36 31 89 17 22
76 54 1 23 30 6
44 2 37 96 40 38
65 17 45 48 6 72
69 82 79 47 30 64
92 91 59 52 27 78
88 66 39 60 80 16
10 98 57 55 1 29
76 67 58 84 9 26
32 8 51 5 75 94
23 46 19 4 35 14
51 90 63 15 84 29
89 66 75 59 8 74
77 6 97 17 5 2
92 68 73 70 41 64
49 26 14 83 44 50
19 39 95 12 47 69
21 37 87 38 16 52
98 24 36 82 57 33
30 48 9 10 96 55
35 90 70 64 76 68
65 67 94 83 96 34
8 39 62 6 24 26
55 49 29 4 1 28
16 99 13 15 38 32
87 69 25 46 31 21
98 74 72 88 22 89
84 51 95 30 44 81
5 19 9 14 92 75
96 69 56 38 6 40
18 29 31 17 4 73
66 34 95 91 19 83
42 32 64 2 92 30
10 77 88 87 62 51
25 49 71 53 97 99
59 52 79 24 14 75
12 8 60 39 61 58
93 1 22 85 15 65
20 76 89 12 55 27
48 32 84 21 1 52
37 90 62 14 77 4
5 11 72 38 58 43
68 50 10 56 75 53
66 34 63 67 16 80
22 85 33 98 2 6
54 17 41 88 40 97
3 39 60 29 96 31
22 73 78 34 85 52
37 23 86 64 63 45
72 21 3 32 42 43
31 71 93 54 47 62
77 26 79 15 53 11
9 5 74 50 96 94
17 33 25 82 20 95
99 88 27 81 1 80
58 92 84 76 14 91
49 29 21 83 33 28
10 42 72 26 50 70
35 51 56 8 73 53
17 15 40 45 74 18
71 69 91 44 13 65
25 90 16 14 11 82
62 87 46 12 95 77
99 66 93 81 92 88
61 60 19 89 27 31
81 45 83 66 33 67
99 31 74 46 89 61
20 2 10 25 96 84
8 57 47 86 22 88
3 41 6 54 94 93
51 98 70 78 23 37
58 63 38 19 95 62
26 72 44 92 53 49
35 30 28 56 97 39
54 59 57 47 66 40
61 34 87 28 18 36
31 6 99 48 22 94
51 27 13 62 73 64
88 9 5 24 76 20
58 7 98 93 95 79
3 25 35 2 78 96
45 12 1 80 16 26
74 81 23 41 67 46
26 20 80 66 58 51
83 46 13 85 96 65
91 41 47 35 74 18
57 1 14 86 75 60
73 3 2 6 63 33
53 11 76 89 16 92
69 62 48 52 24 4
81 88 27 44 99 79
29 84 21 34 39 28
64 23 69 10 87 86
4 67 41 94 12 24
54 39 44 2 62 55
51 71 9 76 26 25
89 70 21 46 14 58
13 83 1 77 11 92
32 53 47 30 36 84
16 79 20 57 82 48
81 52 15 93 56 29
80 20 26 60 2 97
67 57 22 59 83 73
3 10 43 40 19 28
64 55 34 69 36 62
88 31 93 21 47 29
7 38 54 61 39 24
81 77 58 30 74 85
8 56 9 78 82 96
17 92 87 65 99 37
40 1 73 24 82 2
51 44 28 90 72 32
96 45 18 47 92 42
87 53 93 49 9 15
11 7 98 69 43 91
48 66 52 54 36 62
25 39 84 95 29 85
41 17 58 67 64 81
75 27 8 12 10 37
65 51 20 1 85 23
22 77 28 13 24 53
2 58 81 30 70 73
41 83 38 3 74 71
27 11 39 61 35 12
94 64 75 10 34 46
42 49 6 44 5 84
90 59 92 66 16 68
4 36 62 19 29 69
53 42 17 37 77 51
4 13 52 45 71 86
1 35 58 78 15 66
81 55 47 8 60 30
9 19 28 12 82 59
98 56 14 50 79 61
88 90 34 75 2 6
21 94 97 41 72 92
22 11 76 95 24 38
7 9 58 5 26 39
56 42 77 21 33 90
99 8 19 46 73 83
95 62 32 82 24 67
66 2 52 76 36 31
28 15 79 1 34 30
35 12 93 94 25 16
63 68 74 59 10 89
69 3 38 53 71 70
7 32 31 52 33 2
27 11 13 63 86 10
95 34 36 25 46 65
78 24 66 80 1 62
74 18 83 89 97 30
47 14 43 88 4 87
42 40 82 8 91 67
38 57 29 51 54 26
3 61 70 22 17 58
37 49 42 38 79 56
98 53 86 91 6 52
73 12 62 33 95 82
72 8 35 3 9 28
83 92 26 66 13 5
96 40 84 11 15 27
50 21 16 55 45 81
51 85 93 18 63 10
77 48 94 34 97 99
90 47 29 49 93 7
14 30 36 37 5 65
60 22 18 76 79 50
91 67 59 88 11 46
23 51 92 20 98 9
21 77 4 24 73 81
97 94 27 42 44 99
15 80 89 45 38 82
34 54 3 85 39 96
9 67 35 31 23 36
62 77 56 51 82 8
46 44 4 54 81 41
59 24 88 19 50 66
45 86 33 65 52 99
70 43 7 11 75 49
12 18 55 69 5 13
6 10 84 39 14 80
60 61 97 25 92 28
41 20 68 67 99 44
92 39 54 45 37 62
38 85 69 89 53 71
82 8 23 81 57 52
46 55 61 9 78 2
35 22 31 13 95 83
63 15 19 64 3 6
49 51 76 65 72 59
16 34 10 90 77 18
18 59 8 56 87 86
31 28 53 47 91 19
70 44 5 40 61 20
69 11 94 90 1 23
89 32 43 48 73 3
21 4 63 10 12 36
25 62 38 58 68 74
72 14 50 7 9 24
77 15 97 92 54 71
32 64 44 56 53 47
10 78 67 96 66 50
49 12 33 52 24 71
70 34 39 62 97 86
9 17 19 37 81 85
57 8 77 51 80 58
18 11 60 69 29 48
46 94 95 61 59 83
92 21 98 2 88 65
74 63 57 13 31 71
95 37 85 7 88 44
43 89 65 72 70 60
48 27 86 26 92 18
75 55 34 68 82 91
90 28 17 87 33 8
54 98 42 59 3 25
24 5 11 66 46 52
39 58 29 62 99 4
98 4 48 42 87 14
6 72 8 3 99 97
35 38 52 95 81 50
93 44 40 30 11 60
57 73 70 39 23 45
43 41 61 56 78 31
27 88 59 10 46 26
67 58 91 71 69 63
22 90 47 80 1 12
87 63 88 9 23 5
72 56 86 55 24 58
37 38 16 48 46 68
14 90 2 45 19 36
66 26 93 13 78 47
1 33 15 54 18 40
99 69 77 42 67 84
6 35 49 65 83 59
43 97 73 29 39 7
67 20 62 97 95 40
64 25 76 42 26 96
87 94 52 16 59 51
70 3 46 36 38 11
86 81 27 49 15 18
80 41 13 12 50 66
91 74 56 55 4 93
53 58 21 5 72 45
17 75 6 88 10 8
30 92 96 4 23 3
67 84 63 66 29 36
94 35 60 10 43 25
20 78 41 79 26 71
86 6 81 73 58 34
51 99 54 17 48 98
44 88 77 95 1 80
16 49 45 90 8 62
2 93 68 91 38 22
54 67 73 2 12 34
47 18 72 28 80 4
45 59 37 83 84 10
56 36 46 74 78 35
63 9 3 20 64 38
40 94 7 88 19 65
75 30 60 39 93 89
82 87 17 33 8 1
50 24 41 69 26 6
28 1 96 30 21 87
14 94 3 65 25 8
29 73 38 89 77 15
95 92 41 91 35 11
69 67 43 50 4 72
90 81 37 74 99 53
18 83 51 84 27 52
54 75 22 70 48 9
42 88 64 59 57 6
88 17 87 39 6 57
7 72 56 95 36 85
44 49 27 9 43 83
92 3 84 47 28 71
74 99 21 25 91 59
45 75 96 26 61 76
62 93 89 11 67 15
51 13 20 63 81 31
68 54 48 77 66 16
81 27 7 97 73 95
45 96 26 58 82 59
10 90 47 49 2 52
50 93 37 43 57 72
46 38 20 67 9 17
78 19 34 30 92 44
74 12 23 76 3 13
77 84 61 32 18 21
71 89 36 80 88 8
13 32 86 34 17 81
58 4 21 6 95 12
28 69 45 10 94 97
78 62 11 35 29 73
79 42 96 82 72 56
7 60 23 85 50 77
20 15 44 59 89 54
68 49 2 48 71 1
70 14 83 57 92 27
9 94 64 24 31 99
92 7 60 13 41 69
95 57 44 97 46 54
80 33 28 93 21 1
79 55 30 56 82 62
35 73 47 98 59 29
27 86 68 6 22 2
25 53 19 61 12 8
76 74 38 81 18 71
96 83 59 7 88 40
49 38 54 56 82 57
28 41 78 8 20 97
9 1 69 5 64 85
76 84 90 66 91 94
22 3 37 81 42 51
68 87 21 48 71 99
55 79 43 52 95 61
15 36 92 70 35 12
81 72 55 1 47 75
15 38 36 10 35 76
50 67 79 54 90 23
29 86 57 60 27 12
46 19 99 16 65 78
82 59 2 39 93 25
7 97 8 74 84 17
89 83 77 20 91 3
94 62 33 5 9 56
70 55 7 18 83 19
32 57 98 53 26 54
52 94 17 87 31 77
93 96 97 48 68 11
58 60 5 79 78 1
24 64 49 38 50 90
46 92 82 14 4 69
8 40 28 73 66 71
2 34 39 63 76 81
42 75 26 81 53 38
28 51 23 69 14 65
27 55 99 46 80 24
64 6 11 62 72 8
12 73 39 43 2 40
52 15 68 79 90 35
4 47 78 30 19 96
10 29 50 48 97 54
60 7 58 33 89 70
7 57 73 86 91 31
27 2 64 98 15 54
9 75 1 81 97 43
80 17 30 14 92 95
4 38 96 33 89 66
56 49 84 72 10 3
74 13 87 85 12 53
77 16 82 44 62 67
22 37 71 90 88 83
61 98 16 28 42 1
29 13 83 52 3 54
65 72 39 86 31 25
95 41 97 8 35 90
73 48 4 89 70 99
34 87 67 43 32 68
53 77 74 22 23 20
45 84 69 47 64 60
75 94 96 63 36 15
30 71 58 96 23 9
20 36 1 82 98 15
16 47 52 4 43 40
67 6 42 35 10 90
51 68 84 91 77 27
83 37 31 18 88 93
54 11 73 17 59 3
53 34 95 38 8 14
7 76 63 13 41 56
62
19
76
84
92
38
51
24
62
75
46
99
68
6
5
69
31
27
93
58
70
35
59
85
45
57
4
12
71
67
72
95
3
90
56
78
91
9
54
52
63
40
25
37
47
10
79
42
53
7
81
73
87
48
49
55
13
32
61
86
36
77
64
