3 9
16
2 98 81 33 18 75 71 96 39
52 60 4 61 68 57 59 92 44
90 76 38 35 29 64 69 85 65
66 72 35 41 56 39 80 11 18
30 60 58 74 12 6 97 19 13
25 49 38 88 91 36 95 31 71
80 87 32 39 1 57 19 92 86
33 70 18 30 25 38 2 98 55
29 4 66 27 62 24 23 59 45
17 39 1 99 81 52 5 55 53
36 51 93 9 28 68 61 73 42
60 44 80 10 62 92 37 64 54
95 54 74 70 94 24 83 62 18
99 57 17 75 66 90 19 34 76
44 28 49 37 25 7 82 47 72
21 68 25 85 92 84 33 17 96
40 10 78 76 9 73 45 81 6
24 67 52 98 15 71 47 46 29
99 39 92 56 87 7 86 77 5
66 34 6 44 19 70 63 98 75
30 9 85 52 15 12 28 13 47
33 18 23 86 6 92 46 17 13
89 40 16 29 76 81 53 27 11
91 39 64 12 96 62 68 93 97
26 78 64 22 50 62 93 92 9
11 24 53 69 45 4 25 34 58
10 79 37 21 87 84 81 71 30
24 9 81 93 60 89 63 51 22
31 58 44 92 47 69 25 84 18
1 14 61 8 65 79 12 32 34
63 95 27 25 64 96 82 52 12
99 39 37 69 80 84 49 21 76
5 75 65 48 11 6 41 30 8
18 75 28 78 32 52 34 40 16
13 85 55 58 39 21 65 44 89
63 14 35 73 6 25 20 5 57
23 31 74 64 82 97 28 51 19
98 22 37 25 68 95 26 67 76
94 4 3 80 7 15 29 92 30
38 19 63 74 93 46 28 53 62
20 54 34 72 11 35 70 94 73
40 79 3 45 91 2 29 64 98
68 81 11 27 34 82 67 74 31
64 2 62 84 61 86 21 54 79
91 69 56 78 94 8 75 39 10
21 22 73 7 74 91 96 13 66
32 59 98 71 33 78 27 69 82
40 72 87 16 46 12 80 57 25
98
40
19
91
88
7
63
36
95
34
12
76
43
68
11
81
50
98
44
17
93
24
84
3
58
21
42
78
75
69
59
71
65
20
92
31
47
16
26
49
67
15
79
90
70
30
52
37
97
10
28
8
9
45
53
13
51
32
5
23
4
86
57
56
48
89
41
87
1
72
66
2
22
55
6
64
38
60
27
29
61
35
96
46
83
82
54
94
85
73
74
39
25
77
99
80
33
14
62
