7 9
83
93 66 25 53 77 20 43 61 10
95 15 39 12 71 62 65 8 11
79 54 84 58 21 26 32 35 31
88 41 94 7 57 37 98 70 91
29 36 68 33 3 76 90 89 9
2 4 40 34 24 99 18 1 75
22 50 82 27 63 97 6 23 67
30 14 29 52 26 75 34 43 44
17 82 36 58 99 97 39 80 24
72 5 46 49 22 25 28 8 61
38 91 54 64 68 60 2 83 62
90 40 51 79 66 71 93 6 19
98 35 78 89 15 67 23 63 32
18 88 76 47 92 53 10 48 50
78 16 91 94 42 69 9 36 1
10 7 49 71 37 17 32 26 87
80 83 93 27 18 79 76 2 68
73 50 64 54 44 28 8 98 95
45 74 46 99 4 48 15 56 22
35 53 77 84 81 31 38 88 89
5 67 40 21 59 3 92 65 6
27 39 42 18 23 7 11 16 68
61 86 51 4 52 62 71 66 33
48 80 21 8 24 64 29 63 31
87 43 93 97 79 15 84 44 78
99 41 95 58 3 89 36 45 57
49 72 10 98 69 60 9 94 17
14 96 73 76 1 32 35 81 88
63 71 30 80 56 8 9 92 76
15 40 97 70 84 94 86 68 88
29 18 98 99 79 12 44 96 36
33 39 5 85 48 27 25 6 4
62 20 82 22 73 23 16 52 50
45 24 26 17 65 91 93 60 49
61 51 41 19 64 58 11 72 66
81 32 46 83 12 45 71 49 75
34 20 68 30 55 8 79 77 26
29 84 56 69 54 98 51 99 1
21 57 50 48 10 53 78 7 92
91 86 72 60 59 28 42 43 5
63 52 89 40 64 95 47 27 2
19 18 24 85 87 38 16 22 3
62 81 27 65 78 47 54 64 33
46 44 97 48 82 51 7 31 32
22 67 42 40 37 99 90 1 16
5 17 29 35 18 13 55 25 23
74 3 41 56 4 14 88 80 53
89 15 24 60 38 96 21 58 61
45 63 86 59 66 95 75 8 76
67 65 70 44 48 78 15 22 41
9 88 17 39 28 37 4 72 58
73 83 8 20 76 25 61 32 7
74 85 54 64 14 43 94 63 3
31 34 11 96 42 52 19 18 95
1 50 82 36 49 35 24 53 57
66 90 30 69 13 60 86 75 56
13 58 15 82 93 35 40 90 11
60 63 91 45 86 2 71 48 56
37 31 89 72 51 67 14 52 57
3 17 10 78 95 54 81 99 70
75 19 53 65 43 97 28 23 73
22 46 69 16 79 87 55 39 26
38 49 94 5 33 20 41 32 8
74 36 24 41 92 46 30 22 97
16 60 39 10 77 79 3 42 7
68 61 51 33 47 81 29 14 62
85 70 98 38 17 87 40 6 93
99 66 90 95 8 59 91 82 9
94 45 1 5 27 20 80 63 55
52 76 56 28 88 73 75 64 12
49 69 47 75 35 13 16 1 20
98 43 27 55 40 78 9 85 58
25 51 34 84 48 26 12 90 50
57 96 39 2 42 45 63 76 6
72 21 86 5 33 23 36 32 28
54 44 17 95 94 62 64 60 87
81 3 37 31 38 91 7 4 41
60 25 71 50 16 20 87 29 95
90 23 64 21 8 27 6 17 38
36 78 10 82 9 54 42 5 14
40 70 19 31 97 84 79 53 4
43 32 45 65 63 89 67 61 94
49 66 74 76 77 52 91 3 85
33 11 72 18 81 99 47 37 86
46 22 21 15 75 17 10 89 80
50 94 14 72 32 26 35 18 29
20 33 8 73 49 71 27 90 40
93 34 65 23 62 39 82 37 83
60 56 66 61 44 5 99 70 59
92 58 98 16 19 48 38 81 86
79 31 68 64 97 74 85 43 55
91 1 5 46 69 56 18 86 35
75 23 88 9 55 97 63 73 44
98 60 12 99 58 62 48 31 38
67 43 85 77 19 20 32 92 3
57 84 22 27 74 41 49 65 40
80 87 83 10 2 71 14 51 59
42 4 28 37 54 6 11 15 50
84 22 82 27 25 81 59 57 21
90 14 77 48 34 38 66 80 76
32 44 6 63 97 42 31 3 65
41 16 88 55 51 33 2 13 75
18 17 39 52 99 19 62 56 40
60 89 35 1 24 37 86 69 85
4 79 8 87 94 26 58 98 54
74 80 71 24 53 73 97 3 11
40 6 30 82 43 75 72 4 84
29 65 67 78 51 83 34 21 23
61 52 13 63 62 46 91 47 31
50 10 76 54 22 77 45 99 37
1 64 41 17 81 68 69 25 87
58 48 96 7 5 57 33 95 70
75 62 19 23 83 33 79 67 6
30 14 80 95 91 69 50 46 52
92 44 89 85 65 64 35 93 18
3 71 7 56 24 13 60 47 82
25 31 90 39 86 41 5 70 81
76 77 26 37 54 49 55 22 43
66 21 58 73 15 16 88 40 78
65 9 39 7 10 45 17 1 94
36 68 59 66 21 64 99 93 2
23 76 91 83 85 47 30 69 35
27 51 79 62 82 60 78 52 74
67 25 75 46 71 50 19 73 34
3 32 22 11 37 81 13 31 28
16 86 56 54 95 4 55 77 70
26 92 9 5 34 48 13 2 51
30 54 81 32 79 50 49 53 71
95 56 55 94 75 82 60 38 39
46 42 12 16 74 73 85 83 19
4 8 59 84 44 7 70 1 90
72 89 35 86 45 88 23 91 37
15 43 78 69 17 67 22 6 40
7 62 47 92 24 58 20 21 18
56 37 8 48 33 73 19 75 6
34 71 13 70 36 80 28 35 85
90 77 32 2 42 60 25 9 81
22 14 65 88 66 74 67 1 27
78 12 86 41 61 30 69 97 5
45 89 59 64 96 40 15 44 72
89 54 52 65 3 85 12 55 47
30 80 19 44 66 49 72 43 58
31 23 74 28 86 9 62 45 40
67 77 36 76 26 73 39 13 83
24 84 64 15 32 70 48 51 10
34 63 57 6 61 25 1 95 5
82 35 92 29 46 50 4 33 42
4 16 72 90 87 80 77 84 31
25 22 36 38 79 24 13 37 63
18 86 2 67 30 33 48 15 17
65 19 20 21 98 7 60 73 10
66 59 70 29 42 46 44 50 6
78 40 32 99 58 26 96 71 45
83 97 27 39 12 64 14 68 75
48 12 96 15 83 40 98 62 1
99 92 16 76 87 11 34 27 88
13 5 42 80 55 90 20 44 32
49 60 97 24 33 86 21 89 82
70 4 56 61 77 58 28 65 78
14 67 81 73 19 85 23 79 95
84 46 68 2 30 74 6 9 41
27 62 96 42 57 40 70 83 98
55 64 41 99 36 9 76 63 16
34 97 46 88 95 91 59 92 11
7 71 33 21 79 72 60 1 73
38 50 78 45 17 85 75 69 61
44 14 29 5 6 51 90 54 23
22 77 32 66 35 19 67 8 87
99 92 13 3 44 10 23 72 71
76 94 2 70 11 84 53 52 27
5 85 47 80 4 68 54 1 12
20 65 9 77 89 41 57 15 22
25 66 91 74 39 93 31 82 56
67 42 55 81 28 50 36 34 75
37 46 40 43 86 95 24 51 96
72 5 75 8 37 89 65 91 32
87 35 47 30 92 61 79 46 11
41 9 19 58 99 85 83 6 88
7 4 66 69 25 29 57 48 95
36 20 80 71 3 12 54 73 14
59 27 16 17 86 50 53 40 43
56 13 96 18 77 15 45 51 82
90 8 21 54 43 97 31 47 37
41 81 58 10 89 57 85 2 53
51 34 23 61 68 7 26 12 76
66 24 93 82 5 13 30 56 35
72 39 63 98 20 32 42 19 59
78 75 27 6 22 84 65 62 79
48 60 87 94 45 95 52 40 64
9 95 46 27 26 66 31 12 64
1 38 59 92 25 83 33 73 79
87 47 7 57 71 65 44 29 48
86 78 99 84 58 41 30 89 68
94 21 17 61 36 49 37 96 14
85 15 4 88 23 82 13 50 90
5 69 39 32 70 74 42 52 76
20 91 68 87 41 23 64 95 43
39 52 63 58 29 55 88 22 56
85 32 80 16 70 21 92 45 30
25 9 33 12 24 77 7 27 11
49 40 19 76 84 72 99 53 90
54 1 79 89 28 2 17 69 44
35 67 38 94 96 65 47 86 66
21 91 37 89 5 65 8 15 44
12 66 3 98 73 93 2 23 22
26 16 70 27 6 13 28 84 29
53 14 10 30 74 61 42 72 95
31 80 41 20 19 67 77 43 47
87 33 11 17 62 52 97 85 25
94 4 79 38 90 39 45 54 64
64 99 12 53 9 58 39 2 48
18 55 57 32 7 43 93 35 85
11 89 44 25 45 54 71 98 6
16 88 10 29 96 36 87 69 66
67 84 63 20 74 81 17 1 5
97 83 22 33 94 52 95 62 82
46 38 90 37 79 73 49 23 50
9 2 85 91 76 99 28 12 98
66 23 18 5 52 16 31 51 44
13 60 43 74 80 57 45 59 22
7 92 81 26 65 46 19 34 79
42 40 39 27 49 47 73 67 58
29 89 75 68 11 56 62 25 83
37 53 30 41 69 32 33 82 88
44 20 58 26 79 23 72 3 69
84 40 9 86 52 38 25 42 77
74 7 41 14 57 22 32 61 90
15 92 99 39 91 33 21 76 83
1 89 13 46 62 88 97 4 67
8 27 51 12 71 85 48 28 82
65 10 18 19 81 93 96 98 34
84 48 83 79 20 3 41 97 57
74 53 76 34 52 8 14 80 58
75 42 98 99 44 12 55 72 66
54 90 56 82 81 50 69 26 71
7 2 87 89 13 24 18 78 62
60 63 64 73 16 19 4 30 68
49 94 77 31 51 47 67 27 10
69 16 58 84 56 47 90 79 63
37 80 3 89 87 57 81 99 67
88 7 25 48 61 32 49 39 86
42 96 13 78 66 70 54 21 22
73 83 38 12 98 53 85 75 76
45 44 51 68 77 24 50 71 92
41 64 91 97 34 14 2 40 10
3 78 44 73 76 15 85 54 9
53 37 87 41 82 62 69 43 13
97 86 74 30 90 51 4 63 71
66 72 24 36 58 17 32 57 46
75 61 98 20 65 18 88 59 96
10 31 55 40 81 70 83 7 79
64 77 16 94 29 67 48 50 21
13 77 4 21 39 19 30 59 65
14 69 3 60 7 38 62 27 79
47 76 56 44 50 36 71 83 92
67 74 97 73 9 98 48 78 24
46 87 68 66 41 1 26 11 12
61 34 54 2 20 99 72 32 18
15 64 53 88 40 57 37 84 89
68 4 89 70 23 83 74 25 60
78 65 17 28 15 34 62 16 81
20 90 39 26 40 45 92 24 13
43 8 30 93 57 11 98 49 21
87 95 19 51 86 73 1 72 41
77 96 63 9 69 75 37 91 66
59 44 7 10 29 71 27 56 22
10 55 52 95 33 3 75 25 8
16 31 77 42 69 81 21 19 46
51 38 48 13 66 60 39 58 47
73 41 84 56 6 22 86 65 70
63 14 40 62 50 74 87 54 97
59 93 1 72 26 89 53 17 67
44 85 57 29 96 83 49 34 24
96 42 35 66 53 26 40 54 60
70 21 99 94 91 95 20 6 28
57 52 72 97 32 78 86 77 7
49 39 85 31 69 13 48 44 51
89 34 3 62 1 17 38 56 64
82 27 65 41 24 5 50 9 22
43 25 46 83 88 73 79 63 2
72 56 69 73 10 29 92 31 94
67 4 3 34 37 12 1 22 35
23 49 83 17 74 44 84 9 32
16 54 88 77 13 15 59 14 33
45 8 41 18 5 63 75 20 40
53 51 90 48 43 91 62 98 80
60 82 97 81 89 11 96 66 99
94 51 9 86 22 92 99 83 60
6 59 64 14 29 68 27 49 35
45 32 88 58 85 84 8 7 79
52 25 24 70 80 41 37 66 11
46 13 54 23 36 73 57 26 16
65 47 43 53 40 33 17 62 21
74 63 89 39 18 44 96 61 1
46 63 10 87 27 44 33 90 88
96 95 69 25 19 93 35 77 71
20 11 28 30 84 5 16 79 58
91 86 48 34 26 22 6 7 61
43 29 75 68 62 81 4 65 13
53 15 49 36 9 41 92 40 8
67 78 42 98 74 2 50 94 66
98 62 88 49 86 95 18 5 42
17 94 67 92 72 70 21 87 39
4 82 76 80 23 8 3 45 65
51 29 61 40 63 6 99 2 12
74 44 7 84 27 59 73 55 16
33 58 78 28 13 83 20 48 96
66 47 34 15 22 64 25 91 43
35 14 3 5 19 93 62 4 96
27 87 55 54 37 74 30 41 12
8 33 17 78 52 69 10 1 59
23 22 60 31 21 97 24 57 53
82 76 2 77 92 73 26 50 72
20 38 81 39 83 84 15 99 56
47 75 95 64 25 91 49 66 70
85 92 93 8 54 87 74 52 58
96 37 6 39 1 42 31 10 4
63 60 77 64 75 88 56 97 45
3 22 94 16 19 15 24 91 46
55 28 70 26 89 78 72 27 7
44 47 65 53 20 84 14 76 67
21 43 36 62 38 5 9 71 69
89 56 12 51 95 27 67 63 19
69 83 39 26 85 7 46 79 23
8 73 57 10 35 99 96 62 5
53 31 65 2 76 77 38 17 11
84 54 93 82 98 86 68 48 9
55 75 74 4 87 59 47 28 40
16 15 6 61 21 32 78 58 30
64 49 95 28 96 61 54 15 22
34 27 86 17 71 87 45 78 90
26 38 85 2 12 7 83 80 76
56 72 9 19 44 35 39 57 23
88 81 36 25 93 67 65 1 16
91 32 42 41 94 5 50 13 40
98 99 33 47 29 14 69 59 6
57 10 11 71 20 68 14 90 19
8 9 66 42 54 96 6 27 91
82 86 56 17 26 65 15 44 84
31 3 28 87 77 34 61 16 69
70 35 23 51 50 33 72 47 59
63 30 76 62 98 79 53 67 2
88 94 43 64 73 24 97 36 74
68 90 50 6 58 34 48 31 60
59 56 29 8 88 24 43 11 28
82 79 92 76 89 45 69 9 70
32 80 49 18 67 81 21 83 84
73 97 16 47 64 55 95 39 63
35 86 33 1 52 94 25 17 77
51 66 2 57 75 61 15 36 12
99 96 16 46 23 33 62 12 87
47 92 67 21 28 30 3 54 98
75 64 61 58 11 24 5 31 20
69 32 82 91 34 48 29 8 36
77 13 65 72 43 59 39 84 45
42 4 68 89 22 83 17 66 85
90 41 14 26 74 81 50 73 93
64 58 1 49 17 22 71 26 45
25 78 73 99 32 35 33 52 38
80 74 42 85 3 51 77 86 12
79 5 59 91 57 95 46 2 88
81 96 60 87 66 70 18 50 6
34 83 76 36 27 75 4 10 9
29 94 24 93 54 23 61 55 44
39 91 93 95 60 35 5 25 3
6 76 7 12 88 46 86 68 8
89 28 49 75 32 51 87 19 13
72 44 69 81 67 78 41 92 57
34 22 53 90 77 16 42 50 2
24 80 29 4 59 21 38 36 62
82 14 48 37 79 97 47 71 18
77 78 5 64 72 22 23 35 52
92 45 60 7 90 11 27 91 43
83 18 14 36 79 88 20 2 61
13 56 29 86 62 34 38 53 19
58 96 75 16 76 40 97 21 8
42 24 41 81 47 30 31 70 95
12 80 71 57 33 89 4 99 67
75 98 16 30 58 92 20 21 52
5 91 36 14 51 37 78 9 86
97 26 87 39 45 82 71 67 40
66 94 47 29 61 59 54 74 17
24 69 53 31 49 55 42 57 34
72 64 50 10 2 90 23 56 19
83 15 77 65 32 3 33 25 96
10 98 17 77 86 13 30 81 65
2 62 40 50 29 79 6 33 89
26 3 47 28 87 54 21 72 63
55 49 67 1 14 56 39 75 36
9 76 58 23 73 78 46 12 61
45 20 15 88 57 44 51 32 71
43 80 22 8 95 64 48 11 90
13 54 4 87 48 35 18 98 66
92 78 85 55 57 44 43 97 42
2 86 80 30 94 73 69 56 7
64 68 63 93 21 29 32 10 22
31 12 59 19 99 47 40 45 1
81 71 70 76 36 33 26 91 95
75 41 16 61 37 53 14 72 90
30 89 38 97 36 31 58 53 23
16 60 94 96 8 33 28 85 61
2 91 98 88 78 69 44 14 12
87 43 48 65 77 83 11 66 76
24 49 47 86 79 3 45 50 10
93 59 25 62 46 54 39 67 68
72 13 5 6 71 80 84 51 40
81 33 52 72 69 84 10 16 13
14 30 49 76 26 86 87 92 9
58 35 7 59 79 45 6 40 38
24 63 23 47 51 93 54 44 57
94 68 61 11 31 1 43 4 27
62 39 88 29 50 8 80 64 83
65 36 56 99 42 28 19 71 73
40 52 69 59 57 81 25 96 76
54 21 17 60 7 61 2 82 12
89 66 27 87 28 90 78 9 99
11 3 77 72 36 50 13 6 15
16 19 67 94 65 48 56 92 22
68 62 10 51 32 38 33 79 63
71 24 35 23 8 55 18 4 31
12 43 79 94 42 32 82 64 93
88 35 49 13 29 62 85 11 97
56 53 45 71 55 87 68 6 9
23 27 99 36 80 16 22 5 28
51 50 73 63 33 2 47 3 1
60 84 44 24 46 77 17 70 58
31 20 66 96 10 83 41 98 89
71 10 76 23 85 55 17 58 95
33 35 61 84 93 7 36 63 97
74 94 31 87 80 26 13 91 21
11 62 77 57 86 99 12 4 92
25 67 1 65 29 52 19 44 47
73 79 54 50 2 6 14 32 49
68 37 82 96 28 27 83 9 60
64 73 60 28 37 22 71 14 56
38 47 85 2 7 18 59 70 11
15 26 89 21 69 13 23 58 48
19 84 24 67 17 88 46 36 92
55 9 1 62 74 49 31 57 63
54 8 25 87 81 40 79 77 95
86 93 29 51 35 33 10 78 52
60 72 70 46 37 3 21 40 98
31 9 18 2 52 91 30 83 48
81 82 54 11 35 58 71 99 62
55 97 45 51 89 4 57 65 75
39 49 61 53 8 56 64 29 6
84 90 44 12 94 74 24 5 19
66 67 79 13 7 92 96 41 88
3 53 11 2 90 49 7 16 44
34 17 73 18 83 55 39 8 62
27 98 86 96 93 47 43 85 61
60 80 41 28 46 12 67 1 32
92 95 50 29 97 70 87 66 69
38 23 20 68 19 88 13 35 91
22 21 79 71 15 89 64 58 63
60 9 52 47 58 80 92 72 50
11 94 8 45 28 91 46 66 77
7 51 54 96 90 70 69 40 37
89 75 74 99 20 41 48 81 87
98 56 34 13 53 25 83 57 2
59 24 68 6 97 22 62 21 32
26 33 12 16 15 39 10 38 17
35 79 61 6 50 64 13 98 52
2 39 44 16 73 88 23 99 31
56 62 85 27 75 89 70 26 95
80 60 40 96 76 90 8 81 15
14 41 77 74 12 45 28 36 51
29 63 24 69 46 54 47 94 30
59 19 65 97 37 42 93 38 82
43 31 2 74 72 10 5 62 28
32 9 42 45 7 96 23 52 83
24 93 73 1 46 19 20 40 12
92 89 41 30 95 36 63 97 29
87 17 68 85 22 48 26 78 39
70 54 34 79 13 76 94 55 57
44 75 6 82 65 35 91 56 51
87 44 24 77 57 62 51 1 56
50 47 32 95 86 39 43 40 41
60 4 42 33 5 70 89 21 71
65 34 58 10 30 16 45 63 83
68 22 11 37 76 64 97 61 54
25 92 29 46 79 81 35 69 17
19 53 75 88 7 72 6 8 90
90 84 21 48 68 6 99 39 74
27 83 47 89 2 24 4 9 86
67 82 18 70 44 88 60 42 35
26 76 5 25 37 23 43 50 65
22 55 7 91 14 97 20 34 66
59 51 33 73 81 49 78 62 85
13 61 92 1 58 77 95 40 32
91 46 38 8 21 50 42 90 77
66 4 15 72 78 48 44 88 18
34 97 55 99 3 29 60 59 7
41 83 94 45 14 70 31 64 6
47 74 16 85 69 57 96 56 30
35 36 13 81 89 58 19 23 33
32 39 54 2 17 28 61 82 12
50 1 31 42 46 64 19 10 25
68 95 34 85 67 35 98 3 59
14 78 89 41 32 69 45 81 17
4 39 77 91 55 97 56 94 8
76 79 83 20 7 52 29 93 33
82 74 63 26 96 11 6 65 87
90 5 72 18 15 37 71 43 61
62 15 26 71 74 32 77 90 3
57 60 46 39 70 63 94 18 84
42 1 97 31 45 8 88 41 52
54 85 22 98 92 82 14 2 67
20 61 80 12 28 58 34 79 68
81 13 78 16 51 29 89 72 76
87 91 35 11 69 53 99 83 27
48 30 43 21 77 32 94 20 91
33 24 6 1 68 40 14 44 52
7 56 83 9 58 39 62 59 99
12 51 54 55 61 75 38 67 34
35 69 78 45 98 66 2 93 95
41 81 60 29 76 92 71 57 53
72 17 23 46 86 37 8 47 22
73 44 19 76 62 96 32 90 97
33 34 29 46 95 18 26 85 54
80 15 55 2 13 67 28 58 81
74 39 72 52 50 6 45 91 21
43 51 10 8 23 48 12 36 87
83 24 84 61 94 71 75 78 20
4 70 14 86 89 47 37 40 64
39 11 58 56 31 64 82 52 26
23 14 43 96 19 29 77 21 73
98 85 89 16 94 70 53 63 5
40 35 20 30 71 80 1 74 69
51 34 27 91 95 84 49 36 25
12 79 32 44 10 76 93 61 75
9 81 8 28 13 18 24 50 33
60 73 66 29 89 94 72 49 85
91 40 56 83 82 13 48 7 79
52 45 30 17 54 74 23 16 25
80 9 53 96 87 31 76 12 68
8 10 78 20 26 90 28 93 32
41 64 27 38 62 47 61 81 95
59 77 19 50 22 6 3 99 4
51 35 84 93 67 90 13 1 86
52 82 57 45 88 24 74 64 36
81 87 5 10 72 20 58 56 7
96 27 47 85 11 80 91 98 34
65 22 41 19 73 49 59 31 71
17 15 53 94 14 62 37 3 40
69 97 4 78 43 76 99 60 28
97 60 15 87 73 93 44 33 56
63 99 71 52 59 72 62 37 68
3 42 36 20 25 65 28 29 49
4 78 30 47 26 46 8 89 70
54 58 14 79 13 74 76 5 24
6 57 10 35 61 31 18 9 11
12 7 41 77 83 38 95 67 85
81 73 56 27 33 74 25 50 46
95 7 13 21 16 80 12 98 24
23 85 76 94 90 99 35 54 64
3 2 31 18 92 39 42 38 37
52 45 72 4 44 55 75 17 97
82 84 34 66 57 28 89 11 15
47 14 8 48 77 78 40 96 69
71 45 91 28 90 76 75 19 10
20 86 67 50 60 88 96 32 85
63 92 26 72 51 15 79 6 43
56 8 21 11 47 54 58 93 61
48 66 52 17 62 18 49 3 78
73 77 7 40 34 89 1 33 30
44 64 46 59 97 16 22 41 4
66 95 16 39 65 19 4 62 34
56 18 54 49 41 91 48 36 5
99 27 22 94 2 38 30 26 57
3 76 60 11 44 24 46 10 53
12 64 8 47 20 14 90 40 82
67 81 33 9 63 75 1 97 83
42 74 45 51 92 43 35 23 73
8 51 57 76 60 23 75 37 39
6 59 12 98 87 30 1 80 41
93 72 88 86 36 47 43 64 83
63 27 62 16 55 11 82 69 3
97 13 92 94 10 67 90 4 70
54 34 68 17 44 74 46 26 84
99 77 53 20 42 25 85 49 19
17
54
55
32
76
83
95
36
69
93
13
1
88
86
23
3
9
25
