4 3
61
98 81 10
51 12 22
26 96 6
80 64 89
76 2 74
83 88 86
84 69 27
7 47 20
64 4 98
26 49 19
81 56 47
18 65 24
62 86 65
7 46 90
94 85 27
97 22 13
83 31 25
98 88 90
71 59 45
27 17 57
65 36 27
96 70 19
55 17 16
29 25 89
29 49 60
3 73 94
44 41 84
65 43 91
89 35 22
40 11 41
48 72 58
97 83 77
62 87 1
63 51 88
66 83 81
37 17 46
85 48 29
81 26 83
47 77 75
12 27 25
99 60 97
65 48 56
89 38 32
98 54 26
46 39 79
98 71 24
64 73 63
85 7 16
16 80 49
90 25 2
17 4 12
7 24 23
70 23 10
92 55 88
22 26 6
93 95 45
59 85 58
76 90 91
44 38 46
33 1 75
67 42 28
22 84 76
20 10 26
83 85 24
95 45 72
91 25 69
50 98 60
4 61 74
94 60 76
13 73 32
77 70 59
44 24 29
26 45 22
96 82 46
10 21 59
94 92 57
77 79 57
81 72 45
85 23 9
66 61 76
10 71 80
14 58 64
98 8 52
28 38 91
11 31 77
67 42 64
48 1 98
97 81 21
13 17 92
56 45 67
26 8 2
20 59 22
10 51 14
11 69 63
3 44 25
96 92 89
78 26 6
99 3 94
89 50 64
51 62 90
88 26 54
40 6 67
95 46 53
35 25 96
88 11 27
15 39 51
92 48 54
99 7 93
38 35 76
81 91 45
33 85 66
29 73 26
59 52 12
63 66 84
98 74 32
56 34 16
25 90 95
18 52 96
27 2 53
5 22 6
99 65 20
68 66 80
63 78 59
11 94 75
56 67 23
64 78 96
21 99 6
92 20 87
36 52 13
81 98 11
86 91 25
40 57 96
74 40 3
90 79 15
22 83 9
11 58 86
70 99 61
13 33 31
92 78 81
42 76 34
79 28 19
96 91 14
15 93 42
10 39 90
90 16 42
1 8 45
64 4 56
66 40 47
88 89 74
9 18 80
71 98 38
58 68 60
28 38 93
76 23 44
84 49 74
94 52 34
47 98 5
81 10 66
31 4 84
51 7 44
76 9 54
34 48 4
30 80 47
32 24 41
18 25 73
61 13 54
78 66 70
85 40 38
42 57 40
56 17 20
45 86 3
28 97 83
52 70 59
55 69 3
98 61 62
10 40 65
40 3 89
91 73 72
87 92 70
16 71 88
56 31 3
35 53 58
69 17 13
95 33 91
71 82 36
12 10 7
64 78 96
28 17 22
56 18 80
57 24 97
99 62 16
13 48 25
88 99 31
19 3 29
52 53 91
4 41 76
86 55 89
46 85 67
77 56 19
59 91 97
94 72 10
7 66 40
8 67 68
18 60 12
9 12 26
23 34 45
10 27 87
57 82 95
10 60 35
29 59 98
71 64 7
30 33 85
88 83 3
89 50 27
94 14 48
56 20 15
78 60 13
68 18 97
56 71 89
36 30 77
54 10 87
53 64 65
56 39 23
84 95 93
40 54 73
99 14 5
32 48 26
8 18 64
13 64 57
79 56 67
69 4 97
63 73 28
9 47 95
26 21 54
16 48 38
53 36 37
11 43 45
57 55 6
56 88 24
35 32 7
9 32 50
77 76 59
81 47 49
41 31 51
25
82
58
10
45
11
89
37
33
62
67
68
63
98
80
1
87
52
90
7
51
2
95
50
69
18
