5 7
50
87 6 29 27 78 89 50
62 81 30 80 52 21 48
68 28 43 93 7 14 69
2 82 98 36 25 83 26
53 35 4 34 97 71 66
88 40 37 92 91 28 87
41 33 85 44 26 83 3
10 39 63 69 60 57 46
74 30 68 21 52 80 67
64 15 47 12 73 35 42
50 58 92 82 83 16 46
11 68 75 32 36 27 53
13 67 63 17 37 22 88
6 81 45 4 94 52 54
56 47 86 73 62 29 43
77 79 84 58 30 36 98
42 44 83 45 7 66 15
26 92 87 1 11 50 49
21 46 4 23 32 39 34
56 25 76 72 99 93 57
41 89 24 22 92 71 52
13 39 36 72 58 31 49
54 70 65 74 61 91 3
77 40 7 93 15 96 8
30 14 26 68 21 27 35
95 65 58 83 64 54 46
79 73 56 27 80 26 37
36 30 91 35 82 29 19
94 59 55 47 96 14 41
32 39 13 3 4 15 70
22 44 18 72 85 5 26
99 8 2 15 42 82 89
51 57 48 75 62 30 78
13 40 77 24 21 38 3
45 58 88 11 43 46 68
68 59 90 60 80 20 42
47 49 4 85 45 37 67
19 31 30 12 66 33 69
34 51 7 38 56 14 28
2 71 39 9 63 5 48
12 55 41 33 92 85 31
38 53 79 88 26 78 39
9 66 21 48 58 63 95
56 59 32 96 43 37 64
34 47 90 36 87 91 17
28 78 12 98 3 66 80
39 48 47 37 59 9 85
31 58 82 89 77 61 45
7 25 93 41 20 4 46
92 22 87 63 96 57 13
5 29 84 3 79 36 92
24 10 81 54 88 11 38
49 98 96 85 18 77 74
31 87 60 55 59 58 42
62 9 63 76 22 4 71
60 36 87 37 82 35 47
44 31 96 13 92 78 80
77 8 67 89 41 79 33
12 3 42 38 88 71 19
21 7 28 75 62 14 48
51 52 64 2 29 10 90
94 25 45 49 34 22 63
44 79 47 88 43 12 8
18 72 77 75 27 9 67
5 82 28 3 61 56 4
92 64 66 59 86 49 24
87 18 95 47 36 22 48
54 53 63 74 46 31 8
68 98 26 52 15 55 12
27 80 32 16 37 4 62
22 78 38 90 79 8 54
67 48 83 13 2 70 5
88 10 31 71 50 23 24
52 73 28 14 12 99 49
21 47 76 41 26 61 4
62 80 27 97 87 5 36
89 18 7 17 70 98 64
74 30 26 12 3 37 56
91 82 53 72 40 14 43
92 75 19 48 83 78 65
32 41 22 15 20 87 19
31 76 78 47 95 82 73
54 3 39 63 13 71 52
35 90 36 55 18 51 12
21 7 92 68 67 53 10
56 50 59 70 33 84 36
39 6 97 40 92 28 83
65 82 3 68 15 79 20
96 14 55 21 24 91 85
69 46 30 58 72 66 1
46 88 47 32 30 42 12
68 86 62 13 54 11 64
21 34 22 25 73 55 23
95 5 84 90 74 39 77
1 57 94 37 75 7 48
34 72 17 57 9 35 8
10 11 48 33 94 69 3
18 16 65 51 47 44 22
40 76 39 77 14 2 56
89 78 32 83 4 67 24
46 84 87 22 35 47 90
77 95 3 51 2 27 91
83 33 97 71 73 14 86
58 89 72 7 8 81 37
85 49 62 4 68 19 29
59 58 91 70 92 8 66
18 98 34 26 49 72 4
60 82 27 36 35 79 64
11 50 39 63 32 48 75
30 94 7 42 51 14 21
68 2 77 73 90 34 18
20 86 39 81 82 56 46
16 91 24 87 35 26 43
1 78 71 89 57 21 55
33 66 80 96 14 75 47
57 72 35 27 1 64 14
7 9 88 95 28 34 46
99 6 58 18 39 51 4
16 67 30 75 24 85 59
66 12 15 37 60 8 62
60 31 47 14 4 35 49
44 92 36 91 86 67 26
76 94 45 65 59 10 12
88 54 81 96 28 50 32
5 46 93 85 9 82 21
69 51 7 98 71 79 30
32 58 63 91 4 23 22
3 9 53 74 57 62 60
37 87 94 40 83 90 93
20 33 21 81 65 95 66
89 75 83 3 35 48 66
94 82 20 16 33 87 38
8 51 60 74 24 58 63
21 46 64 69 18 30 88
95 22 17 77 65 7 67
94 75 17 10 32 71 86
87 29 61 37 52 20 56
27 47 4 23 2 92 84
5 78 50 64 89 54 45
82 31 57 88 68 46 12
77 87 48 65 23 58 96
21 92 81 14 17 24 49
78 29 85 64 88 66 22
47 50 76 94 86 18 2
13 71 70 38 95 80 25
85 44 54 81 41 45 25
82 11 90 9 46 50 7
99 17 3 15 6 49 39
93 86 12 96 80 56 53
34 89 76 36 70 73 21
54 49 55 48 81 45 84
96 16 69 87 50 39 15
77 65 51 43 71 8 24
80 60 7 11 12 1 91
73 35 78 82 6 14 85
50 68 6 45 40 67 24
86 74 30 31 83 69 52
21 32 5 20 29 90 42
38 62 47 48 55 95 57
14 89 19 10 27 39 87
13 2 6 33 54 64 56
10 48 77 18 93 41 3
37 61 65 87 98 15 80
52 51 24 70 47 57 59
96 35 58 1 46 71 69
94 13 22 49 7 29 20
31 55 38 4 87 34 88
93 86 21 85 37 97 54
77 79 3 57 80 60 40
50 44 28 33 71 2 81
55 31 25 19 93 4 51
49 65 85 54 62 87 5
99 80 66 59 90 10 83
84 72 38 44 91 27 56
82 88 57 41 64 74 79
54 16 15 75 52 60 72
36 97 89 7 99 87 79
14 8 58 29 94 42 76
81 57 74 5 30 96 70
33 55 47 78 44 9 2
83 33 7 40 11 69 4
85 34 81 57 96 25 13
12 48 63 78 14 95 94
74 1 43 52 61 53 18
47 29 93 80 99 19 9
15 18 66 35 51 88 33
20 64 50 72 82 92 40
54 59 62 65 3 36 22
53 25 91 73 38 48 70
28 17 19 86 81 49 11
99 1 15 54 78 61 4
29 72 53 81 65 90 83
75 93 94 63 34 45 36
98 86 6 74 32 95 58
21 56 52 31 20 5 59
73 26 35 62 70 80 81
52 23 75 5 90 41 83
39 17 14 27 57 19 66
68 2 20 67 31 54 24
93 97 47 82 51 98 3
84 74 30 27 80 6 32
31 66 70 5 37 19 28
25 76 29 69 13 26 97
57 51 40 81 47 35 50
67 79 1 61 72 10 75
68 4 31 85 83 10 22
7 75 46 55 11 53 17
71 88 63 24 52 58 13
84 20 57 1 99 18 82
96 43 28 86 64 6 70
35 53 3 32 61 86 88
82 14 6 29 62 73 2
75 41 30 78 31 37 25
12 48 13 76 44 33 60
71 11 17 28 81 8 19
39 50 97 80 66 61 11
79 96 25 44 53 20 59
33 6 3 23 99 46 4
24 8 35 83 36 71 32
27 5 77 74 30 90 17
65 86 24 75 99 21 74
32 11 63 67 80 10 79
98 60 8 81 2 16 47
89 17 19 15 94 85 62
20 23 93 7 58 34 35
70 34 42 67 57 80 8
56 28 31 86 10 91 60
18 87 5 44 74 36 24
32 64 68 2 83 65 23
41 97 69 4 85 79 15
16 96 83 33 68 93 65
47 64 81 62 90 66 59
82 77 28 63 74 15 80
17 42 73 37 10 8 43
55 14 40 60 46 97 23
62 81 12 41 74 15 56
17 35 63 9 78 75 20
52 93 38 47 44 18 53
10 29 30 42 50 16 22
97 91 54 1 5 39 69
95 2 70 27 88 81 91
6 23 76 45 7 21 65
3 72 83 51 42 55 77
93 15 62 1 78 19 57
52 73 14 17 47 26 22
99 68 60 39 79 13 70
34 77 63 10 65 44 84
16 42 56 41 14 35 21
19 18 61 38 71 83 96
7 2 73 98 20 53 12
79
62
75
4
51
97
81
98
71
3
83
35
88
21
43
64
34
19
47
8
58
82
9
24
77
53
15
76
68
87
44
11
99
45
32
93
29
89
66
72
40
60
26
96
6
59
78
1
20
91
70
41
48
74
86
90
52
50
27
84
30
65
36
17
63
23
18
67
22
7
25
79
14
13
38
95
56
80
5
2
