6 7
49
50 70 59 62 35 88 86
90 36 40 11 18 8 53
55 1 85 21 81 4 94
54 7 68 82 67 61 15
63 29 22 20 42 77 71
34 31 52 91 98 10 93
3 68 8 76 62 53 95
32 71 19 34 91 94 46
90 61 92 22 77 64 57
97 33 26 10 5 25 28
55 41 21 99 87 45 48
14 17 52 65 30 98 73
39 73 95 20 16 12 57
34 9 22 79 11 87 14
45 58 13 97 1 86 49
2 38 89 94 23 27 55
88 44 46 21 36 59 17
53 33 65 61 80 81 7
86 12 54 43 66 41 29
44 81 73 48 87 79 71
47 95 25 98 1 28 32
64 78 16 65 51 49 5
90 76 59 89 27 83 8
93 42 17 57 33 68 20
94 43 45 23 92 4 72
38 96 37 56 41 42 51
63 28 70 88 22 69 1
35 40 80 58 21 57 48
60 19 20 71 7 39 30
83 10 25 53 32 17 79
93 22 85 61 52 87 84
17 92 66 60 28 16 4
29 57 18 42 88 33 19
27 54 49 36 37 55 5
58 89 75 70 51 40 44
34 12 79 59 1 77 81
62 45 26 88 14 55 41
21 83 13 49 82 76 29
59 81 30 79 34 54 92
61 90 57 10 93 47 38
69 1 94 64 37 36 63
7 77 80 35 87 4 99
96 79 20 81 8 95 31
9 38 6 14 30 91 55
98 29 84 93 19 94 64
99 33 21 42 85 41 86
16 75 63 90 51 80 66
77 72 36 73 27 89 2
39 88 6 93 22 94 73
3 16 19 9 2 64 23
12 27 10 49 42 54 35
79 92 43 75 47 38 37
70 85 53 11 61 97 68
99 65 36 48 32 4 29
60 39 3 94 69 57 6
53 97 21 79 16 42 90
40 96 51 95 5 92 23
43 14 30 54 91 24 65
33 83 70 32 29 76 77
4 26 50 47 28 19 37
27 32 96 21 72 66 40
4 19 62 78 42 38 83
85 49 6 48 81 75 45
33 30 29 87 79 24 91
61 74 10 80 8 52 25
11 41 53 39 90 1 59
46 19 72 66 78 25 12
30 55 11 53 64 82 35
14 33 56 29 71 77 22
59 87 26 49 21 84 73
80 20 75 15 63 69 99
94 52 97 88 62 17 83
70 80 31 36 72 15 27
66 86 74 83 89 76 56
46 1 2 71 40 60 23
37 87 20 3 26 14 35
92 38 44 13 77 43 48
19 61 93 24 11 98 58
48 90 94 61 38 76 60
45 33 36 84 24 10 91
25 72 81 82 97 28 37
95 53 50 51 83 42 3
18 16 58 89 73 35 13
80 30 39 69 93 47 67
90 22 98 91 16 39 83
32 36 37 43 29 38 70
54 73 4 94 74 62 1
44 47 86 33 60 9 72
99 40 56 57 24 7 21
46 71 78 19 5 68 84
28 72 32 6 65 98 68
20 37 97 83 49 94 90
73 66 19 47 48 21 27
3 74 18 7 23 82 61
95 15 13 75 63 80 69
8 24 78 76 58 25 88
42 8 59 84 7 22 95
71 20 27 55 85 88 45
62 39 32 78 51 97 82
53 35 96 89 16 76 1
10 5 33 79 99 30 11
72 3 90 98 69 73 44
49 26 41 44 23 11 13
40 63 18 86 12 4 29
85 58 14 10 16 22 21
83 5 1 9 6 92 61
93 33 42 24 50 94 2
34 62 82 47 69 65 96
86 20 60 78 52 22 14
96 37 64 58 72 62 76
40 83 10 16 74 50 51
38 49 93 81 26 57 89
91 80 19 3 59 94 44
15 2 1 73 97 46 34
62 92 93 29 44 74 4
85 68 16 36 12 46 82
86 98 10 96 80 33 56
71 5 22 43 32 84 6
9 65 48 15 2 18 90
94 76 54 81 89 41 77
29 85 99 70 47 66 52
60 88 39 71 38 95 4
65 76 31 75 81 73 35
51 2 67 23 77 56 97
91 80 42 62 86 11 49
79 61 8 64 90 55 15
86 52 91 32 74 1 78
75 49 66 14 96 18 40
33 2 28 68 29 12 64
94 13 31 15 61 54 73
36 85 46 17 95 80 79
11 39 35 62 56 30 19
6 43 60 88 67 75 91
7 64 89 29 11 45 22
71 61 57 9 28 2 87
30 70 84 39 53 66 44
1 74 51 72 10 97 79
92 52 73 78 85 96 42
44 39 34 85 35 72 38
65 5 32 83 37 24 36
11 15 9 1 45 96 97
50 90 73 62 18 92 57
75 14 27 2 13 23 87
99 12 21 8 29 6 41
32 62 91 2 54 33 77
64 41 44 43 35 86 34
72 45 1 19 51 71 70
67 40 25 94 53 78 15
8 79 87 16 22 82 89
49 80 27 4 11 3 58
92 99 10 14 82 4 80
90 85 87 2 42 69 77
95 36 61 93 91 97 6
22 83 66 7 76 68 3
48 18 96 81 20 63 25
55 13 41 30 65 75 16
17 52 72 69 20 74 79
3 41 6 86 56 47 83
14 8 59 75 40 93 85
25 61 92 22 54 13 18
62 68 51 60 10 97 76
55 7 45 90 4 50 70
64 6 24 36 18 32 85
47 44 78 10 50 2 35
27 53 94 28 98 52 23
13 74 87 58 12 97 67
8 33 83 40 42 56 9
34 84 57 77 89 41 45
50 43 75 82 66 73 62
86 25 26 55 21 71 14
65 6 99 64 94 9 90
32 54 48 57 28 7 30
95 83 97 40 74 44 91
79 88 72 31 8 78 17
94 60 36 15 19 86 46
24 65 82 73 7 80 44
39 49 6 32 50 63 30
35 9 47 17 96 27 13
67 58 85 5 89 74 95
26 76 78 81 87 2 45
40 95 60 70 98 56 83
36 82 35 86 39 8 78
18 80 65 67 2 61 52
94 19 14 33 92 77 91
47 59 84 87 57 43 58
17 29 68 74 23 75 25
8 64 98 63 68 15 76
50 19 51 26 34 9 89
49 59 72 95 58 79 91
57 20 12 32 65 22 52
33 16 35 94 86 5 29
17 48 54 47 14 43 28
15 8 54 52 28 5 53
21 25 86 84 14 36 73
40 88 87 60 19 91 24
62 83 43 55 35 85 76
63 68 38 89 7 67 74
64 92 22 61 59 26 51
94 13 17 92 83 4 35
53 16 66 99 59 29 57
21 37 43 40 50 70 34
73 86 28 55 38 74 75
91 22 54 23 82 18 51
63 24 30 89 46 78 42
44 88 21 40 43 70 89
10 64 56 33 76 42 91
36 28 72 61 1 84 51
11 93 63 13 48 35 55
54 74 17 62 50 83 60
24 98 38 22 12 97 32
13 91 71 11 3 73 36
94 72 24 76 57 18 65
87 47 23 32 55 74 62
17 84 89 45 43 39 67
40 85 83 14 4 61 90
60 25 46 54 92 75 59
68 47 70 21 18 46 79
38 45 55 1 9 72 36
69 74 98 48 14 27 43
24 77 5 93 6 95 35
97 73 33 12 34 50 53
56 7 44 23 32 40 80
92 61 2 17 76 47 73
53 44 9 91 69 56 71
84 97 89 40 59 45 39
67 28 36 86 52 50 83
23 32 58 99 10 18 82
27 94 43 64 41 98 12
78 8 33 98 5 14 79
23 45 20 9 50 3 60
71 38 44 95 70 43 99
85 11 89 40 92 10 34
21 47 73 31 94 30 93
7 56 2 87 46 91 80
8 80 13 62 6 25 60
14 56 88 74 39 49 52
55 41 98 15 89 45 87
16 23 64 78 1 21 58
17 42 83 69 27 96 77
35 59 29 3 48 84 28
45 84 87 2 43 48 35
68 33 28 46 90 10 66
32 63 50 85 62 60 70
40 6 7 99 1 96 25
54 69 11 79 20 5 34
17 49 27 15 59 76 24
99 62 34 74 88 87 6
11 22 67 96 79 80 8
21 4 60 98 72 36 46
42 70 91 65 52 94 73
76 31 81 95 9 48 7
27 13 17 41 39 43 64
91 33 65 66 40 53 72
32 60 43 20 62 26 94
31 54 36 44 74 87 37
11 68 84 89 73 80 16
64 57 18 79 52 55 46
67 22 9 58 63 41 59
73 17 75 57 68 90 93
67 46 86 51 89 20 13
1 2 65 82 59 87 62
16 76 52 74 83 92 14
55 47 42 96 19 97 85
32 99 79 8 64 35 25
26 28 6 9 98 29 76
92 69 91 8 31 65 60
72 35 22 40 11 53 12
46 58 37 81 14 39 27
49 83 87 2 47 54 45
24 84 78 16 57 64 94
1 15 77 76 56 68 97
41 59 46 34 51 26 30
86 43 94 6 7 44 52
90 16 75 45 96 42 89
27 62 20 12 57 39 63
82 19 35 47 88 98 40
69 65 27 67 75 62 88
46 32 53 8 11 18 39
58 2 59 92 95 49 41
23 54 55 30 14 38 71
48 61 24 35 64 50 76
86 21 10 7 9 97 73
93 75 95 89 14 59 44
16 37 41 2 91 57 74
98 45 32 84 67 35 17
55 86 73 87 5 48 80
40 28 19 25 64 12 51
34 60 38 33 43 22 78
97 70 74 21 73 11 83
20 44 86 47 51 60 31
37 40 23 68 58 45 33
38 36 25 56 22 72 26
15 62 5 49 81 19 4
61 7 54 9 63 3 2
30
54
46
18
47
40
70
3
7
65
78
45
62
5
34
50
72
28
79
26
15
21
60
31
30
57
48
39
17
1
49
