9 8
83
61 92 90 57 82 38 74 40
78 25 39 59 65 15 44 80
56 98 87 27 41 18 19 89
72 86 4 83 85 60 77 54
47 97 66 69 1 95 9 88
96 13 48 91 76 17 26 21
81 84 7 14 3 20 58 63
30 36 16 46 75 6 42 43
5 11 93 29 23 12 8 2
17 45 81 31 27 95 73 78
25 66 63 68 86 69 41 65
44 54 88 19 37 50 96 79
99 74 5 57 93 84 42 1
40 85 16 48 28 32 51 15
34 33 29 39 60 30 10 35
4 38 47 67 7 55 43 53
14 72 18 71 80 59 64 13
87 97 91 56 90 26 36 12
48 86 31 32 99 63 57 55
39 67 9 8 74 72 65 44
61 94 30 52 38 70 82 60
62 73 28 53 13 6 66 80
7 59 40 96 95 26 49 17
22 77 12 16 10 79 24 51
58 85 54 42 98 15 45 11
69 71 20 14 21 37 23 91
92 41 25 88 43 27 3 34
97 74 71 17 16 25 20 69
6 10 82 63 96 12 68 87
34 5 24 58 8 88 40 26
84 94 30 76 66 2 98 70
22 86 4 81 93 99 9 19
39 64 89 27 11 23 56 79
49 46 38 67 42 61 90 60
55 80 72 14 29 36 3 13
44 33 53 47 7 15 28 21
25 85 54 44 15 16 56 23
95 69 67 73 12 2 96 42
64 66 97 50 34 43 39 92
11 40 10 98 47 5 83 49
37 4 38 35 3 19 88 90
76 79 52 33 6 99 89 75
31 17 86 22 55 32 20 72
71 77 82 58 51 80 81 87
74 59 1 70 78 28 57 68
75 82 93 10 30 16 20 33
32 92 8 48 31 90 17 56
83 26 54 88 13 37 45 1
51 11 24 21 62 46 85 94
23 50 58 55 67 95 77 98
9 41 5 76 38 18 35 87
22 89 34 96 78 47 91 57
28 49 52 68 27 99 84 14
81 42 2 66 65 19 4 53
64 39 98 73 52 60 43 69
36 91 1 38 56 74 20 37
5 88 62 30 89 25 45 12
7 21 70 63 10 59 50 85
94 93 17 95 58 99 80 55
42 86 11 67 28 92 2 34
26 84 3 79 23 87 8 22
6 15 72 82 83 61 97 33
13 31 35 29 32 9 65 57
59 28 17 2 39 14 67 97
22 52 63 29 16 70 15 1
85 84 33 48 79 99 77 18
81 12 53 20 96 50 82 5
94 55 89 47 3 71 44 54
6 26 78 49 90 91 62 74
32 60 61 9 66 86 4 65
24 56 7 69 35 38 42 68
41 98 95 83 40 10 57 76
58 71 53 60 51 33 8 13
32 90 27 88 65 4 44 72
62 64 55 92 29 74 40 12
39 70 15 50 49 46 61 41
20 89 14 1 48 59 34 31
93 79 86 37 80 23 36 83
82 47 84 57 99 77 43 5
76 22 87 7 94 9 3 35
73 21 52 24 17 81 28 69
96 83 1 84 57 63 99 64
40 39 66 47 69 73 3 44
33 15 19 54 42 59 95 16
56 41 85 35 11 78 25 58
6 29 28 12 72 67 68 55
79 20 76 91 38 45 8 74
49 52 65 70 14 77 7 61
31 93 75 87 9 18 43 34
98 5 13 94 60 23 81 26
21 84 39 47 23 81 63 59
4 97 44 26 20 5 42 72
73 32 38 34 93 69 37 25
68 11 76 50 22 80 6 65
85 24 74 13 87 82 98 92
40 62 31 53 60 29 58 30
95 27 45 19 75 61 14 17
64 51 7 56 3 2 54 55
36 78 48 52 46 8 57 49
97 32 75 18 8 78 87 93
74 30 79 34 13 19 76 89
38 84 42 33 99 77 3 44
58 60 80 31 96 82 25 83
63 48 62 4 61 26 39 73
70 57 50 86 40 23 88 37
10 28 11 81 15 29 47 17
45 98 16 21 66 55 64 90
5 52 85 91 35 14 67 2
13 36 32 75 9 39 85 8
48 84 89 78 51 6 37 30
65 35 76 31 98 44 14 42
28 22 53 50 24 3 38 58
18 52 27 83 46 99 45 73
68 66 90 81 20 86 67 1
61 40 33 49 10 7 16 82
55 29 62 96 54 17 70 87
15 12 2 91 26 74 21 97
2 64 25 29 68 94 30 99
93 38 53 98 9 49 12 67
8 54 97 6 46 52 76 22
24 88 61 86 60 14 66 56
90 71 4 11 41 48 13 84
27 5 65 81 45 95 85 3
32 7 19 50 18 91 39 1
43 36 75 40 79 78 16 20
62 89 77 26 51 92 17 47
32 21 96 87 13 51 55 99
2 70 69 31 45 66 74 39
20 59 35 78 43 46 58 17
23 67 98 91 61 60 53 14
37 40 28 81 73 92 85 24
5 41 75 63 9 50 42 33
26 49 57 56 80 79 72 27
65 64 18 4 88 7 30 89
12 62 10 86 19 3 52 48
23 78 45 71 75 10 31 56
38 19 30 1 40 12 28 77
53 96 39 7 62 86 81 68
92 97 44 5 80 51 50 84
61 49 65 20 14 82 95 18
41 58 34 93 35 70 27 99
16 90 21 11 8 60 25 47
66 48 79 83 24 13 72 63
32 55 17 98 67 85 94 54
64 60 20 28 91 21 42 78
15 74 46 75 97 79 99 72
6 87 53 57 49 67 90 33
70 3 63 65 14 7 12 68
39 19 73 88 58 1 51 82
34 52 8 23 10 59 32 40
61 94 62 44 18 95 2 37
45 66 85 92 4 11 41 77
93 76 89 50 80 25 16 83
97 11 95 74 28 94 34 75
68 57 50 20 77 37 62 99
69 48 19 23 89 72 3 85
58 55 60 26 42 17 91 93
47 65 1 10 21 33 71 79
98 52 73 32 63 59 83 4
8 45 96 86 88 25 39 78
82 67 81 64 49 15 80 27
35 9 2 16 13 51 7 24
1 4 58 5 82 55 60 87
38 91 25 29 95 75 44 88
53 6 15 32 47 80 72 61
18 3 86 97 40 83 74 36
48 73 70 16 43 92 65 96
69 41 24 34 46 14 85 50
39 10 54 71 78 99 89 26
77 52 23 27 51 59 67 66
62 93 30 9 57 56 20 98
32 75 72 31 35 59 42 8
43 48 88 95 62 73 12 40
66 51 68 11 19 93 28 53
65 89 63 56 90 5 94 74
79 22 54 82 36 46 80 49
33 38 58 83 23 71 7 37
78 92 26 2 13 1 44 41
18 14 9 16 29 86 10 99
24 69 87 81 76 27 67 64
87 41 29 89 81 95 64 16
75 43 12 8 52 76 7 35
18 42 84 40 37 32 28 86
31 50 65 46 24 68 97 15
20 13 2 21 88 92 33 38
45 39 48 85 90 25 11 93
82 77 79 17 9 4 54 74
57 91 53 51 98 44 66 63
55 23 19 69 60 67 96 59
56 2 86 99 8 28 17 49
55 63 1 64 48 15 83 50
79 80 69 58 67 39 5 42
74 47 37 62 32 84 12 24
10 92 54 97 23 60 91 73
3 4 34 30 6 35 82 25
53 7 31 96 36 40 33 93
70 27 87 22 57 14 72 59
16 61 38 20 21 11 51 77
12 64 88 60 99 9 14 6
66 7 38 98 72 86 35 84
46 31 83 22 51 65 2 58
71 67 11 29 56 4 89 32
93 47 77 21 87 50 49 52
91 79 73 78 17 94 37 10
43 92 68 90 82 95 13 80
59 63 97 85 70 40 18 16
20 74 54 33 5 69 45 36
28 11 13 39 68 91 61 77
59 40 67 30 55 60 43 73
57 83 47 94 48 46 85 38
42 80 88 15 93 32 75 35
99 62 79 70 18 26 58 74
33 10 22 97 82 8 53 78
2 49 3 92 65 54 4 17
63 71 12 44 19 69 21 76
51 36 20 37 87 41 98 14
97 16 23 94 76 20 30 37
14 58 79 3 47 24 43 8
59 71 83 80 72 15 1 90
96 56 51 78 9 36 26 63
32 5 86 28 19 64 69 41
92 95 89 52 50 81 42 38
60 35 21 87 98 75 68 74
62 34 91 82 40 22 39 85
46 33 70 99 49 45 17 6
67 91 25 4 19 86 56 64
81 1 49 74 20 62 26 12
90 88 78 89 17 7 66 29
97 50 61 71 5 27 43 70
96 58 75 46 98 60 93 73
95 35 76 47 40 80 3 38
94 36 85 10 55 2 18 53
22 92 37 99 42 32 52 13
83 8 41 6 9 33 14 45
17 66 5 1 74 19 12 48
65 79 67 61 87 97 55 7
28 92 3 32 64 77 71 98
9 11 4 51 72 18 75 90
10 81 50 40 59 27 42 41
22 33 63 46 91 58 49 78
21 84 82 89 20 44 30 8
31 16 86 23 45 52 37 95
25 57 15 88 35 94 68 70
48 61 39 92 81 22 55 58
26 16 8 12 7 66 11 60
87 53 35 96 95 47 44 37
28 2 68 38 74 42 82 70
98 67 32 94 34 43 64 33
85 20 23 78 15 77 56 79
93 89 21 25 84 5 18 69
97 51 31 3 65 54 52 19
83 10 90 45 14 57 80 27
5 71 53 52 60 4 7 69
64 93 21 9 13 80 49 51
43 61 85 23 97 62 32 12
18 77 94 1 48 57 3 6
15 27 88 24 81 83 25 45
58 8 90 74 59 14 66 26
28 72 95 16 67 78 36 41
19 30 44 34 10 39 47 68
70 79 82 65 37 99 2 11
70 94 89 26 57 27 31 20
78 6 12 69 81 2 4 86
30 88 55 83 41 74 90 82
33 54 8 36 59 68 42 63
49 96 77 98 52 29 95 3
38 75 66 91 45 67 9 79
97 16 15 61 53 87 34 80
22 72 32 44 47 99 65 23
14 56 85 1 76 93 60 50
29 7 30 26 24 49 96 88
54 80 53 28 68 47 66 73
17 86 38 4 8 11 83 55
37 44 85 82 33 95 40 99
25 78 27 3 36 70 6 45
76 2 50 20 46 56 14 1
23 52 34 41 58 93 12 72
64 63 91 18 71 10 84 60
89 92 61 81 77 51 22 31
9 18 58 67 49 68 66 19
57 85 7 51 97 10 16 13
40 78 74 27 42 76 52 48
99 96 61 21 71 53 25 23
6 59 17 46 79 29 3 28
65 36 37 1 30 55 11 93
24 8 70 22 5 62 44 81
73 31 83 50 33 43 63 72
54 12 35 94 41 69 92 2
65 44 72 96 23 4 37 22
48 60 84 62 66 9 19 5
17 31 94 90 85 77 26 11
16 36 79 24 53 46 75 93
87 1 69 34 35 92 81 47
33 8 51 7 91 14 39 80
63 70 82 49 18 40 76 32
54 74 3 89 42 58 15 13
73 38 52 71 55 27 30 99
64 62 36 71 9 67 83 2
85 66 6 82 84 80 53 33
77 92 58 44 35 78 43 22
51 98 75 95 86 99 38 72
12 91 48 29 70 37 13 96
42 11 1 4 74 69 24 27
57 76 30 18 19 26 28 3
7 45 46 55 94 47 8 87
31 39 93 56 20 21 41 97
10 54 31 7 51 40 32 87
1 11 93 41 50 90 97 45
95 62 82 12 44 46 53 42
75 14 15 89 57 76 9 70
73 48 55 39 36 71 52 72
94 88 59 37 8 20 60 65
99 34 19 68 4 83 13 33
77 22 69 86 2 47 17 81
58 38 35 18 27 66 78 64
8 50 24 97 49 99 95 67
83 28 5 29 61 88 56 15
26 14 2 82 96 92 87 41
43 31 78 48 32 35 54 37
19 34 10 98 79 80 25 9
40 69 45 3 42 60 18 53
76 12 46 93 73 81 77 20
13 84 65 58 1 30 27 16
33 51 55 11 38 74 63 59
50 87 65 32 6 52 80 38
8 89 42 11 15 5 86 96
94 75 34 31 66 76 58 17
30 44 7 85 77 91 37 55
13 53 27 36 9 21 28 63
2 79 24 56 10 41 69 19
88 40 60 83 35 33 78 43
57 1 14 74 23 45 64 16
12 97 73 71 72 48 26 70
82 80 59 39 40 96 92 25
19 79 51 23 37 70 16 63
99 91 43 24 6 36 97 55
62 2 42 83 74 49 18 90
5 20 21 86 46 48 31 78
12 88 67 38 75 64 65 8
61 71 73 1 14 69 27 41
93 22 45 3 87 85 9 35
81 60 98 94 76 50 33 29
68 25 8 17 45 7 19 42
3 91 39 46 26 52 21 70
94 22 12 72 99 59 65 64
24 82 66 33 15 2 5 95
87 50 53 88 20 35 23 44
4 76 56 58 48 98 90 43
31 97 51 9 1 10 54 92
78 37 80 84 67 27 55 93
6 71 85 13 36 62 74 16
12 26 20 91 6 67 29 19
42 94 73 72 23 50 32 8
3 45 9 27 33 18 2 54
71 59 14 13 93 5 78 79
36 64 55 57 90 22 37 80
74 76 88 40 66 95 51 60
87 84 48 47 34 46 62 38
31 86 10 39 28 99 70 75
4 41 16 52 81 65 17 43
73 46 52 31 8 13 60 82
95 19 77 63 33 5 42 61
79 96 59 11 1 44 6 21
72 88 86 53 10 4 47 99
18 40 67 92 23 89 36 69
29 39 41 68 85 75 49 25
91 45 38 56 12 51 24 93
94 80 37 43 16 87 54 27
97 17 2 20 98 57 62 26
65 41 64 8 61 7 18 89
53 37 58 74 84 3 10 87
81 46 44 40 62 56 91 60
69 80 70 73 94 55 11 36
77 38 82 51 49 47 24 59
83 2 79 42 76 52 39 32
4 97 72 19 22 35 92 99
67 90 68 26 71 15 31 66
28 5 45 29 16 48 12 6
45 55 53 57 71 92 59 44
27 84 66 63 38 19 32 72
77 43 25 89 22 7 4 54
50 95 33 82 64 39 97 5
91 30 67 20 10 34 86 36
62 68 74 35 26 58 98 87
65 16 14 47 3 40 28 6
96 2 1 56 88 24 76 48
37 73 79 83 52 42 21 94
4 22 19 51 59 92 61 29
33 24 82 16 23 48 69 62
86 21 18 99 65 47 11 40
53 66 84 95 91 98 35 20
97 10 89 90 79 77 76 72
75 88 34 9 1 60 96 13
70 55 27 39 3 45 49 37
5 36 38 30 87 94 64 83
74 67 17 71 52 44 81 54
78 21 15 32 2 57 34 86
74 35 3 81 46 49 56 38
29 98 59 53 76 36 9 77
10 30 80 24 13 52 50 82
43 14 68 69 61 40 55 85
33 25 28 70 42 45 66 84
99 1 20 7 63 48 90 72
88 65 11 95 44 87 6 94
64 22 26 17 60 12 96 8
80 33 57 42 71 23 14 27
41 22 31 24 29 74 50 89
28 46 59 85 26 67 81 84
21 91 87 47 44 3 79 1
99 25 96 15 8 40 16 77
6 72 39 62 13 63 83 94
58 34 10 30 56 65 11 45
98 48 2 92 76 32 4 52
60 35 38 12 36 73 18 53
16 59 72 97 28 78 3 44
63 47 98 69 42 33 9 24
10 64 32 34 60 22 93 50
7 39 45 65 38 8 48 29
52 40 79 49 85 2 31 55
70 25 46 92 81 61 57 20
36 27 75 12 99 82 5 54
89 56 76 6 73 91 21 19
90 13 41 11 30 83 51 58
40 17 32 11 82 75 1 52
85 31 41 58 12 92 51 26
91 49 33 65 78 81 89 20
23 57 77 35 74 21 6 84
16 63 15 39 59 37 60 86
83 38 7 67 36 73 8 19
3 2 46 25 55 76 30 43
29 71 96 9 47 44 27 88
56 4 5 48 97 13 93 79
66 18 27 34 42 13 65 52
68 86 1 41 60 61 24 2
38 28 56 64 20 91 83 69
50 25 7 29 97 40 39 19
4 51 45 92 78 47 8 12
77 21 74 43 53 9 79 71
17 37 99 15 31 84 76 72
30 16 10 36 82 14 95 54
5 44 3 26 6 96 55 48
35 98 7 16 75 10 53 15
61 59 21 46 64 71 86 5
51 92 57 91 1 8 96 70
36 25 2 94 62 6 22 85
34 3 58 79 12 69 54 37
66 31 55 30 84 49 19 87
73 29 11 48 17 4 90 83
40 67 18 26 27 76 9 93
24 65 88 47 72 41 56 13
77 9 25 14 42 99 11 20
2 12 13 93 44 35 56 92
24 85 5 32 90 83 4 8
52 97 55 27 21 64 6 39
47 80 1 66 98 29 60 74
58 75 48 17 43 96 95 94
19 57 89 88 33 86 50 37
59 76 84 31 79 82 63 46
40 71 49 91 22 16 87 61
33 77 16 48 65 15 63 64
27 3 88 89 86 38 21 36
53 58 66 40 74 7 99 11
6 44 26 67 82 34 50 96
13 72 84 37 92 73 25 83
55 59 23 68 85 78 56 81
31 17 75 95 4 24 9 47
90 30 76 71 5 39 8 62
91 94 98 43 46 93 18 22
79 77 15 44 31 16 97 8
98 34 45 49 86 22 52 54
19 67 29 82 27 12 94 51
38 18 11 36 32 64 83 6
65 10 60 73 56 21 50 95
99 80 72 59 63 1 61 62
57 92 87 14 46 5 81 17
28 74 90 66 24 30 70 89
25 42 40 4 13 75 23 39
74 9 94 64 91 61 85 59
16 53 80 66 42 43 2 13
38 37 31 95 83 41 88 89
30 56 98 58 69 76 44 8
46 77 40 11 79 28 96 12
18 17 3 23 86 63 14 34
10 48 22 39 32 97 51 60
1 7 4 49 68 33 87 55
52 29 6 54 92 65 15 50
52 26 96 71 63 54 12 21
86 73 41 20 61 3 65 94
67 16 64 17 28 68 81 42
60 78 62 49 82 87 14 56
9 79 74 5 91 37 70 51
4 18 83 85 31 50 29 27
10 84 8 46 43 92 35 75
53 47 88 48 99 15 76 11
97 57 7 25 38 72 34 90
64 53 46 61 57 12 4 17
65 48 45 6 84 94 42 31
78 40 79 91 16 14 8 10
37 43 72 50 71 66 23 41
93 67 34 13 27 38 83 32
97 30 69 86 22 95 25 28
15 49 59 2 87 33 7 44
90 24 63 51 68 88 76 62
47 60 74 56 52 54 80 96
40 22 11 69 32 7 28 15
45 70 21 88 87 30 46 81
3 47 27 64 55 52 43 74
4 24 51 17 99 39 91 96
12 2 44 66 49 83 41 16
6 89 26 14 75 57 54 97
60 86 58 90 85 37 36 48
82 59 13 84 20 79 72 71
34 50 18 68 31 76 92 80
26 60 43 94 15 29 30 2
35 74 44 47 84 50 24 77
4 49 16 61 45 59 22 32
88 80 17 7 5 93 85 33
99 81 39 53 20 9 71 72
37 63 56 78 98 67 36 97
76 86 42 1 13 28 34 66
62 41 69 79 55 52 91 48
65 83 8 19 68 6 89 21
75 20 88 77 1 50 84 87
96 38 61 71 36 44 94 14
66 46 6 26 80 90 35 37
31 78 86 29 83 25 60 13
16 49 98 92 27 63 81 69
19 53 24 30 56 28 18 2
43 10 34 9 59 97 99 7
70 33 54 40 17 79 32 67
93 72 4 64 73 62 42 15
20 97 46 90 25 92 87 65
89 27 14 66 17 80 38 56
49 36 55 62 53 76 68 84
63 24 22 64 81 96 39 98
71 16 5 44 72 85 9 6
47 21 77 43 34 15 69 10
57 12 37 52 86 11 74 48
45 91 33 70 4 26 19 88
7 94 2 41 73 23 93 40
21 59 10 9 19 2 94 4
23 17 38 50 57 53 33 88
95 24 35 28 92 49 6 54
90 8 36 81 44 62 15 61
73 32 60 69 27 51 37 12
80 5 20 3 97 31 86 70
99 64 16 77 1 42 45 41
43 25 7 85 14 67 46 65
55 66 26 39 29 18 78 93
47 95 61 9 92 66 98 27
93 75 77 38 20 16 13 41
86 10 2 60 7 45 65 53
68 39 96 33 81 89 59 28
57 67 48 8 83 5 30 82
6 58 46 17 22 74 31 70
91 36 80 44 54 25 32 43
29 19 94 52 62 24 99 78
37 63 73 50 15 85 1 76
96 25 10 4 42 72 15 70
23 67 56 59 45 6 64 35
73 95 39 61 30 69 92 98
36 63 82 94 54 44 5 57
19 28 83 60 48 18 38 93
52 11 2 90 41 24 22 13
97 87 32 58 31 16 49 17
71 20 80 91 78 76 89 74
66 21 26 51 46 8 85 65
56 70 61 39 21 41 7 14
29 83 42 91 34 27 95 87
48 81 97 22 10 82 58 51
73 84 11 3 62 30 88 68
64 18 74 79 99 31 35 52
54 71 36 86 57 37 17 47
8 28 24 93 26 85 25 4
53 89 43 69 65 55 45 16
77 20 32 1 44 92 40 5
95 71 14 69 32 29 70 19
88 23 28 75 50 73 72 36
80 86 53 92 97 58 25 84
12 96 42 76 21 16 57 79
39 8 66 1 2 82 68 4
48 49 78 9 30 6 81 33
47 27 45 46 24 38 11 61
87 65 90 34 17 20 3 18
98 26 67 5 60 7 22 91
40 88 25 77 27 24 39 86
31 33 53 80 16 78 63 21
6 75 73 97 70 96 20 81
4 45 60 8 82 28 99 90
76 79 49 44 83 92 19 50
47 62 68 74 71 30 72 87
1 46 95 66 37 89 13 11
41 51 2 64 17 56 26 29
85 36 35 48 59 52 58 57
77 21 80 18 7 75 99 8
32 36 43 5 95 2 93 41
47 19 4 10 90 81 16 42
98 73 54 40 29 39 20 83
65 6 70 13 1 74 92 31
27 72 37 62 97 44 49 67
64 66 58 89 12 53 45 96
25 87 60 52 76 68 94 34
35 86 71 85 69 15 55 51
82 66 48 80 47 27 77 29
16 36 72 20 96 21 28 13
6 83 86 35 53 44 9 18
39 33 70 91 71 74 17 3
92 7 15 81 67 10 55 1
90 87 37 50 23 65 34 85
99 30 54 59 61 42 14 43
56 75 24 26 97 32 63 22
62 73 12 78 68 64 58 5
12 20 90 89 52 86 60 77
64 9 6 32 37 5 79 88
15 55 39 16 47 30 59 56
29 93 4 80 27 50 41 40
84 49 17 19 36 34 70 43
18 2 28 72 21 33 42 25
65 96 66 58 35 22 82 62
91 76 92 63 68 13 24 69
73 75 14 23 85 78 46 48
29 28 94 73 14 21 33 69
53 45 92 41 68 60 78 71
93 62 90 4 6 79 52 76
89 65 59 17 88 61 49 91
38 34 47 2 11 58 22 46
95 77 43 40 64 70 98 3
9 10 15 13 37 8 82 54
84 30 97 36 12 18 55 66
23 86 81 74 44 72 7 1
87 32 36 26 20 35 11 45
40 8 3 67 23 48 16 57
55 14 66 29 21 56 60 99
18 78 19 81 49 10 82 9
54 92 5 68 25 90 39 77
38 98 37 74 51 83 95 72
28 84 34 33 12 59 75 93
30 73 85 50 24 1 69 96
94 71 7 52 13 97 44 58
88 4 47 81 16 30 25 15
48 39 91 31 60 2 1 76
64 29 78 82 52 57 68 75
7 61 49 86 38 21 80 58
6 26 54 9 28 3 56 17
72 23 99 66 96 92 77 70
45 46 98 59 12 53 19 11
27 90 62 8 74 65 55 43
42 36 85 50 14 22 32 40
39 76 75 38 18 10 91 52
48 69 29 85 37 32 11 60
81 17 7 94 61 14 2 79
36 1 99 47 90 68 8 58
42 34 70 62 21 72 66 33
59 73 57 26 96 16 98 87
56 50 28 53 19 92 43 83
97 49 22 65 82 46 15 23
31 63 78 4 84 30 27 24
38 23 20 67 5 57 77 14
58 13 66 82 34 15 69 3
10 94 56 92 74 47 52 17
85 16 68 87 54 53 18 80
22 79 86 59 21 63 95 78
55 60 49 41 83 8 9 7
30 1 11 46 51 19 6 32
40 2 42 28 33 99 98 43
61 65 75 26 64 90 24 48
10 60 93 67 86 75 3 57
47 6 68 48 28 53 54 9
33 74 46 43 88 96 92 84
61 87 65 44 59 79 72 49
31 99 26 64 77 91 80 69
36 17 22 98 45 78 70 29
52 13 62 32 41 16 39 2
21 35 76 73 89 24 40 90
71 51 14 12 81 55 82 4
65 73 90 82 20 6 62 3
88 79 59 72 36 48 35 74
44 21 50 89 41 69 68 28
31 24 15 4 23 49 76 34
8 58 19 77 84 96 92 16
83 78 56 40 80 71 55 5
67 85 54 63 86 12 97 81
61 39 51 70 38 30 47 95
7 29 42 22 33 57 75 87
43 44 21 22 79 38 32 58
84 20 31 94 45 52 50 29
18 46 35 36 26 16 62 72
34 82 81 55 61 57 37 5
23 98 93 78 66 30 90 19
53 40 67 97 73 17 25 60
6 85 28 4 63 96 87 92
91 9 83 56 68 3 71 42
88 39 12 89 14 95 24 27
28 31 16 60 93 81 70 21
14 26 41 86 48 75 47 62
38 19 59 64 54 17 90 7
98 74 82 25 23 45 27 55
50 79 4 35 94 43 96 69
92 80 51 37 44 99 24 32
63 56 71 2 6 76 29 88
65 84 46 22 97 40 52 68
67 95 58 78 5 83 20 53
36 78 99 9 80 46 3 34
51 2 94 21 90 50 24 52
49 96 75 12 17 62 47 95
64 29 55 85 20 84 69 45
48 28 30 35 22 68 58 83
32 67 38 8 43 11 26 33
40 7 60 41 97 74 18 5
73 4 91 88 27 79 59 63
93 81 72 82 15 56 77 25
88 28 40 86 16 12 21 27
10 84 68 15 74 98 65 13
4 56 36 46 79 77 44 22
71 97 70 75 62 83 63 87
45 37 26 80 1 81 43 29
5 93 90 38 42 18 30 54
6 61 20 34 32 72 7 9
58 48 96 41 47 19 59 69
66 23 49 60 95 67 52 53
35 5 70 75 99 14 4 65
63 26 38 10 46 94 43 77
7 23 29 85 39 11 51 58
15 44 59 55 30 95 62 66
42 81 83 98 52 72 87 93
28 18 36 82 19 13 64 49
57 92 61 12 90 68 17 37
16 76 79 32 25 48 91 47
3 50 53 60 8 73 78 31
4 2 3 91 48 19 51 82
66 65 7 54 5 61 34 17
73 71 96 42 14 32 31 75
86 52 56 98 23 94 72 58
1 79 8 57 45 76 68 50
69 99 78 83 12 59 29 9
89 26 39 41 80 36 33 27
63 25 35 95 10 77 81 62
28 40 44 90 37 60 87 43
64 69 41 57 66 99 12 18
67 56 7 97 37 68 91 88
44 11 95 62 33 93 1 55
59 8 28 24 63 83 45 38
75 20 50 48 78 6 3 54
14 90 92 82 39 58 16 42
74 30 89 52 22 79 31 21
71 10 17 76 23 77 61 94
9 43 2 96 84 85 86 25
1
45
