9 8
52
13 57 61 51 41 29 37 72
67 2 97 23 33 95 20 56
99 40 70 15 80 88 59 31
32 89 44 38 68 85 42 28
98 63 75 11 71 82 19 24
87 1 65 90 4 6 7 36
9 60 77 48 5 83 45 39
73 54 94 50 66 43 74 18
58 14 92 91 30 93 25 78
12 36 20 26 42 15 54 65
73 67 40 8 68 96 25 79
74 57 27 6 59 30 88 50
62 49 51 4 17 14 61 22
45 69 23 83 56 58 31 34
66 55 21 85 89 53 24 72
97 52 1 39 63 81 43 7
84 38 98 64 13 18 86 32
60 33 92 99 90 46 19 41
34 24 28 98 43 19 31 9
59 32 42 50 4 52 97 3
77 70 73 76 18 16 36 25
63 20 93 41 30 78 81 38
37 39 53 84 6 74 10 75
27 85 47 40 22 15 67 5
55 71 80 95 57 61 17 65
26 44 7 1 86 66 87 13
69 62 82 96 29 79 45 11
50 36 19 14 62 92 59 86
39 28 29 82 99 66 20 30
58 3 51 32 48 16 80 79
77 87 64 61 89 26 55 11
25 65 7 84 91 71 93 76
98 40 18 83 27 63 43 38
9 90 85 45 52 69 72 33
12 8 1 49 34 73 17 44
10 13 95 96 24 41 4 97
36 44 26 28 29 85 16 91
50 35 55 47 42 54 34 20
46 11 13 32 65 80 31 75
19 3 62 49 78 87 38 72
24 51 84 70 64 73 57 15
17 86 21 98 71 99 82 27
43 94 52 77 2 4 40 56
30 45 61 89 96 48 58 18
88 14 25 67 63 9 81 1
57 65 50 48 36 68 25 60
20 29 67 11 87 18 24 95
59 37 75 52 55 97 45 92
5 21 31 9 32 12 94 70
63 62 93 71 22 27 39 96
40 78 38 44 7 82 17 56
76 35 83 53 77 8 66 89
80 15 84 49 13 90 26 10
2 41 99 86 28 14 91 64
4 53 99 42 7 91 11 76
15 84 72 43 58 14 75 64
52 90 50 92 68 63 62 38
94 24 28 66 13 81 30 36
3 47 35 25 57 34 79 39
19 22 85 32 8 88 46 33
18 71 55 31 70 54 82 20
45 69 5 93 86 87 2 26
44 9 56 67 51 40 80 6
63 2 59 53 13 20 47 54
82 44 31 48 29 46 18 95
79 25 97 93 6 81 85 58
41 51 64 68 9 7 98 16
71 66 55 35 10 5 92 76
39 65 17 37 14 96 72 86
49 87 4 62 38 89 74 78
15 57 27 19 32 26 77 73
60 22 33 43 94 83 42 80
99 65 54 47 9 34 40 56
89 64 7 10 59 11 53 84
36 15 60 43 73 37 81 94
19 96 63 68 2 29 33 74
41 78 23 44 91 16 62 35
85 4 61 31 14 50 32 75
38 97 88 42 1 48 45 8
25 30 69 52 28 67 82 98
12 77 55 24 76 27 71 95
22 86 30 47 92 98 2 3
63 72 57 58 70 80 14 41
60 26 61 44 34 73 23 15
69 51 93 36 38 74 33 94
84 68 11 87 16 9 1 89
64 53 65 25 5 40 71 99
67 48 7 52 54 85 97 75
91 49 29 35 10 18 42 66
76 43 77 81 96 31 12 21
25 13 83 51 1 49 76 9
96 78 30 84 38 43 99 39
93 55 82 68 26 54 19 88
66 41 33 64 34 70 18 35
79 95 60 56 7 12 69 62
31 17 57 67 24 50 27 44
22 11 73 80 52 42 23 87
16 36 53 21 72 97 48 74
6 20 63 89 90 47 15 65
50 33 38 17 71 42 80 27
36 57 21 31 62 18 9 35
2 74 78 91 86 60 16 32
13 73 72 5 55 95 7 1
92 77 39 99 66 83 34 19
70 54 76 12 6 14 51 93
8 90 67 10 63 30 15 85
87 46 64 49 75 37 28 41
79 82 96 52 89 56 98 45
87 58 84 86 2 65 11 56
49 5 25 92 16 68 99 1
75 39 98 96 83 8 97 81
80 51 44 77 14 45 59 79
20 50 23 93 70 33 34 57
88 26 53 32 37 89 74 40
67 22 18 46 69 90 36 64
10 42 48 60 7 47 54 3
43 94 82 61 21 31 52 29
34 53 78 52 24 56 46 76
74 32 51 62 67 47 28 7
64 89 16 31 30 86 26 37
39 4 40 72 33 19 75 60
70 94 85 88 25 80 12 81
44 84 97 92 55 71 14 11
42 13 22 93 66 91 99 3
20 41 61 63 5 35 15 9
54 82 90 8 68 59 2 48
4 50 98 93 48 29 10 88
66 20 59 37 53 9 57 52
69 71 97 74 64 96 61 60
42 81 25 82 89 33 67 85
3 31 8 13 79 80 17 46
7 41 22 68 19 49 58 24
32 14 40 38 44 76 63 86
62 77 39 90 35 1 11 2
91 84 26 73 95 43 23 55
37 99 54 42 93 62 29 49
38 26 90 46 50 30 51 67
15 47 33 40 2 85 23 36
35 18 45 78 20 96 6 95
97 21 19 43 64 63 86 1
88 98 10 94 61 76 77 73
34 41 27 81 65 11 89 59
32 17 74 24 12 57 14 56
68 39 48 79 3 91 4 60
30 48 22 79 8 27 89 84
63 70 16 98 40 66 9 49
35 21 97 59 72 26 51 25
39 91 83 33 38 80 37 29
69 10 99 95 87 3 90 50
12 71 17 55 4 36 60 15
52 1 7 19 76 73 24 74
94 88 44 65 18 53 5 58
34 45 43 86 96 67 32 46
17 57 81 39 28 15 63 16
31 32 64 82 73 83 19 71
72 13 1 41 69 96 42 93
37 61 67 65 9 92 91 98
20 33 25 8 53 18 77 80
66 78 22 45 24 40 84 75
46 50 79 97 58 99 11 70
38 95 3 85 49 4 12 68
14 43 44 56 6 10 35 55
29 1 18 46 55 78 88 35
4 27 67 54 53 62 40 70
59 31 69 6 52 84 80 23
77 30 3 99 44 97 9 94
83 92 43 49 58 47 60 7
98 89 95 61 12 74 28 63
50 36 14 87 51 33 73 16
93 25 56 76 24 68 71 82
11 85 48 17 19 64 15 79
76 92 22 32 98 10 14 87
50 61 82 25 47 65 77 63
17 40 55 51 3 13 15 62
46 49 18 60 78 96 59 41
8 45 28 72 5 1 67 74
64 48 70 83 85 68 95 90
75 12 81 66 91 21 35 30
2 69 80 54 31 42 56 37
73 39 33 44 16 89 20 27
11 91 15 62 36 2 19 88
56 16 70 60 93 28 86 52
84 95 92 71 21 42 68 25
54 96 75 98 77 5 12 61
27 4 43 85 57 79 59 49
53 3 23 10 26 78 65 34
80 33 41 40 73 35 9 55
66 32 69 46 18 48 22 72
31 37 83 44 99 50 47 82
79 83 1 42 15 9 22 7
24 56 78 84 63 25 19 87
50 80 29 48 33 46 97 3
53 91 30 39 40 99 51 86
62 18 10 4 41 44 37 94
59 32 52 23 75 72 26 64
65 12 77 85 49 57 36 21
20 89 13 17 76 66 82 60
93 96 88 70 68 69 61 92
79 76 36 69 9 30 56 7
95 68 35 8 45 6 51 74
33 70 18 32 78 94 31 99
62 92 91 54 4 81 53 71
47 12 87 43 39 11 22 55
52 67 77 23 93 60 98 49
3 42 40 13 27 57 63 97
28 73 89 25 15 17 16 37
83 48 65 86 72 46 84 19
74 86 85 25 63 1 61 73
82 51 91 40 17 69 54 12
84 11 89 46 14 67 98 93
76 71 64 44 15 77 9 8
7 88 75 29 4 18 79 66
49 72 10 99 97 43 38 53
26 41 23 68 80 96 52 32
30 55 36 21 42 90 16 95
5 70 59 48 57 31 47 78
22 84 40 74 6 72 82 57
61 64 85 99 79 18 39 48
68 92 2 42 45 26 43 7
52 11 67 71 91 38 14 29
44 19 33 10 97 75 93 41
87 98 1 35 17 49 46 51
23 47 80 5 20 36 70 21
28 53 95 96 27 63 12 54
34 56 4 83 13 9 50 31
67 21 54 69 88 75 48 31
98 57 49 43 29 81 13 19
86 50 64 23 52 35 40 90
60 84 95 46 66 82 92 33
99 14 55 80 74 39 8 36
24 93 59 38 27 58 22 6
41 7 97 18 5 78 83 42
15 72 9 20 68 11 76 10
28 32 63 94 73 34 62 85
52 35 68 78 56 26 87 1
69 25 67 50 15 99 19 27
22 94 13 59 21 58 92 79
85 39 91 70 62 61 57 44
31 90 3 53 45 66 18 28
36 10 2 64 97 63 20 49
4 80 23 6 43 9 29 77
17 51 86 24 74 46 84 5
83 33 75 8 96 65 38 55
12 53 16 60 57 86 76 11
27 28 13 98 79 25 49 71
29 97 93 58 84 37 80 55
75 46 26 99 87 81 54 69
72 47 91 67 82 1 62 52
45 9 95 22 59 88 35 18
77 56 30 36 14 5 96 90
10 78 61 42 94 24 21 8
40 23 15 64 85 32 20 70
78 80 79 19 26 69 66 74
15 6 88 32 59 53 85 89
54 3 7 98 24 72 2 23
28 39 49 5 45 36 9 90
87 58 99 34 14 82 57 43
96 91 52 18 64 70 25 17
16 86 30 76 27 46 63 13
73 92 81 29 48 20 83 47
44 56 10 41 61 55 37 31
91 30 39 85 86 84 40 50
74 82 9 81 77 58 76 51
90 19 28 14 98 47 65 49
54 6 37 44 52 24 80 94
69 55 23 79 60 5 21 87
56 97 25 73 88 83 10 72
59 75 42 57 17 22 8 92
11 64 27 78 7 96 70 35
53 29 89 48 15 67 36 16
75 39 74 4 88 7 70 15
91 47 41 54 36 66 80 82
87 65 24 28 8 96 21 42
44 35 3 49 43 12 72 9
77 23 46 50 71 10 53 31
25 84 51 60 18 17 81 67
16 14 98 55 32 69 59 22
20 1 6 57 58 30 27 97
93 85 26 29 95 33 13 78
96 17 61 4 80 92 69 30
59 13 24 22 5 85 66 26
82 73 28 62 87 95 68 84
8 39 77 36 45 67 76 46
44 34 94 38 29 40 32 51
42 58 65 71 6 91 52 19
54 81 53 9 10 98 90 72
83 86 75 60 21 99 57 37
20 97 41 3 74 15 64 35
56 10 39 35 33 85 49 47
78 38 5 15 16 44 24 18
74 53 93 63 27 32 82 73
17 72 88 37 9 71 8 2
54 70 40 89 26 30 77 87
31 13 50 29 46 55 48 69
61 67 34 51 65 25 22 62
98 4 68 84 95 20 19 97
23 66 81 1 28 60 3 42
35 20 73 34 67 76 96 48
41 86 29 93 64 45 47 60
63 61 81 5 8 82 9 62
40 53 65 54 13 10 92 72
89 25 69 24 99 4 87 70
79 97 18 30 57 95 88 71
17 12 83 38 44 2 91 37
55 80 22 51 16 50 42 14
90 33 74 84 39 49 46 28
5 64 71 20 77 82 7 39
21 19 25 40 99 60 17 56
95 18 37 72 57 32 65 86
76 38 33 35 27 31 4 66
94 79 61 2 96 92 97 46
45 75 91 52 22 43 16 11
47 58 10 81 41 30 63 23
69 85 87 67 62 44 90 48
15 74 54 8 1 88 50 80
37 91 25 97 80 4 14 5
28 77 58 88 98 96 71 93
2 89 30 47 38 54 92 62
59 87 99 46 32 43 60 83
23 22 9 6 82 51 12 21
95 33 86 7 84 15 42 35
36 81 65 52 64 72 75 85
29 1 67 8 55 76 61 57
74 45 10 17 19 73 90 40
79 59 98 57 93 99 42 84
91 37 49 50 21 17 61 54
9 24 18 89 87 31 29 30
83 86 22 68 5 65 19 82
33 27 69 78 14 63 45 97
75 40 12 85 46 36 23 60
38 10 53 1 71 43 28 51
34 74 3 6 81 55 92 66
58 47 2 76 35 70 62 44
14 37 25 50 67 30 24 92
6 43 77 78 53 73 95 85
52 49 83 58 57 84 21 68
87 93 38 56 4 3 1 46
96 75 36 89 98 86 5 66
32 31 61 34 62 94 23 8
10 13 70 69 72 81 97 44
64 80 47 63 42 76 88 59
2 48 7 79 55 20 29 33
33 59 23 94 82 25 6 27
52 9 85 42 51 36 72 40
99 1 21 68 62 91 53 13
56 55 14 30 47 32 69 71
65 2 70 18 73 66 97 75
37 50 26 8 87 90 24 45
49 7 80 48 3 43 44 11
41 15 67 58 63 78 79 46
19 31 89 28 22 54 81 88
30 99 77 43 63 15 36 90
29 47 74 87 67 96 48 66
81 17 46 58 72 41 71 62
3 25 26 27 45 16 44 94
1 64 60 9 42 10 35 7
79 84 55 54 56 57 69 97
91 28 92 82 65 2 13 70
19 50 95 78 31 34 89 39
4 14 18 6 5 37 51 53
68 88 60 95 92 59 65 33
75 19 51 96 66 39 98 55
5 56 40 58 35 26 86 89
93 69 70 50 23 46 15 42
32 84 53 41 30 17 4 83
28 29 49 31 6 90 81 76
54 61 11 97 91 3 73 44
62 27 8 63 67 16 25 14
43 13 74 57 48 45 22 72
21 98 64 36 89 95 51 14
25 79 91 3 45 9 67 86
97 16 85 75 29 73 53 10
92 5 7 19 87 41 34 88
31 33 22 13 4 18 43 62
76 8 48 50 57 11 47 96
55 80 23 28 1 61 35 54
99 42 40 93 27 68 65 60
78 17 66 38 49 26 46 74
81 37 47 67 70 15 13 17
1 75 80 97 14 27 60 7
24 72 66 84 4 91 85 29
86 59 71 16 10 51 62 87
50 77 89 40 83 23 46 74
90 64 2 78 96 19 30 32
98 73 31 52 28 82 69 42
58 53 8 3 44 41 26 18
57 9 76 12 88 34 93 94
68 11 36 47 37 70 31 98
99 2 40 33 19 50 97 39
62 13 85 4 25 81 74 17
34 3 71 14 46 72 73 42
79 86 6 7 84 41 66 30
43 5 63 56 51 27 61 80
8 69 24 76 95 54 93 94
49 10 82 53 65 21 48 16
77 32 52 38 28 60 67 58
6 70 49 48 60 32 80 24
90 53 83 58 95 9 73 13
22 25 33 15 12 11 62 35
14 28 43 56 81 67 89 1
84 85 59 34 47 88 98 97
65 27 75 37 3 52 30 10
26 82 36 71 20 17 74 87
44 78 16 41 92 42 94 5
38 51 18 7 63 23 66 76
23 83 91 98 95 14 2 9
56 60 90 5 42 58 46 11
92 76 40 93 94 43 62 15
31 21 25 26 73 74 54 1
17 38 68 64 99 35 12 30
55 53 85 24 87 52 79 66
8 16 51 37 72 78 41 82
18 3 86 20 77 49 96 88
81 4 34 27 10 36 65 69
92 23 62 42 77 13 30 1
82 43 56 39 71 65 68 29
25 72 90 61 73 88 46 69
76 38 37 70 16 6 19 83
24 86 51 99 15 28 97 53
50 34 17 63 12 57 55 49
91 45 41 44 36 64 80 4
81 95 54 52 75 7 33 48
47 8 87 84 5 31 11 21
79 88 43 11 3 51 64 89
4 59 65 45 82 40 87 21
84 33 61 78 24 41 39 83
12 70 25 56 9 81 36 18
53 15 50 30 31 16 14 66
74 44 6 26 19 75 76 2
29 96 38 67 46 94 95 62
80 34 97 49 57 85 73 86
7 69 72 48 55 1 63 35
69 74 16 88 2 91 55 96
41 92 61 87 65 5 25 15
60 90 22 34 71 45 93 29
8 48 33 76 51 54 62 1
38 75 17 23 47 4 18 10
67 66 43 11 58 32 50 57
82 35 98 97 53 28 37 64
70 36 94 79 39 99 27 6
44 89 20 85 9 30 72 40
47 41 50 75 88 7 65 78
29 98 58 3 19 22 62 42
85 27 94 68 54 73 6 51
90 33 97 95 31 16 12 72
20 81 70 80 2 46 34 74
55 10 66 86 83 49 23 8
35 48 67 89 39 96 91 14
52 61 30 9 1 5 17 84
32 60 37 11 59 87 28 63
6 55 49 90 42 91 61 17
93 72 8 87 89 53 86 97
18 22 99 50 76 14 77 10
1 28 37 31 26 19 67 3
27 94 56 95 96 5 71 35
4 48 34 43 74 45 41 21
9 92 51 33 2 15 25 46
75 32 47 58 23 11 82 78
98 83 57 20 64 66 40 85
62 51 66 8 59 69 29 98
57 48 92 38 76 86 16 89
46 75 49 19 67 81 2 95
9 15 18 93 7 54 83 90
5 39 44 32 79 50 37 85
94 1 72 78 73 61 31 26
36 6 58 96 41 55 17 70
23 77 82 47 68 53 64 22
97 3 91 65 11 71 14 80
3
98
3
26
