5 3
98
58 78 18
16 84 62
31 59 34
28 4 54
25 55 21
85 57 18
55 65 3
29 82 50
76 99 35
64 6 83
12 55 13
18 49 79
24 21 28
33 95 26
30 11 31
12 28 54
34 4 93
21 48 92
6 43 25
64 33 87
13 53 10
59 36 17
67 69 18
40 34 63
81 77 49
60 93 4
81 56 99
14 50 38
73 23 74
75 58 33
53 60 73
14 15 94
58 3 27
26 1 28
25 29 98
27 46 51
36 96 14
32 72 4
21 53 54
41 52 55
38 36 49
79 68 99
57 21 94
70 18 33
95 66 52
92 49 63
75 32 71
94 64 10
25 53 61
59 24 2
31 70 51
55 36 18
56 58 2
12 46 93
83 67 21
58 92 83
79 88 96
27 47 38
44 85 25
28 72 93
79 53 40
72 75 99
34 38 11
44 81 64
41 73 1
61 80 10
62 88 29
66 31 35
22 11 26
99 92 5
58 43 56
68 6 59
75 64 47
21 29 23
78 7 84
93 60 9
89 79 52
91 84 29
43 78 14
25 3 68
18 55 77
82 67 69
99 60 42
95 59 30
73 15 97
26 43 17
37 40 78
50 59 84
38 80 3
44 18 30
8 21 91
77 82 39
31 62 22
97 74 72
19 45 32
2 17 87
16 89 82
43 30 48
9 49 41
61 25 31
79 32 29
34 12 97
58 52 50
4 39 21
83 25 60
93 57 77
19 53 50
48 35 63
98 80 69
68 10 94
95 35 5
18 67 39
89 91 22
70 92 80
38 63 43
76 39 86
71 81 66
45 54 49
52 25 14
24 56 96
61 84 62
95 72 91
60 73 69
82 1 64
50 20 28
29 4 64
21 70 96
75 52 58
1 83 99
12 13 57
67 24 9
78 36 86
72 21 1
76 3 88
70 44 99
35 6 67
22 32 26
58 87 18
56 59 17
38 96 12
15 57 5
20 75 85
27 80 44
8 64 56
98 24 47
24 61 63
86 27 43
30 84 44
13 34 12
77 21 16
63 5 73
55 13 10
11 43 14
59 17 15
95 48 39
90 75 66
5 26 84
27 60 91
72 37 42
87 3 64
26 39 96
24 73 86
33 85 58
6 21 52
20 30 41
73 19 62
27 20 34
90 9 42
89 41 22
86 92 46
39 12 87
67 20 13
44 95 82
93 4 49
21 28 37
7 25 30
81 66 69
24 64 90
23 54 60
1 89 33
28 88 92
75 29 15
86 65 39
19 36 72
82 16 21
43 83 23
38 62 2
92 57 85
36 60 25
81 45 13
84 21 30
95 65 10
74 97 96
50 48 18
60 75 93
58 69 14
73 42 77
86 80 9
19 97 22
87 29 52
95 28 45
9 41 67
82 56 55
52 35 98
84 11 8
7 76 13
28 3 35
88 87 4
51 42 46
55 52 56
82 54 60
9 55 6
24 80 40
66 42 52
37 51 45
71 27 53
33 41 5
7 11 65
8 6 94
34 28 42
77 33 92
23 17 80
26 36 11
99 65 53
54 30 28
14 58 28
31 23 97
85 37 95
89 55 2
68 34 71
3 24 17
38 46 57
22 62 45
26 31 61
33 60 36
43 95 11
88 56 37
24 12 84
93 80 17
31 4 89
34 26 35
58 52 99
1 32 95
42 74 33
47 87 16
5 61 66
38 3 47
40 36 95
60 74 77
49 75 27
82 33 45
85 30 32
90 16 14
58 71 17
63 54 62
35 57 62
45 93 4
49 41 76
84 94 8
24 36 96
29 34 84
75 23 15
45 21 70
67 47 19
54 72 2
76 75 89
55 32 15
98 48 20
27 43 54
21 78 99
78 56 32
91 31 46
27 51 29
53 84 50
24 99 23
50 38 25
61 55 8
52 13 3
23 10 82
37 20 62
34 25 98
78 16 82
72 89 19
10 23 49
50 1 52
77 39 97
87 66 80
1 61 31
99 37 23
88 10 79
50 77 74
96 94 34
66 73 72
79 62 59
60 35 21
29 1 76
47 89 54
92 94 4
70 35 2
66 36 26
11 93 88
23 51 65
7 99 20
42 28 52
84 45 19
88 93 5
59 47 69
31 98 7
86 66 15
64 38 87
48 80 21
98 1 87
20 36 7
29 62 38
74 12 56
31 67 12
84 24 99
27 94 46
8 29 9
63 38 90
30 71 44
89 78 66
86 97 61
6 96 90
70 3 52
36 30 96
80 49 71
14 57 94
70 62 75
39 86 19
56 31 20
32 14 15
40 6 86
12 63 18
79 90 59
81 18 54
56 87 19
2 40 13
94 88 51
91 82 43
70 46 56
51 26 1
5 53 11
96 72 14
31 42 22
56 89 63
25 19 8
50 81 93
40 91 99
65 1 59
25 87 60
77 31 54
85 21 93
66 56 48
81 40 94
59 34 57
89 85 72
78 41 24
10 76 37
23 6 69
60 78 86
67 66 7
35 59 72
84 23 55
29 27 96
69 64 13
63 84 15
73 91 47
90 1 79
40 67 42
15 25 24
59 75 64
47 87 67
83 48 82
65 95 44
98 10 91
89 27 83
52 42 47
4 69 9
8 82 68
89 22 34
86 57 66
72 73 95
59 94 8
58 14 80
20 61 99
14 76 6
49 87 16
36 60 85
75 53 31
69 50 87
34 18 88
38 90 97
5 49 62
76 86 14
62 30 10
61 58 56
93 37 35
33 64 60
84 53 91
67 23 85
2 83 32
42 66 99
95 89 47
50 11 76
35 46 28
97 11 21
41 22 31
94 1 87
34 52 78
24 72 50
36 88 25
30 2 85
12 89 90
22 21 48
56 73 5
60 35 62
21 71 8
46 52 26
69 48 17
40 32 58
56 42 25
76 86 41
21 5 70
57 13 20
1 63 9
65 82 44
99 23 12
69 47 76
95 59 5
70 11 88
30 79 59
48 12 21
38 29 8
81 72 10
18 22 54
50 10 86
75 23 38
55 39 27
99 57 83
26 85 35
6 30 21
17 92 99
97 68 7
40 87 73
21 67 14
17 41 28
97 38 13
34 74 31
72 63 65
50 28 30
9 70 98
89 84 32
48 52 16
87 76 95
56 8 78
32 20 29
63 52 64
43 26 95
5 50 11
34 42 87
20 64 74
51 99 97
69 78 3
95 67 26
59 91 95
90 65 23
81 26 79
39 7 92
27 32 88
60 81 78
5 24 13
72 32 76
48 89 40
38 26 85
48 53 65
93 44 13
12 29 81
60 87 68
3 26 59
73 60 64
37 51 56
50 48 45
75 27 98
86 10 54
12 55 51
32 31 79
11 18 65
97 2 43
9 4 35
62
97
84
4
18
78
62
33
45
77
96
63
50
89
26
13
27
98
73
90
95
44
74
36
49
61
1
85
68
39
59
6
66
21
47
48
11
65
99
34
86
9
53
30
29
88
57
92
40
80
35
75
81
83
22
28
46
87
10
69
20
38
93
