4 3
63
36 47 77
75 21 30
43 42 13
72 70 56
45 65 19
24 33 74
44 14 22
91 95 63
23 28 59
88 47 9
26 6 73
3 51 48
76 73 13
18 33 56
5 34 63
4 85 55
78 56 47
5 83 89
59 45 22
72 30 27
51 23 34
94 80 1
5 85 75
37 4 56
4 99 7
27 84 66
95 74 16
43 46 88
54 8 6
67 99 19
55 98 26
9 32 47
39 55 56
89 60 74
32 22 98
42 19 14
51 26 95
79 43 7
36 21 56
47 12 50
48 19 75
3 41 71
93 97 63
17 82 2
82 51 29
84 81 43
83 47 6
61 98 76
95 52 79
40 65 74
94 83 26
81 25 3
51 41 47
96 38 5
60 56 20
3 29 48
73 49 94
14 33 45
43 37 36
38 77 89
17 55 61
5 52 65
30 69 6
7 31 4
69 19 39
68 57 54
55 53 48
34 64 9
65 98 27
62 56 40
15 13 11
48 3 93
70 81 9
19 36 92
21 7 42
30 24 53
49 63 42
30 10 97
74 54 89
33 40 38
96 47 87
46 8 22
79 42 6
5 38 1
85 11 8
98 74 94
31 32 22
25 34 75
86 61 73
9 27 63
72 97 78
8 92 57
4 58 25
31 34 75
13 42 71
48 9 95
20 74 62
23 29 92
82 83 26
53 90 50
47 16 66
22 11 92
13 71 3
98 77 39
98 92 15
12 56 83
86 1 96
87 9 48
37 53 36
39 93 55
17 79 62
34 7 67
50 65 93
35 85 51
89 87 43
80 1 90
97 58 93
15 66 89
48 67 13
47 22 91
18 19 80
89 56 36
75 17 45
98 72 63
12 71 42
89 58 68
67 94 87
96 5 95
60 1 26
99 95 75
92 10 85
36 64 80
24 6 70
98 26 48
91 10 55
80 92 95
71 90 48
98 6 18
56 51 24
70 9 41
45 57 89
84 2 20
42 93 81
21 58 78
67 83 66
20 30 32
95 81 99
40 78 38
91 90 34
88 46 27
13 7 21
83 53 59
51 54 36
33 24 39
48 27 78
47 94 50
1 39 61
27 3 19
36 52 4
25 83 77
20 80 16
11 66 49
58 34 68
40 32 90
77 50 72
8 2 55
68 69 45
71 57 83
88 44 82
55 18 45
26 15 73
57 74 30
47 83 10
17 32 26
96 42 81
35 51 27
10 16 63
46 54 99
95 52 98
60 22 50
35 57 97
4 36 26
32 13 50
8 29 3
74 95 25
23 9 81
6 43 31
13 57 10
41 8 17
89 95 9
50 37 24
72 84 64
80 67 12
36 62 27
2 90 82
39 23 41
2 16 99
94 38 85
55 32 14
54 89 7
37 68 91
97 83 77
52 11 14
5 4 30
47 82 56
12 41 8
81 69 30
6 65 90
62 80 7
25 12 55
53 29 64
10 89 71
44 42 46
68 82 87
17 94 91
67 73 48
26 41 50
36 13 39
95 64 85
38 32 12
65 43 23
89 16 40
85 2 78
95 3 94
11 86 91
85 59 18
71 76 27
55 98 19
98 70 92
38 48 28
74 72 7
23 44 5
15 53 5
68 92 95
43 94 73
49 66 79
79 96 97
84 53 7
32 34 4
17 78 47
77 36 21
35 30 27
2 25 10
58 29 38
73 61 45
28 52 47
30 37 11
32 49 59
64 91 51
84 49 61
20 98 69
53 40 76
84
75
59
17
63
37
27
55
72
22
62
11
7
3
97
71
6
13
64
34
52
79
15
2
61
50
45
65
88
91
92
78
14
12
95
16
39
23
32
44
10
25
85
49
94
69
93
1
76
80
68
83
9
26
84
89
56
35
40
67
33
87
70
43
19
60
90
86
21
51
31
58
53
47
24
77
4
81
73
98
46
36
54
96
20
