6 7
48
78 51 65 59 82 21 68
2 84 25 71 37 58 33
80 94 87 7 50 32 13
47 45 46 4 15 92 90
63 11 73 30 39 43 16
38 91 69 28 3 40 8
64 21 90 96 36 20 89
68 13 82 42 58 61 29
17 14 86 65 44 73 39
93 48 81 22 63 76 30
77 12 23 4 35 2 70
60 95 11 54 66 98 94
53 45 22 86 13 30 49
99 54 82 66 81 4 23
51 11 16 74 43 91 6
85 25 42 32 41 24 38
17 60 31 33 62 46 78
83 80 68 76 70 39 28
64 48 37 94 82 18 45
78 17 10 79 88 46 6
69 70 56 22 47 8 13
34 57 77 43 67 28 72
96 5 31 9 93 16 95
84 91 29 27 98 19 58
79 69 91 40 99 37 16
52 78 67 66 49 46 54
30 87 97 7 19 20 29
33 73 65 76 63 10 35
51 77 61 62 5 89 92
80 31 18 6 32 17 72
65 80 46 47 51 96 31
90 36 60 53 73 44 68
30 93 64 38 9 34 78
7 77 43 11 85 66 14
98 82 79 26 88 83 28
25 71 62 76 32 6 55
54 93 5 57 49 38 75
59 67 4 96 33 80 44
6 13 94 2 8 47 43
68 18 87 70 83 30 19
41 14 29 16 64 46 74
37 61 84 31 34 71 35
8 67 64 69 4 81 74
76 42 75 57 68 14 84
73 72 39 80 25 34 49
95 58 31 37 38 71 43
63 9 45 87 91 88 46
7 83 11 61 17 55 53
45 31 8 16 46 78 11
98 65 76 69 26 28 12
3 83 73 1 93 70 57
5 2 37 59 60 30 99
91 97 47 4 68 84 38
95 92 42 29 17 20 21
31 49 32 19 21 29 96
41 36 33 81 61 64 13
59 83 93 78 37 75 65
3 4 60 47 5 12 43
73 62 79 24 86 45 82
71 98 58 67 85 87 46
15 30 46 50 95 8 6
19 14 12 65 42 7 76
64 94 41 52 18 93 27
72 1 63 11 97 58 61
26 10 24 35 77 31 84
87 40 56 32 86 53 91
32 35 74 49 69 16 51
57 47 30 90 76 78 14
23 3 48 1 34 11 38
89 8 15 13 21 83 31
55 39 59 81 12 64 28
44 71 29 40 42 98 60
31 37 70 26 2 33 47
98 61 86 19 58 81 84
39 16 9 52 18 66 1
36 11 85 57 49 35 27
13 3 5 91 32 71 78
74 42 14 55 65 77 15
26 25 48 74 2 29 7
78 95 58 47 99 66 1
67 10 94 53 40 62 97
20 51 21 14 37 64 42
87 49 46 30 82 63 22
4 17 96 38 79 83 91
31 48 41 23 58 54 85
4 82 19 76 32 16 87
40 64 21 74 7 14 34
10 47 71 1 77 94 29
51 5 9 80 35 2 81
78 28 60 65 45 3 36
75 42 33 88 45 41 34
71 77 93 12 99 84 28
60 64 85 65 58 97 80
63 6 14 23 51 74 39
2 56 36 32 95 3 90
37 82 69 10 11 21 13
58 49 29 73 59 52 63
17 98 23 87 27 83 4
56 22 80 72 39 43 16
61 28 25 74 69 14 9
32 41 3 50 31 67 60
53 75 26 77 92 11 18
71 26 47 7 6 8 51
16 72 61 57 42 9 56
65 10 68 86 82 59 1
30 88 15 29 31 19 90
64 73 81 70 45 83 41
25 48 18 98 69 28 39
67 77 21 63 51 12 49
37 22 8 59 56 30 68
44 3 4 87 11 53 41
54 80 76 7 42 92 94
32 50 57 20 23 75 29
6 64 73 70 31 65 60
79 45 72 76 5 26 94
83 38 15 20 96 32 24
22 53 88 12 2 91 49
73 97 47 4 90 62 30
77 70 69 63 80 16 40
27 71 78 21 23 11 8
81 72 46 36 60 69 51
85 62 76 93 45 54 39
23 79 27 47 38 31 17
41 24 9 48 12 70 35
19 6 53 28 99 2 68
29 55 94 21 4 25 26
95 99 5 18 57 97 19
22 38 47 1 13 11 2
50 56 69 9 36 31 62
84 92 16 68 27 71 76
45 3 23 72 10 82 67
87 49 98 75 28 59 73
1 9 41 40 44 29 6
37 89 46 47 97 51 83
21 12 20 13 39 54 77
78 90 25 11 10 33 35
30 92 98 70 93 66 42
7 82 38 52 79 26 87
7 42 52 4 1 2 22
47 61 88 35 9 37 59
17 66 63 95 18 48 12
85 55 21 70 92 33 40
10 75 49 5 99 69 51
53 25 3 77 34 80 50
14 36 48 57 93 75 54
79 53 51 56 70 99 64
9 72 13 25 42 5 81
35 34 33 43 86 69 97
90 52 29 59 11 88 65
22 17 61 63 18 20 82
29 64 67 39 89 24 40
21 95 19 43 69 98 47
82 62 4 25 72 53 33
70 50 15 48 42 74 41
87 59 77 99 9 3 52
35 45 10 75 28 22 81
68 91 84 1 35 67 6
33 3 38 18 11 14 49
27 28 50 99 60 94 2
63 16 12 40 55 85 98
30 13 21 52 42 45 22
73 39 83 92 47 89 44
65 82 59 97 54 26 56
61 10 29 16 84 22 60
66 31 92 40 35 34 19
99 62 90 42 91 72 86
44 48 69 87 51 63 94
80 9 8 98 58 37 2
27 72 57 14 25 1 28
64 52 17 66 26 48 61
77 54 8 29 7 67 85
31 71 58 74 10 80 73
95 86 79 68 96 40 97
21 24 33 15 22 94 43
80 95 96 6 20 58 70
24 17 10 44 60 98 52
65 49 18 34 94 43 57
76 84 82 67 42 26 83
53 99 68 85 23 31 15
97 16 77 74 37 78 27
34 58 93 86 96 19 6
11 13 55 7 5 52 41
66 33 91 88 54 81 85
31 37 68 69 14 39 59
98 72 57 90 46 30 4
87 63 77 71 40 94 12
65 37 82 85 42 79 72
48 26 40 92 91 59 83
73 17 30 77 7 19 51
46 67 27 58 36 34 86
75 38 24 63 69 1 4
74 60 31 35 9 2 18
71 20 15 22 57 26 18
32 87 4 41 5 64 48
81 63 58 33 14 43 80
46 89 50 92 98 8 38
17 35 56 39 51 37 6
19 44 68 21 11 31 1
38 28 50 91 25 51 72
31 3 64 49 30 15 22
20 98 97 86 83 55 29
96 76 69 58 75 4 10
18 23 87 45 44 37 39
46 33 43 74 41 89 53
1 99 39 87 65 47 34
68 96 4 77 17 90 3
57 84 76 48 27 26 51
94 46 22 75 36 7 88
98 82 42 38 67 19 15
54 8 29 83 30 74 2
60 30 78 29 15 36 27
75 39 26 20 19 55 3
24 17 68 43 32 86 65
69 90 25 2 8 40 21
14 46 35 67 94 48 23
18 4 7 87 42 22 76
82 79 61 30 9 20 90
7 16 1 45 92 14 32
17 33 52 4 18 56 38
10 57 37 69 8 6 26
74 19 85 93 66 24 35
72 42 2 44 39 36 63
60 72 92 32 88 62 34
99 37 14 80 98 58 6
53 22 24 96 95 29 65
21 87 76 70 39 7 93
16 64 4 2 73 3 48
19 41 97 66 8 45 52
58 18 99 80 9 12 60
25 20 28 35 55 65 15
53 92 30 74 45 83 32
91 10 81 49 47 52 29
54 8 5 73 96 24 57
3 66 37 56 40 16 38
11 69 82 33 31 48 65
73 72 96 92 97 70 61
27 91 32 35 6 7 79
38 84 43 78 28 81 30
83 54 34 71 47 23 56
57 21 88 4 94 63 18
50 52 47 59 12 72 43
98 60 96 2 1 54 85
16 55 94 6 40 77 92
13 73 23 28 15 66 81
64 95 68 71 32 33 87
97 11 19 7 84 63 34
4 77 42 41 58 89 23
92 30 39 47 32 43 70
83 53 96 7 9 54 79
33 45 16 10 3 93 52
64 51 11 69 37 56 66
90 95 19 65 71 85 6
64 82 46 26 14 58 32
25 9 84 71 4 10 99
23 63 20 50 68 87 92
42 29 93 53 61 49 52
8 48 5 51 76 12 18
33 62 41 83 7 44 37
97 4 90 60 95 92 65
84 14 10 39 20 5 12
71 74 35 43 29 22 18
91 73 31 79 46 81 68
19 28 93 50 15 51 82
24 77 17 87 33 69 96
11 59 55 28 81 75 9
96 3 79 29 31 85 44
67 25 82 62 39 14 16
12 88 53 63 60 56 49
10 71 98 40 90 70 15
38 83 1 24 2 97 50
95 25 55 92 65 69 58
11 31 37 77 80 26 24
20 30 87 74 73 53 76
94 43 40 29 9 91 81
1 49 16 70 27 72 19
67 36 4 2 63 3 32
30 75 96 69 59 89 28
62 71 17 81 74 83 37
10 46 36 39 52 57 23
12 3 68 66 77 84 49
54 94 26 53 41 6 1
38 70 16 18 63 48 67
70 67 35 84 88 21 79
2 61 80 32 8 56 82
71 86 1 48 19 66 29
49 74 44 17 62 55 33
92 43 14 50 34 85 96
12 68 7 10 52 39 97
74
13
11
75
78
94
69
93
30
38
82
34
20
29
74
89
81
1
80
55
79
59
72
40
5
63
18
91
17
43
10
85
41
23
26
39
33
84
60
7
48
32
66
42
67
64
90
97
22
19
51
8
62
25
87
21
12
4
24
28
47
2
50
61
70
71
98
15
3
52
35
6
92
88
77
