4 6
90
18 41 78 12 23 43
75 48 37 63 6 97
27 15 47 92 17 91
71 4 46 9 34 60
66 76 26 10 40 41
96 99 11 90 22 56
63 44 59 17 91 50
3 46 61 34 88 12
93 38 49 25 74 46
44 51 21 54 64 76
47 19 99 11 6 33
3 73 78 88 96 71
79 46 58 3 29 55
39 30 17 28 71 10
65 52 12 89 78 4
38 74 40 24 37 70
74 98 39 81 28 41
30 99 1 83 38 72
29 21 44 80 6 56
87 67 93 61 8 82
68 50 51 97 85 74
30 49 62 3 84 69
22 29 79 48 55 80
96 17 28 58 75 20
30 53 25 11 60 82
87 50 98 86 31 20
78 52 21 84 89 16
56 92 27 7 94 45
43 95 6 42 21 25
39 94 38 74 16 69
32 61 76 82 1 10
31 48 55 34 71 72
36 95 16 7 1 53
89 94 69 13 74 88
34 58 39 19 10 21
54 55 62 90 66 17
17 15 13 49 59 2
43 82 72 60 18 31
68 62 41 74 1 44
47 84 99 73 56 97
55 94 96 32 18 30
47 2 10 39 85 51
64 8 99 33 76 21
4 49 92 42 53 56
69 97 70 57 37 30
65 4 51 14 55 53
19 54 31 43 23 40
72 2 95 6 50 59
67 90 50 16 91 96
29 51 27 13 57 3
85 7 40 86 4 41
59 88 71 52 80 78
66 63 28 54 94 46
96 92 61 36 9 47
7 45 53 8 73 74
68 41 20 69 6 35
86 81 77 51 15 97
35 5 50 34 44 80
7 67 96 10 94 14
70 16 4 62 33 26
76 91 58 46 78 75
19 41 11 96 27 68
28 7 95 16 92 26
86 20 77 88 80 99
55 75 83 37 4 57
3 63 65 77 66 61
51 8 79 88 35 25
10 74 5 21 39 58
33 97 13 50 49 16
46 92 98 35 9 15
39 64 14 53 63 43
68 84 95 77 75 48
22 94 61 34 28 64
77 45 9 62 59 50
11 82 96 32 90 2
27 85 56 14 89 52
8 99 52 72 37 55
41 70 43 38 88 57
3 48 18 20 87 23
9 12 39 31 64 66
31 93 28 3 69 26
52 90 44 79 85 19
13 29 17 95 4 80
47 45 6 20 2 25
50 60 87 61 11 82
14 3 15 40 5 94
73 9 80 4 88 10
17 22 51 58 85 53
61 48 18 6 10 80
15 99 26 24 66 51
30 35 76 32 9 53
44 63 7 38 82 84
45 65 41 94 36 54
60 87 4 63 40 26
52 19 6 14 24 66
83 92 56 77 70 53
54 90 40 38 77 4
51 18 80 29 87 7
13 62 72 3 50 53
96 48 41 60 22 25
37 83 49 51 20 74
72 54 3 56 8 46
91 60 67 81 69 55
5 33 39 52 93 77
21 14 9 33 28 36
15 27 20 52 22 46
34 62 19 59 96 68
3 35 89 92 90 81
9 6 20 11 52 63
91 42 25 89 29 55
39 3 38 1 56 60
34 98 99 4 62 22
40 82 72 75 63 41
70 92 3 44 45 33
90 50 2 38 48 62
18 89 84 57 27 85
6 20 83 16 45 15
56 62 54 80 47 78
87 44 70 40 66 75
55 97 50 89 60 28
52 49 31 4 71 82
28 98 36 72 79 34
21 25 74 80 37 5
22 50 59 19 30 57
45 17 90 47 94 50
96 11 66 49 55 34
61 41 21 71 59 30
4 65 75 91 19 60
43 13 73 42 44 2
84 49 18 25 63 78
62 27 88 11 65 86
5 98 24 1 89 50
90 50 38 16 8 39
24 69 1 83 18 75
32 6 37 98 89 96
56 55 87 46 28 97
65 28 35 55 60 90
50 4 72 57 6 84
97 17 27 54 51 56
5 52 46 45 64 25
90 23 76 3 65 55
95 63 92 39 6 60
19 40 57 8 46 85
48 64 80 26 59 68
4 57 85 68 78 27
76 66 92 6 22 58
38 31 19 97 91 7
75 11 34 64 84 72
20 32 18 53 87 85
88 1 39 56 80 47
37 82 84 78 11 92
10 45 79 36 25 16
62 33 73 79 86 67
26 45 1 82 16 99
66 76 89 75 56 38
68 98 37 25 7 61
97 61 91 7 84 68
11 86 58 2 94 88
1 56 71 96 67 89
78 47 9 8 32 87
34 53 19 15 54 10
7 32 9 14 3 99
80 92 74 96 44 56
22 42 88 93 49 52
97 29 56 14 94 39
87 4 36 21 46 13
57 98 50 26 96 44
78 3 7 52 43 61
69 37 95 7 88 82
67 93 65 81 53 23
4 92 34 33 22 80
55 20 79 36 41 56
65 2 86 53 13 3
96 71 74 82 28 11
37 44 59 70 4 24
75 29 6 35 15 18
74 87 67 45 10 41
82 22 60 98 43 34
95 96 2 38 1 94
75 59 6 62 48 27
30 65 51 3 80 95
9 12 47 66 5 22
91 31 59 8 4 48
37 44 19 56 36 42
73 15 7 33 37 88
28 94 38 44 52 36
3 4 22 78 17 1
57 59 65 89 99 40
33 64 74 40 77 70
88 99 39 11 44 38
61 21 57 63 28 16
43 41 97 53 86 81
77 21 9 26 44 70
61 80 84 4 67 64
29 47 42 45 19 25
55 76 81 89 43 38
68 17 91 11 33 32
63 58 69 60 56 45
51 36 75 59 27 89
87 55 96 78 39 54
59 64 32 52 49 4
54 6 70 98 30 56
62 50 99 82 94 53
55 13 42 3 18 69
49 13 76 61 55 69
31 39 43 23 30 96
85 21 83 10 91 86
63 48 46 89 22 57
87 48 62 11 32 65
92 73 79 49 83 72
97 47 22 91 55 66
98 85 12 90 28 84
92 11 83 68 37 73
19 51 55 45 2 78
39 30 50 67 77 84
63 44 42 34 4 20
56 97 16 30 66 94
25 55 53 17 13 35
85 5 49 68 11 67
84 74 47 46 64 72
40 67 89 14 4 69
37 3 70 92 22 21
44 39 32 57 41 23
9 51 26 71 54 27
23 67 65 70 35 9
68 28 30 45 51 40
18 84 64 90 25 36
53 2 63 1 95 79
16 76 54 39 92 59
88 91 52 79 84 80
43 6 71 70 64 57
29 60 5 50 34 14
90 26 33 60 84 89
70 55 72 50 65 19
44 61 73 1 4 27
51 47 5 95 7 62
28 17 3 27 93 73
30 83 67 99 86 58
94 25 96 39 51 78
15 48 41 10 80 21
63 14 79 61 40 89
12 51 86 4 68 37
7 23 75 60 22 70
48 47 85 69 98 18
19 95 62 18 82 15
57 89 92 97 49 80
9 14 87 54 26 11
52 40 91 79 39 84
30 78 47 71 88 53
43 66 77 85 24 65
6 44 39 48 11 12
21 16 54 59 80 99
59 60 44 27 20 1
71 25 91 4 75 66
45 52 77 23 58 79
51 32 40 98 81 7
51 9 32 52 35 49
2 71 58 44 95 48
40 39 14 78 41 27
54 67 1 84 66 15
17 39 31 67 28 1
72 32 22 27 3 60
34 48 90 37 66 2
87 16 76 47 55 74
47 56 82 27 52 97
1 95 43 34 25 85
75 98 22 54 17 91
26 66 94 19 73 57
80 45 4 81 28 62
42 18 96 86 71 78
31 44 43 13 98 2
82 49 24 54 73 9
63 53 65 98 85 69
6 90 51 67 14 19
80 38 26 46 93 87
52 59 78 23 5 40
52 65 70 47 4 43
77 40 11 29 68 64
14 66 56 31 15 28
54 86 16 25 21 89
77 2 46 91 6 4
33 61 79 44 63 53
78 69 3 49 82 31
60 83 80 15 45 34
22 89 47 49 86 26
91 46 60 62 58 87
28 67 18 33 52 94
29 95 11 40 2 13
46 80 49 68 91 6
45 54 34 99 27 82
22 57 55 29 86 50
31 97 3 69 20 59
19 90 16 59 97 95
18 51 70 98 60 35
54 22 66 14 68 53
44 94 79 92 67 62
77 94 67 23 6 52
97 22 73 79 19 12
33 46 63 55 9 95
42 69 11 44 29 49
42 22 86 59 6 60
65 19 5 7 20 3
45 11 26 24 46 44
4 31 81 78 1 93
81 93 8 87 73 3
9 35 26 75 39 61
76 80 72 23 17 97
34 29 28 90 55 62
8 71 30 94 47 23
77 72 26 99 90 31
17 53 89 79 44 74
78 68 95 7 25 6
6 11 10 88 42 98
12 39 38 25 64 41
27 37 4 84 15 24
48 9 94 20 58 66
55 10 69 42 71 93
94 38 41 25 97 49
82 32 96 4 15 91
76 92 72 46 21 48
26 55 79 54 43 93
53 59 98 19 30 23
36 21 7 73 25 38
92 47 44 66 27 86
92 62 11 17 57 79
67 50 53 44 88 52
64 5 56 99 95 78
90 63 37 89 60 77
78 10 61 15 55 20
22 82 27 85 86 53
19 30 87 80 84 44
31 36 72 59 21 46
33 78 47 94 38 28
43 8 91 71 34 40
81 79 48 44 75 53
22 39 16 17 15 5
98 61 97 62 55 26
86 60 10 83 18 38
71 16 42 53 78 3
79 45 8 84 21 41
41 74 27 21 34 70
89 73 56 67 4 82
14 9 10 95 15 22
81 52 31 30 25 87
61 54 48 97 26 15
67 33 69 59 77 45
1 58 62 2 23 52
17 64 83 29 49 39
7 31 21 77 72 82
64 98 32 27 39 58
10 71 69 46 67 30
15 94 48 89 22 2
12 6 16 77 25 83
13 58 70 15 62 48
20 96 55 40 1 45
22 50 66 37 57 73
44 89 17 6 42 63
23 40 61 95 36 49
33 29 86 18 96 99
93 64 26 8 32 57
33
60
30
33
5
26
4
71
47
15
23
65
84
67
7
79
64
57
3
6
17
8
12
24
90
2
63
16
19
93
36
97
34
70
