5 3
82
75 91 13
45 64 20
93 74 51
33 69 39
32 67 94
7 94 88
16 43 14
72 52 63
33 44 82
60 10 17
15 33 29
66 38 1
60 18 71
28 92 67
98 80 34
87 36 3
62 64 71
75 67 73
43 29 97
66 56 8
52 80 67
43 5 97
90 99 19
48 50 27
44 17 86
42 4 31
37 22 40
90 94 55
56 66 18
39 10 16
11 24 47
36 63 20
81 84 42
9 82 91
22 6 7
39 27 71
11 29 97
48 82 49
5 77 59
3 99 62
19 3 43
64 91 68
87 80 25
39 9 76
34 90 56
42 3 30
62 84 69
72 73 76
79 31 23
91 29 80
67 51 45
76 82 70
23 62 7
41 14 47
54 29 2
73 60 10
19 47 13
61 48 43
89 91 70
53 32 31
17 56 87
42 72 67
51 39 57
45 38 11
49 9 46
78 97 98
67 38 16
19 35 25
86 13 39
93 6 60
39 28 9
95 31 57
99 41 45
16 1 84
55 98 83
90 4 30
72 21 57
44 46 1
7 99 43
28 3 58
76 12 66
91 68 10
74 54 17
70 5 57
36 35 87
45 91 26
80 18 95
41 38 28
57 48 59
97 12 6
46 11 19
83 36 37
1 87 65
6 72 69
40 80 9
51 86 78
36 91 37
77 50 34
14 10 71
3 17 94
33 78 82
86 15 12
49 65 89
64 69 73
46 48 95
71 8 40
68 30 7
86 4 34
89 62 17
66 46 43
24 69 40
14 7 78
6 51 15
48 68 53
38 92 17
54 26 59
14 75 73
30 27 68
96 51 6
91 9 70
15 3 21
24 52 57
77 95 6
30 32 85
61 33 49
39 74 5
72 86 87
61 30 8
84 6 63
42 44 16
28 77 3
89 41 20
86 87 39
24 2 94
6 95 82
90 65 81
42 58 22
57 66 3
86 79 71
6 48 59
92 83 23
1 60 3
66 7 26
11 93 75
15 21 46
50 97 11
80 56 43
29 51 19
58 71 60
5 8 55
13 14 40
15 82 43
89 11 8
26 94 16
79 96 7
22 65 40
34 90 25
73 60 10
58 64 41
16 69 93
18 55 92
58 25 35
83 40 73
85 47 17
80 89 21
30 6 10
82 58 8
59 61 12
81 16 86
49 96 75
10 4 32
58 21 80
73 17 87
82 71 14
99 13 52
25 33 70
62 34 75
45 92 11
18 8 68
53 61 72
11 25 10
85 33 30
99 78 73
88 92 22
9 47 90
15 80 95
71 17 67
91 55 1
84 45 52
22 6 72
82 4 6
12 25 3
76 39 26
43 5 8
40 51 79
90 54 17
34 8 28
48 35 42
81 53 79
96 76 4
59 30 85
80 83 1
8 5 78
40 13 48
2 3 39
59 69 87
11 24 61
55 92 6
4 50 54
82 83 34
43 67 77
75 34 71
81 14 94
93 7 31
73 32 97
76 93 58
51 79 63
53 85 41
39 54 96
77 95 72
25 54 57
16 4 52
86 72 28
50 19 62
42 82 11
87 59 50
61 4 40
24 18 98
2 14 56
10 1 77
22 85 38
16 87 26
67 48 91
55 68 27
63 51 59
17 98 33
51 32 11
4 1 75
69 46 26
20 86 92
29 61 56
15 7 75
63 94 6
74 28 3
24 90 36
13 14 44
45 3 89
2 37 18
19 75 59
7 34 87
70 7 54
94 31 65
93 99 39
58 13 84
59 5 69
71 61 54
14 97 28
62 66 75
67 42 49
36 83 44
65 45 49
83 9 98
42 61 66
78 25 90
82 72 96
56 70 6
48 34 61
22 58 79
74 78 33
40 66 94
7 23 72
71 35 81
56 31 57
26 21 58
22 16 51
41 61 28
89 24 1
93 84 9
27 33 26
86 7 52
9 48 80
28 18 54
46 20 73
33 63 31
78 58 47
9 27 71
84 98 59
30 4 31
74 3 99
95 65 33
32 76 57
22 98 67
53 54 2
45 91 8
90 86 41
58 83 52
75 1 10
66 85 76
55 71 12
92 98 9
80 39 32
83 62 30
51 21 77
34 37 11
3 22 71
63 47 83
24 49 94
68 18 97
53 19 25
34 66 77
22 39 31
5 42 72
8 56 1
67 80 35
94 75 2
15 58 37
26 77 2
64 23 82
9 22 97
78 31 56
72 23 12
96 7 50
61 93 82
77 11 85
68 88 28
21 26 13
89 54 17
58 14 3
57 95 44
1 66 81
66 43 7
32 76 52
35 70 63
95 65 92
22 24 57
92 60 63
38 51 8
25 95 58
66 1 44
72 74 31
46 30 22
24 84 29
19 2 34
25 41 93
96 16 92
91 70 67
95 76 92
77 29 42
83 58 35
89 5 50
53 85 87
76 71 19
64 32 69
83 27 75
91 88 79
34 71 97
35 19 30
87 92 73
89 86 94
15 33 39
97 4 58
45 14 83
39 51 9
98 74 89
93 61 1
21 74 34
35 59 83
46 96 49
22 75 66
31 29 99
98 10 45
53 74 27
54 22 49
87 65 97
38 84 72
15 5 54
41 13 77
45 16 85
60 72 9
14 62 42
44 58 56
25 21 76
79 81 86
73 65 59
71 92 36
7 43 83
22 42 64
67 97 94
69 88 55
31 65 28
61 8 39
9 3 82
90 97 72
28 40 24
38 45 65
5 73 28
31 20 29
94 89 17
98 26 81
2 25 75
3 26 29
72 49 99
66 31 13
40 11 6
54 4 61
9 65 82
44 27 90
11 21 56
7 29 28
35 17 71
42
20
34
68
79
10
87
33
21
60
88
64
5
30
94
38
29
92
8
2
54
63
17
12
66
97
32
80
49
99
35
6
36
19
37
58
31
25
40
84
95
85
98
