6 5
65
49 78 9 86 55
56 45 99 48 38
96 61 52 30 77
82 95 15 6 58
72 44 84 68 57
46 98 93 54 3
78 10 72 8 57
19 45 27 33 5
21 11 23 41 51
79 66 43 73 53
47 95 28 30 48
58 31 3 92 81
18 5 34 35 37
73 68 89 92 29
53 99 75 67 83
72 55 78 50 82
80 79 13 11 63
3 7 76 47 45
62 5 74 85 63
93 73 54 98 58
3 46 53 17 78
32 56 69 11 66
7 22 48 97 76
89 19 88 35 2
3 22 80 1 6
72 83 54 63 14
2 27 85 18 96
31 57 67 20 73
62 44 25 82 49
23 38 5 11 29
84 74 13 60 53
23 86 16 48 14
67 89 98 26 55
92 57 70 83 39
46 43 42 97 7
90 68 41 28 36
78 19 90 40 41
72 37 49 1 6
74 16 56 47 38
15 18 73 2 59
95 14 62 28 26
4 17 54 20 3
24 16 76 64 72
53 35 10 7 83
17 61 13 1 89
30 41 79 74 66
18 26 12 67 48
55 9 47 70 65
3 61 73 45 39
34 38 77 24 13
78 1 98 66 16
76 56 44 50 53
46 7 47 42 64
69 12 58 95 86
37 43 90 46 95
35 13 9 76 77
1 72 36 63 34
73 42 66 87 22
75 45 15 91 93
53 23 3 89 68
2 84 61 45 18
15 24 73 65 53
25 42 97 36 77
83 66 80 46 7
58 71 6 98 35
20 33 28 93 81
92 38 5 43 91
44 50 25 32 61
68 90 89 94 83
21 72 15 19 58
22 6 33 66 23
31 27 29 60 55
43 30 24 61 5
83 28 46 44 82
95 8 42 38 3
13 58 81 98 85
12 78 20 40 79
22 11 76 26 64
29 97 95 59 47
42 68 92 63 87
17 15 71 82 25
52 51 38 1 66
28 46 64 9 69
34 8 19 7 77
29 77 43 55 25
41 32 70 97 9
23 17 2 65 98
52 8 82 50 94
6 89 74 19 79
86 39 12 3 73
74 99 62 72 96
4 3 47 52 65
84 69 86 21 25
42 43 57 80 91
28 8 71 19 67
44 60 1 17 87
67 1 10 64 77
13 57 56 39 7
42 61 46 4 8
88 79 16 14 68
18 36 81 90 65
45 97 55 54 87
1 35 74 99 53
4 20 9 50 46
62 90 36 22 45
85 18 82 11 80
65 17 30 76 67
98 77 78 32 31
54 63 86 81 94
90 28 44 91 67
98 92 15 88 4
18 55 45 33 52
64 74 48 72 49
78 26 19 30 84
87 45 60 39 40
11 9 23 55 38
4 79 42 7 41
71 33 19 63 94
18 12 57 47 35
31 27 73 53 17
1 16 26 53 77
81 74 83 49 73
27 60 90 34 28
50 56 78 86 21
80 87 38 95 42
31 11 5 20 70
45 90 46 51 72
62 79 28 63 20
76 96 7 10 65
24 92 97 47 23
1 99 13 86 9
15 55 68 82 93
6 12 60 86 7
26 68 13 17 42
89 4 74 93 90
99 61 18 72 52
85 34 9 69 73
84 78 70 62 8
87 61 55 17 2
33 35 24 96 93
45 75 99 21 84
70 10 48 56 90
22 39 31 38 79
16 44 7 72 28
71 76 35 59 9
51 17 56 86 82
26 85 33 4 66
21 77 2 44 20
67 55 65 32 93
7 28 25 41 6
74 48 54 93 61
83 71 18 88 8
14 11 24 16 3
38 66 75 19 69
41 90 30 68 13
56 55 32 80 17
45 99 51 34 55
79 25 57 88 58
90 47 60 92 54
56 15 80 33 21
26 46 86 87 69
30 11 63 8 35
72 1 73 42 14
30 48 3 2 64
86 82 6 37 83
84 97 7 15 87
74 28 57 60 66
25 80 11 22 26
36 42 6 43 32
91 14 68 51 96
77 75 22 1 85
55 92 45 69 27
84 39 62 65 8
63 52 16 86 38
66 51 57 71 77
39 33 23 11 81
7 95 13 72 49
85 25 10 80 21
70 22 30 54 43
26 28 60 2 52
83 2 33 10 90
1 81 38 69 54
95 31 41 45 28
4 35 61 22 99
59 13 34 5 29
3 64 11 6 30
22 29 45 10 9
26 37 92 68 39
1 28 48 31 77
72 87 80 66 65
64 27 7 44 49
74 85 18 83 99
96 64 21 19 75
24 41 92 84 15
58 32 73 36 29
20 51 12 89 77
10 40 42 27 55
18 23 17 66 61
7 17 81 83 23
57 45 66 50 16
5 95 35 84 21
58 39 18 52 59
54 85 40 78 97
43 87 30 53 70
21 90 71 63 1
88 91 57 45 61
22 37 38 75 2
83 64 34 16 4
96 28 9 85 15
93 25 97 66 79
79 42 83 77 3
60 33 47 72 65
13 6 67 10 95
46 62 45 89 16
28 73 58 49 15
64 93 80 22 78
74 25 41 65 80
12 89 54 14 56
84 18 23 76 59
95 28 64 47 42
2 9 38 90 60
79 72 26 32 46
97 35 64 26 14
40 88 58 18 65
17 84 98 47 82
11 23 42 44 45
9 92 76 53 87
79 90 25 75 61
53 82 76 33 35
1 64 60 66 31
34 11 26 87 17
30 58 98 52 6
43 2 19 25 23
97 4 40 68 8
58 27 5 99 33
48 59 17 25 11
15 83 54 13 2
35 62 4 80 50
32 88 56 72 93
97 12 36 64 63
12 49 42 60 7
59 62 47 45 58
43 77 32 66 74
14 2 1 36 99
95 88 28 67 29
17 46 38 22 57
11 78 46 57 30
43 5 73 48 15
84 79 67 91 24
72 71 17 51 6
34 69 4 81 2
60 90 13 18 7
3 90 58 63 33
60 43 45 93 5
10 71 78 79 29
37 53 9 16 22
54 87 76 97 83
95 32 25 19 23
50 17 31 51 97
95 19 23 34 32
22 84 63 41 42
14 59 92 49 93
88 75 33 46 15
6 94 82 20 86
98 2 86 57 66
40 15 44 96 37
71 43 35 54 49
74 75 64 27 88
51 17 95 19 1
99 41 89 5 38
26 27 50 23 9
77 13 11 31 52
34 47 33 10 81
62 14 75 65 20
97 4 84 86 53
32 68 64 59 66
96 98 42 5 84
16 71 46 58 15
63 26 52 39 88
48 90 36 47 66
37 27 38 81 28
29 17 22 43 10
63 42 31 99 53
72 26 70 37 64
54 50 60 4 20
33 19 95 36 35
9 7 8 88 96
5 58 84 18 74
64 38 85 97 2
4 11 40 18 73
24 96 60 5 82
61 41 26 49 69
76 51 95 37 70
42 99 94 84 31
6 54 75 70 56
45 48 66 55 87
79 64 21 17 47
61 13 49 59 7
19 93 83 12 97
67 18 51 16 88
10 87 17 58 46
35 40 71 86 62
33 82 26 54 27
24 20 51 72 94
14 89 1 85 68
55 43 31 76 4
3 95 30 17 50
70 33 43 11 47
60 26 46 98 48
75 5 61 9 84
21 38 49 79 64
18 56 40 37 74
24 59 27 22 83
77 35 5 73 47
68 84 98 1 2
72 39 16 48 88
54 74 42 96 71
50 80 65 86 63
8 96 38 2 61
7 5 13 10 62
68 97 49 88 99
29 41 94 57 89
15 80 19 14 66
52 95 78 1 42
60 1 59 31 86
61 22 87 23 11
91 49 48 76 9
47 75 78 45 29
71 28 3 56 12
53 94 58 39 79
14 23 29 90 84
80 92 27 56 63
5 75 66 79 78
37 15 82 7 45
3 39 62 13 50
76 16 22 42 30
57 47 36 20 65
56 60 50 24 62
46 28 5 41 79
19 85 26 55 7
75 13 11 31 40
21 97 1 84 30
83 12 24 80 28
22 91 60 58 92
97 98 52 93 21
94 3 63 84 64
76 15 50 69 82
96 4 86 7 79
58 23 88 42 49
98 19 93 14 9
94 16 77 89 28
21 52 70 96 11
8 51 6 37 45
71 48 87 2 46
40 27 96 44 48
42 49 61 7 71
63 16 56 55 82
15 65 94 54 36
70 8 24 75 9
80 78 1 19 31
99 1 84 57 69
97 73 86 63 79
67 40 43 89 91
42 30 24 51 2
8 80 68 12 45
82 25 81 18 59
17 12 91 65 94
6 49 86 85 46
13 58 34 84 72
23 93 37 69 32
99 87 78 25 68
74 63 26 67 10
68 56 63 22 39
37 67 50 70 58
92 19 96 60 86
99 54 41 59 72
10 33 28 55 52
75 34 57 87 69
80 22 33 87 53
38 97 2 56 95
73 90 3 10 23
1 60 28 86 17
7 71 69 52 14
88 55 67 78 45
38 7 13 79 53
89 47 12 96 60
70 18 24 6 8
58 78 49 22 76
14 35 10 85 23
61 71 17 57 69
70
47
76
29
21
12
68
71
17
28
92
88
58
6
69
70
50
53
93
42
57
60
18
55
62
63
39
8
9
23
31
2
96
25
61
99
30
79
20
82
5
75
26
41
85
97
46
3
59
81
51
4
34
16
78
45
44
40
74
11
35
56
65
73
83
52
37
49
32
10
7
