7 8
5
69 94 89 91 19 86 16 13
72 93 33 17 77 1 43 28
82 18 81 30 45 20 44 53
32 73 6 4 58 11 54 5
88 49 41 71 34 74 21 78
38 55 3 25 57 37 27 31
68 50 61 87 83 7 22 67
6 8 93 18 12 73 78 97
42 33 30 70 16 99 39 1
13 28 36 38 51 91 87 31
10 58 68 64 24 7 60 44
75 82 52 48 20 77 45 17
43 26 59 79 29 88 41 47
80 32 61 34 37 5 69 71
49 23 9 10 27 85 94 20
8 33 70 75 91 80 88 83
13 32 24 30 84 21 42 73
57 93 81 60 66 89 4 96
92 67 62 54 79 86 95 64
87 45 53 35 74 97 61 48
71 14 44 98 11 99 25 3
33 23 77 66 21 35 75 83
44 6 47 12 1 9 54 14
80 30 32 84 40 89 98 62
71 78 93 22 45 86 17 65
73 5 13 97 88 31 55 99
19 91 96 3 10 16 74 7
60 15 38 52 63 69 43 27
61 18 37 23 2 10 99 55
87 95 12 64 45 38 98 14
39 75 34 86 22 63 91 30
24 88 59 96 84 33 54 25
50 78 80 36 3 21 11 58
28 16 44 67 85 66 51 81
69 97 6 93 74 13 73 9
97
46
5
95
51
60
83
80
44
61
88
8
87
13
89
99
4
96
52
38
82
50
2
30
27
73
12
54
59
79
7
18
64
17
23
14
70
28
1
67
63
25
77
53
55
76
48
31
97
37
42
39
47
26
86
68
36
32
10
49
3
45
81
33
74
40
35
20
56
71
65
92
41
22
16
6
69
91
72
85
75
78
9
19
94
93
62
90
21
34
57
66
98
84
58
29
11
15
