1000
1470 111714616
7 31157
10 81413
5829 281596680
2 67879
2 41357
6887 1085782950
2 44027
8 62642
1191 861479441
10 45352
4 89106
4727 410919992
3 22066
7 92974
7078 769292548
8 10666
4 46146
1962 1254660107
9 57782
10 36636
2562 1202062608
2 54864
10 64368
5865 1610059482
3 59329
1 85067
4804 12769215
8 37478
6 82562
6050 625412072
4 31778
6 48403
8435 1210190812
9 93879
2 39361
5390 701698367
9 57149
4 20299
9347 1399315479
2 49881
6 82886
9026 923166010
8 59556
10 56158
3435 2075723627
8 78269
7 57358
7892 464713721
7 86597
5 18641
2124 1948794119
8 91284
8 88323
4945 2107576004
3 71745
6 34691
4675 403367243
10 81859
9 29686
3788 656238601
9 75689
1 79828
7148 1746086417
9 37157
6 81478
1635 141389295
4 13094
2 77645
2413 1994174068
9 73261
10 23843
1045 1495363463
9 61402
7 56850
8612 1083142903
9 69957
1 21888
1357 1552468919
9 78501
9 22614
6751 1741512266
2 34705
3 88122
7788 76237773
6 24401
7 49794
6281 1416294098
2 43813
4 56792
3321 1351869797
3 85897
3 97340
6055 1410451382
4 90475
3 61818
3841 223430527
1 99061
6 20636
4680 761364097
7 89007
9 83629
5967 1101422965
4 73656
1 77193
8387 1847431644
6 47161
9 91769
9535 2070397833
3 10504
1 99361
5708 1929075461
3 38248
7 32577
6877 523584798
7 33124
6 64583
5805 974390090
3 52710
7 21294
7259 1222403931
1 56898
10 89006
9355 645204501
7 82474
5 76140
7765 1196663692
10 26699
10 23976
5686 2100105769
5 26901
10 26707
3719 105362794
3 43762
2 14689
4595 490873617
5 71012
10 19369
2674 1243783310
7 74847
5 78195
3823 1110351595
6 46516
1 72911
3344 1905891222
7 10066
6 91716
3811 15605594
2 86888
7 82357
7513 1826644291
1 98761
10 59890
9797 1955328877
5 84152
4 19117
3101 1085126873
7 60023
4 68663
9399 40290473
2 22425
9 15346
9653 1372202514
1 69824
8 30644
9798 584834711
1 18593
1 88305
6346 1602082794
1 80487
7 49341
2325 1555032310
9 97636
1 68700
2525 2065652087
8 72346
3 10609
4398 1024272717
1 83787
4 45511
4216 384609304
2 24647
6 69184
2180 359531642
8 49334
2 39509
7730 66519973
6 11929
9 23692
5865 288746424
8 10252
10 81177
1979 411240084
10 71722
1 94179
5895 1145872634
9 38938
1 82418
1140 298767119
9 42884
9 16672
2496 293197682
5 78964
5 35734
8461 594756891
10 83878
6 49837
9231 1991542484
6 22823
9 85423
5921 886838699
10 37251
2 75784
4190 461495468
1 60218
3 55996
5935 1405465239
3 84275
5 92296
5720 269901969
9 40358
1 72038
8896 1773986684
10 29669
1 97968
1775 1267637119
9 78374
8 86503
2910 1450444502
10 72874
6 63070
3922 50149661
4 20790
1 88728
2826 1442770964
10 31374
1 45036
8622 809783534
6 92554
5 55632
3315 1211726322
10 59537
2 50275
1182 1435541351
1 85632
5 34221
8800 1078454538
9 17613
5 58934
6681 1434829437
6 80039
1 48265
5570 257442288
3 58999
6 85489
2169 1319846054
1 26451
3 78417
9286 1626090723
6 20111
6 23369
1270 878458349
10 71263
7 99691
4306 1397829025
3 41109
3 19298
5831 1090262541
3 55155
8 12151
9933 1426337420
5 60903
6 48109
3860 1059557165
4 40023
9 66306
8670 849976429
9 45774
10 12631
3183 1918418510
5 58011
10 49256
3499 425653055
10 31757
2 20057
5568 232195987
10 11761
3 68028
1438 636426703
2 41753
9 58507
8983 88911185
2 97457
3 64009
8302 1782206104
4 32258
1 42245
5566 2044568511
10 17918
8 75460
5809 839402550
10 36284
1 15990
9978 1045056879
8 26261
4 26053
9909 486877876
2 24133
10 28666
1317 503327732
2 79451
9 43472
5449 770781025
8 84217
3 62670
2387 1663039497
5 16198
4 10677
5608 153904335
7 54443
7 74393
4921 461386931
6 43705
6 38423
5726 1264675264
9 91925
8 59822
1872 37135035
5 22592
2 19411
2342 1831821482
6 19810
5 69118
2013 1515008370
6 64636
6 97470
1702 510221947
6 69200
2 90701
3990 1702237271
8 54354
4 71276
7075 217073590
10 58571
3 58881
4833 1406578228
8 62842
1 83732
5571 683764030
4 97125
6 96055
5219 1181417150
8 19107
2 57485
3045 199442359
3 82317
5 24274
3663 981907179
10 62810
10 11361
9683 1660481176
10 17391
1 43866
3985 148915266
2 95041
7 56740
5286 1756271620
10 87261
3 81476
3020 1818722334
3 70909
9 27474
9872 28093126
8 60441
4 94715
3179 1709681436
6 29511
8 21792
4170 981013030
4 13854
8 42760
1914 494789555
3 17612
1 61609
6787 2136303325
2 57633
8 71504
5169 1741758785
6 20671
6 43682
4212 1767673233
9 64710
6 46921
9179 1189647528
9 37707
5 54805
4583 1526028240
1 81834
7 64663
4657 982305965
1 10089
7 84680
1298 1473813245
5 21518
5 26381
4039 1471724309
6 24298
3 16624
6568 1680878181
1 14562
7 84461
7208 27182203
7 61717
4 49939
5157 1365032619
1 43089
9 13824
3569 2056629108
5 75571
8 58719
1031 1650142834
1 76190
3 19737
2291 1554251908
8 95166
3 36142
2610 1851987512
8 34269
5 22988
3801 1541884038
2 63519
4 23631
6857 1101192286
2 43279
5 34050
3878 437759674
6 93872
9 35669
4462 15335865
9 45186
2 33569
1838 453498284
7 82467
5 98938
8951 1584226690
2 73703
10 66861
8108 1815437475
5 55417
1 43968
7223 51627335
4 79669
1 11726
4681 1141315201
9 82678
9 36889
2762 550146777
7 72371
10 69794
6147 154602712
1 39459
9 30834
5432 1668896623
4 83015
5 93191
9981 768944079
4 85196
3 60693
4575 1218618571
8 88638
2 32111
3994 646878667
5 17376
9 69321
1496 1649909051
9 93160
6 95043
4770 491083475
3 37719
6 76817
8980 532849442
8 93774
10 63789
7380 2061130737
3 70331
10 71958
2416 212790424
4 62426
7 48532
7033 168730444
7 75499
1 47740
2305 524378631
8 58226
5 21111
8319 1945331474
8 94484
10 27034
4719 1895295255
7 91648
1 17934
2288 1906022893
2 73913
5 73378
1710 587504209
2 90852
3 13669
1214 206629467
6 35266
4 22794
4814 491999568
9 95343
10 60220
6597 815643714
8 68033
3 98162
2930 1750508585
3 81672
4 73713
4177 340193106
6 65731
4 13179
5641 191696693
8 82508
2 44931
6704 33955073
1 76168
3 61977
6078 920165439
7 75416
6 91671
4101 1603976825
6 60796
10 86637
7691 2037853711
7 53943
9 53753
2855 1593788759
6 34555
8 59158
7633 1303412288
10 44435
9 15403
3447 2054996497
1 96148
6 69745
3415 804464370
4 72510
9 45695
7765 443788667
8 25164
2 79116
4915 2022192195
7 21496
1 19543
7152 1033422205
5 55263
5 77026
2187 431851916
7 20805
5 25980
7331 215700949
2 53201
4 30131
6604 1029712141
5 14341
9 14215
6281 1165620315
4 85696
1 51347
9448 1750392166
9 29999
3 39768
6147 20011687
1 52693
6 65434
4900 389947478
4 39656
10 47822
4248 2002009567
1 77574
9 59085
5042 807683656
6 62482
5 47653
2657 1855297097
5 82931
7 60102
6763 2038084583
7 54165
8 27218
1342 2076760503
3 30872
3 34041
2581 972787195
1 87571
6 39478
4457 1128769809
7 31501
10 72926
1561 910903525
10 55895
3 10841
8009 1701955350
2 98010
2 25464
1768 2126859377
6 96748
9 69749
4773 1433714118
6 91624
9 95824
2845 965726038
2 75702
5 27992
5392 1589374746
9 61758
8 23200
7629 1260642784
3 68141
1 90869
4433 92073990
4 80121
3 65232
5653 1803332515
4 80117
3 77882
3425 270259
2 39100
3 65412
5971 30236749
5 63714
7 61102
4818 40835972
9 39357
1 77678
6860 1612422750
10 79087
8 84454
4728 840143816
10 94582
1 86166
3222 1903150556
2 69608
7 44885
3553 1614834936
6 47821
7 90815
1990 671731026
4 51801
9 84300
8200 801811657
6 84663
1 48246
1729 1205975557
9 17158
6 20988
4542 1632658056
10 57136
3 70599
2051 2141759257
6 41590
1 72327
8574 673078615
10 10419
2 98591
4228 648460648
10 83129
6 34866
5353 433857659
7 20609
6 48234
8919 1774133767
1 84684
9 38005
4100 1932051656
2 28687
4 82402
4506 1582429703
10 87635
5 91383
3989 277798094
1 51975
4 57828
7482 1494792280
6 97799
9 82436
1159 1935802077
10 35447
10 61515
6916 1348283556
9 91985
10 54336
7729 1101678491
7 15378
3 64309
2111 1028178154
8 88489
8 62292
8277 1622245352
4 31608
7 53171
2260 1110689852
2 34944
10 12502
1463 1516106740
2 38572
5 30756
4794 719834454
4 69513
4 74837
8648 1529720086
2 41804
3 50951
6200 880277093
4 37771
3 40488
9977 1237221272
5 85173
5 72814
6122 196071718
6 81207
10 86953
9152 1295583474
7 88433
8 29728
4551 976045343
1 32670
9 87367
8757 1376729284
6 92932
8 85215
2897 866318652
3 41086
10 85180
4436 300450281
7 25283
3 41547
1851 581915307
3 94134
6 71781
2835 1545451289
5 15658
7 80943
4281 1904688571
8 59758
3 30369
7832 1551603832
9 90192
9 64590
1436 1290066707
2 24452
4 95528
1744 1694954710
4 82888
7 12491
9175 53148425
9 87621
3 67064
2875 1188646983
10 46582
2 14449
2847 991508889
6 40581
2 52661
7146 1829815142
3 58364
2 75008
4149 696555658
9 86176
8 23704
2103 897353477
2 44601
2 19884
1765 420027459
9 73447
6 22514
1569 234418039
2 68400
10 65010
1574 1637763182
7 49747
7 27882
2974 923750846
8 40781
10 10057
4346 1138968282
4 99695
5 17065
3232 863230105
7 42145
6 40392
9714 1205430138
3 22063
10 84751
2329 1362872834
6 35031
4 20857
4689 810370949
2 16685
7 64236
7508 132718728
4 80247
3 53203
8992 273468932
5 78995
2 18535
5529 761142811
3 20424
3 98981
4229 421890699
6 96289
4 49665
3656 1676274707
1 11606
1 12846
4599 773940651
5 43507
7 25439
7248 1173198758
2 54593
8 71527
2175 2123199078
6 20179
3 91108
5224 294372472
9 18612
9 66914
4285 1987617097
2 10388
10 35246
7219 1570494163
5 41265
2 76486
5609 679831751
2 16606
7 54051
6123 87701036
9 35911
7 77287
9349 1714812297
6 83516
9 27555
2998 259460340
5 25660
2 62507
8758 709603943
10 97893
10 66713
1540 1240478505
5 60133
6 52409
9913 652014766
9 55888
4 56609
9905 754549050
4 51189
7 62905
3533 989075374
3 57973
6 32230
6922 68677149
9 49583
9 59641
9952 444450231
8 52316
7 75807
9231 386077691
9 71636
5 28232
1309 181184015
5 11189
2 79108
3324 1037714432
8 75204
9 32479
3429 1361481780
3 63984
2 28690
5162 657267977
4 60538
7 59163
5437 565831018
1 56656
8 51505
7514 2030987113
3 73046
5 34751
7939 1847499417
8 72611
5 99631
8239 1517158218
9 17974
4 75522
3772 1654259288
10 73015
2 93380
6304 656932237
6 45815
2 62119
5945 1384398190
1 37345
7 77649
8622 1499937092
4 77791
8 17726
4589 1533439404
10 36455
7 36844
8914 354092129
4 47762
7 27702
4709 1939149713
4 41830
5 25922
9883 879759602
8 90730
5 31097
1984 1477037389
8 10957
4 86206
7441 1569836556
1 53975
10 24539
6284 88068926
9 60314
3 69682
3826 83170377
10 90237
7 42998
7156 2057396712
8 30638
1 74079
3607 1715792110
1 34063
8 54455
4426 1579885751
5 97900
8 13890
9558 124844187
10 73044
10 43952
5243 813599849
1 98651
1 80876
3068 810861260
4 59008
8 75734
1655 1901496497
7 53460
7 54023
3031 1810614331
6 91351
10 59592
1052 2069984283
3 41527
8 33548
3205 1873037225
3 13224
6 24055
5244 1064031499
8 49532
1 40215
3069 391073564
5 34667
10 24511
9822 776203152
7 58511
10 16294
1285 921610621
1 65762
5 41377
4360 857683320
7 86729
8 51085
5596 1825412384
2 50093
8 29228
1397 1186636772
8 90640
7 20999
4809 166016453
2 99095
7 98395
1291 306706488
5 11458
2 64137
6402 729351848
2 17231
9 18044
8462 779721295
6 55214
10 37892
9750 1892129338
8 14072
3 44966
5825 1417345389
7 70337
3 12565
6070 523102302
