100
5 23309
5 12584
5 86141
5 14750
5 29977
5 12715
5 22247
5 80599
5 12222
5 77292
5 48937
5 54903
5 58028
5 16506
5 64526
5 98326
5 98520
5 23308
5 73473
5 49923
5 48944
5 13609
5 56995
5 35411
5 44704
5 29622
5 38222
5 43781
5 17121
5 76311
5 36140
5 30430
5 78896
5 22283
5 35181
5 81364
5 97488
5 29919
5 44456
5 99710
5 97212
5 83393
5 54615
5 37732
5 72391
5 91632
5 36060
5 70912
5 14941
5 82024
5 93326
5 53886
5 85633
5 32813
5 61788
5 30339
5 34926
5 72502
5 64120
5 42048
5 48814
5 72752
5 44969
5 10202
5 67526
5 52641
5 81567
5 65015
5 72561
5 26024
5 47218
5 69774
5 81908
5 74324
5 79997
5 36791
5 65957
5 88548
5 80194
5 53390
5 70574
5 73521
5 79767
5 56208
5 96335
5 41556
5 76547
5 13753
5 14059
5 23160
5 45801
5 35365
5 68403
5 63262
5 35567
5 35930
5 15904
5 89625
5 73436
5 60956
