1001
8 1097628018
90 1559264283
31 408992758
42 967654373
87 1533295311
42 2132765958
22 1390168931
89 19924180
99 1512749709
27 257346866
49 1998643874
95 1199221625
27 1374237895
10 1278357142
6 1436920710
25 1590733618
53 37114349
70 317545060
5 2064894107
88 2122467723
47 1124463901
21 1465927098
44 594846243
80 1779631051
66 1794940292
19 1657509465
95 85239636
91 1626465910
59 1773561919
95 1312279800
40 339971338
78 1450064062
67 1758044023
43 823192795
24 905324909
30 978676604
92 758443256
72 249454346
94 1782971332
43 1313401803
23 1918579666
72 929044847
7 1532675063
38 1315813185
29 1165366514
29 74268668
18 1236139107
28 1882423541
19 1144458206
22 374670316
33 1356309559
46 1932088277
70 1650466974
58 1320558667
34 2063144372
21 568898986
95 1309904443
7 1690576044
21 1905970944
66 1853849193
43 1339514918
86 281708015
67 1304966944
78 1274869859
83 574780597
95 204240969
52 855403447
72 1898359324
90 22904573
84 1644341431
96 1557911167
12 1772805687
63 1563700603
90 1415427821
30 27320016
1 98558062
15 902427579
67 1795005311
100 396913986
33 361852378
45 424448049
64 755301091
100 554938946
17 1638238269
98 1577611112
78 516408817
71 1200852822
82 1708370593
76 1457628940
84 1939257677
93 2098108132
46 704300243
4 270598168
22 912962940
23 1274213429
85 1639206737
49 1840908666
98 831029327
16 753200949
70 826207485
81 1456880001
72 1171367044
3 1484347159
50 1127318953
91 1708568756
52 131957761
85 809425073
22 364761656
42 1188079911
58 1747535396
66 405056267
100 2013471172
23 1486282666
95 346845250
77 1018800800
52 275328380
78 368185390
7 838446329
43 31465766
60 499541353
58 737374616
48 1251744114
41 1467757119
64 479339283
81 746746719
82 823163075
97 1318649516
26 1250284272
44 1386167451
59 749448502
51 622698610
78 585681757
68 323988659
9 695932901
75 1242409721
77 2095488947
13 1826973369
7 1379100379
61 668771537
70 1655600223
24 1937830693
54 419837595
99 1020430250
7 1766445097
68 1119767741
28 516598656
9 1393186834
47 585866703
57 378924853
20 2072629919
57 329790212
30 1453635264
53 1072900985
23 1156526774
40 396208010
22 1009707130
77 995922999
17 1295551618
56 952182944
83 127983654
23 1282923018
8 1666933389
83 1746862725
8 98318051
77 1387116050
2 1599638504
91 2044099541
2 1726186195
1 1591042117
23 563705752
84 1399872670
38 26321535
88 855473960
0 117181623
12 88902572
100 1732123943
60 889747589
66 1900451796
28 1356890129
47 467430596
68 2022234169
70 165945145
48 825375573
68 740883293
29 479877014
23 108700522
2 730518281
5 2128061707
48 1456895211
65 1246165498
55 342924960
94 770139726
71 2082379478
89 1721799215
100 374394073
35 1888308491
17 2108815264
92 20511010
9 1798901329
46 1055641232
49 2065983349
18 2011044381
62 1299363811
6 87526576
96 2089382122
2 7089510
1 17014220
98 1517495984
22 1300337111
37 1243696009
88 1133557715
21 1923875779
43 891290841
35 1881596521
71 558297445
58 674003218
83 1954095859
36 1125815129
65 381702743
21 1714751397
46 399550131
78 608424653
52 351586495
18 368474401
27 1070248541
28 1179171143
60 449207615
52 1151211940
95 752466416
21 1883206979
1 1675078918
51 1787561007
20 947290501
95 440183504
96 1979234193
79 1652594462
72 1729292160
54 647865028
97 91972457
64 1585318614
60 481026193
38 1218543607
73 1572569383
89 123248617
9 1107596713
100 1488316012
55 268698497
61 2116883113
3 1894285860
93 397498595
37 417034222
6 1957337083
26 16144877
98 2079721390
66 1474057893
46 1270338332
18 2134562465
11 737834247
39 563670192
92 1737200352
8 720054812
25 158975241
73 58942440
71 57258660
7 537957676
8 1531781059
34 357366664
85 953834633
7 1799352957
82 481628875
9 256145083
99 933527641
43 2093365500
51 1802872101
75 384961104
98 33335301
65 323137873
79 2093769226
41 320685250
47 187824967
11 458301493
24 1813634825
35 913756872
38 1189179699
22 1506058186
15 1691553384
13 1275292134
92 2005427170
55 1475618
4 1730726030
17 905920780
79 1491452639
57 1956371875
86 1611138968
72 1441282455
11 988216403
87 1371086313
95 567768458
42 1274353392
31 702985718
17 1280273083
62 247647552
59 724652833
19 1629255556
61 1766406698
9 1112565174
58 829075623
26 1753902485
77 1894272383
78 767537327
10 869038092
30 940171491
22 262637663
51 230000294
22 1117404458
27 22435338
27 1180041467
2 658275464
41 375673965
65 483339104
45 1352545311
46 519440847
94 2052438444
49 672101136
50 1343417489
17 839814723
47 1047908546
89 157612690
4 1140442516
32 700053617
20 1320598996
100 360557220
14 992571845
32 110367468
23 1158880057
90 1362842827
37 42127203
2 398079007
74 2008143358
0 1746309179
43 362334959
82 1269049132
99 71142821
58 573306066
43 1814274806
62 1321948663
14 1995848638
10 1340546970
29 553854920
50 61698999
5 2044621011
52 2076676698
41 1159341852
40 2033830214
37 1397452200
37 76595113
24 2071296000
35 1022547016
56 624822419
58 1206540510
14 721729118
94 1279003731
13 2063511409
23 1411030945
79 1922981493
60 35134011
78 749788122
93 1759383423
98 291599118
33 781647888
39 1130902086
46 1301354830
21 56403598
85 1049669611
5 1772271282
74 972839594
94 489731999
13 916610861
37 576426731
14 875642442
75 1652888102
66 24559785
17 875103515
4 16838902
23 1282189549
81 708270305
5 1656729791
57 1320322426
73 38559686
36 246875758
49 331234863
63 9864073
78 1324075030
15 1226726622
12 1106633093
30 104942690
70 865661871
73 867230124
86 1913445683
68 759984372
46 1682555817
2 1313759571
41 1330396165
44 757451702
33 709106739
24 1032303172
91 76559165
58 1861308464
30 1968642179
48 1153652308
69 895436855
62 1539829172
5 1388097473
93 1354380465
77 1143644674
32 54727444
75 1435135867
40 1870518804
94 1855085365
63 1987004235
30 1484814318
41 1457050058
40 1913991004
54 814524030
38 2111426313
45 515457512
12 1079287689
11 472994599
74 167378684
42 1473961023
30 1794256253
39 1989740202
7 749691836
87 1699956856
95 45778568
94 874002010
2 263817555
11 944482722
66 1354443295
45 1765474448
34 1579699444
42 30281832
95 41251349
97 831405000
90 183167847
85 1519653392
45 1686570844
91 911848925
34 927201657
86 746072585
59 2003799578
53 356089465
45 1803643016
35 150458397
97 912095292
13 181504975
68 2049381158
8 855814574
76 715063239
30 151778892
9 1845101950
51 728171539
3 885858584
39 1672968178
50 2104342599
32 638556819
69 1891631711
1 2080792014
15 147734824
91 410910094
49 1999699609
74 1404141205
25 804201877
46 1844745978
88 1799691705
99 270012554
57 1520473508
84 734015506
89 490720911
30 2071908685
79 531057153
80 260754743
12 1557628141
93 1822996296
84 277829873
72 617709434
53 678837812
16 2031642954
28 2134322770
11 854821157
3 1577946508
44 1136357187
57 2123017805
53 1209784812
82 2129872731
49 913834930
10 1697191706
73 788651452
76 1368652783
16 665215517
48 550586843
24 1776528491
34 1157291942
45 564980696
34 1242109435
9 783178244
64 397151916
30 1623508663
13 1642424477
31 838941142
98 1820019676
55 2138259796
75 779882098
97 329580287
25 1243591701
41 1647533890
0 130237108
40 876119551
38 789782883
28 284176467
73 713418452
43 556980965
23 839406494
89 1483256443
55 718815807
97 1959160884
66 1927490010
26 1761079571
11 581880986
56 560939694
0 937972014
76 1472167584
95 1337568670
34 208254525
67 1641903735
38 2011760224
32 1559785703
75 1318408908
86 454263522
57 586055873
83 828895641
59 1564431165
71 200186495
54 1168790464
39 1121203298
18 460056520
39 1790720095
73 979900787
76 2133027592
99 960673023
36 1680586304
82 1835286218
83 1246207140
90 1344596909
19 1660393182
8 726066344
66 180902244
83 950707179
84 1321040950
18 1163156220
79 1701744154
28 206452265
63 1407953197
84 178302071
40 227024717
13 873461172
85 1963924693
77 853015733
17 1567475222
68 615635200
78 1980781777
71 1422189932
76 1484715406
47 395289113
57 197427458
82 953033308
34 1034174426
19 1096668567
9 198354979
67 1688141117
16 266462085
58 185507070
7 975382385
0 1145551316
66 1088651798
27 1475758715
10 955404413
53 936150301
84 975878462
46 950908879
31 742401099
76 924993886
70 915944114
94 2071219502
29 1149149443
94 1539678789
73 2025995613
12 1498514659
51 616225016
71 1249268309
46 110285196
26 479343094
28 1328008376
9 1358325781
45 599449161
18 1329709112
14 2065693201
73 970942138
20 2128881803
95 1948452760
58 359071316
60 398675479
72 918350113
78 1091477632
16 246288817
5 1091968296
79 770805670
52 1422263624
10 839321137
84 107733590
48 794856770
97 633136910
61 1544662052
79 1547219990
0 351273393
96 509124157
94 541353356
21 947927991
60 657506126
89 846794951
80 85184268
72 1260368958
92 1362590989
30 807320338
83 1168254691
89 1493198776
15 205012982
58 528694137
19 1582931087
23 1128251593
42 1276619582
9 497065542
6 397691739
67 1130192760
62 1336915508
76 1958992809
82 1768267310
65 130606068
69 1607027053
6 1037803129
75 1852980334
47 443425911
45 362370295
98 1660184702
74 900550528
82 1732022216
38 130844749
49 1847659401
54 1526597644
43 1583734354
3 659872576
23 2138129281
64 319637987
90 1264030889
49 1059178107
49 406979489
56 537868627
45 675184461
67 1822525449
63 698056658
96 828838162
54 605278792
1 364199336
44 1488219400
18 1135823059
37 459342837
72 172229974
39 2076351874
82 571240172
34 271049353
24 1347249486
87 247609425
79 1528434243
13 637873389
40 1110679402
17 1779068374
20 1618525273
35 751716828
73 542318064
9 1726037942
66 1016922687
12 1326353112
73 487885601
4 1681020622
80 300636806
51 542060405
88 482615171
17 1385520759
34 1712463716
43 1067041811
73 1211840547
43 467693387
63 935490055
47 518123133
57 1311862796
25 1008465596
69 134574558
58 1370454497
89 1442556398
62 1681585933
67 708577800
4 1243595850
82 865832520
18 1054758737
18 357543461
22 1106472059
53 672943437
50 104782532
9 646092014
83 938757965
19 719583093
20 2139256646
45 2134558621
96 1476617811
5 118735320
68 1025340928
1 1086882787
24 2018506091
94 603086091
30 236044249
69 900098081
68 382529912
50 769198107
69 1033991363
48 1110218110
57 1225761283
60 1772489241
88 536475206
87 432278130
4 1041711938
72 876329467
97 1378326570
9 41022349
21 1768443914
29 27646545
46 1604737993
36 1199520824
86 353302497
65 327096702
78 1236525404
73 1212559541
78 1119632367
10 1532337321
69 449645701
13 1521716943
22 368145253
43 1410926857
23 66291369
72 848337188
88 2096057647
28 1691739799
66 1803728360
47 1393096249
83 565012258
38 1396841070
56 1010024115
28 2116340701
75 1299482097
65 1638280408
1 1318326178
15 1093001789
96 1263076466
41 1285459607
78 1808394205
96 1016619470
80 862296882
98 1162796548
19 1304652596
96 528088804
21 2128602101
63 1523718868
77 239363189
43 973315403
95 846286649
94 1140489437
84 1476625867
18 1703600611
34 442452577
30 1921586520
38 827889719
8 1860331339
81 1351597964
96 61244547
16 1284053390
68 230948119
90 366779577
47 108830764
53 1099759261
50 2144988053
29 1546258331
77 1963175090
18 1224001420
58 1467619235
54 213384976
29 1769817133
45 2032444450
75 583977648
10 210825416
58 1745325678
26 1234555547
30 612567002
22 1583457137
14 59994243
66 1803543934
55 334295013
74 1195492490
41 2077719168
93 1669278508
10 1938464261
53 492093215
3 776454532
9 895978922
56 1613612783
81 2005654377
12 454199497
4 1040244963
55 546577753
18 1788164266
34 1011951203
100 664070645
46 499059522
20 1496232671
98 2131573399
51 1827149799
24 753207368
79 1335868110
34 548813384
3 742610434
74 1191167723
35 1226397333
57 1693507439
61 564650072
99 595377101
13 699173542
63 1649555243
20 806090872
18 1075323675
27 430426160
85 1172867427
89 834483790
48 281851678
34 1308253048
56 107231637
3 845607581
21 504160997
15 796282933
10 43679916
22 142786334
20 1566263696
40 98901674
14 57720415
24 1069466409
33 1059832442
48 44973869
97 1609984881
59 2011291016
4 902325912
59 575017973
30 1075440251
55 160473262
33 1345146821
62 1629786038
78 170205553
51 2027883755
86 467048600
48 657320893
83 884294327
99 1657813106
90 1079196224
100 2029342990
16 434760988
97 286050368
16 917727128
12 199160802
49 134210247
31 1425284980
70 1316390259
57 720700158
43 532676094
78 1075581415
30 580402046
60 1524493710
30 1312205963
95 1261339495
4 590126496
38 785615996
84 888865549
6 214490737
21 1932734705
80 1652276408
51 773285603
51 1398818373
2 1837665111
0 1428788027
48 573135149
72 1222582252
36 2089788103
57 470749922
23 1634415483
17 1498428957
78 727804607
13 1101945816
21 1208227669
28 1275779185
3 1730088092
11 912940030
84 1710649687
74 298082261
35 136309640
64 1623688708
84 2083756083
27 1862981985
33 1298379627
17 1133087308
1 1918337677
15 862369794
22 620593922
41 2115328793
47 1133268515
18 674816669
8 2024196276
37 1071763006
57 1752031456
43 840709818
50 949231908
7 450302237
75 1015702191
86 764081234
85 352048834
97 951909633
3 233717512
65 621561500
6 1631111389
36 535649378
73 1833030975
36 1332769215
50 650739100
38 1149622271
15 1626893841
31 2143628004
20 159763320
30 1314146445
39 612247168
69 1342063682
18 1827912575
76 1087198866
8 1960769095
47 768457874
79 150683363
0 2061293093
3 367089653
99 1545974295
41 1503627234
58 1273115661
84 390961360
87 1411679529
61 1715706610
65 1726190191
99 509086358
90 1144766134
97 1067259894
3 103661725
71 1793241719
52 177458530
100 28743204
33 1780155773
20 1337846637
54 1413661610
33 1726759339
83 1677027651
68 1808553640
88 520961731
52 1519565858
60 1557246734
52 1020438500
32 70683854
13 639010572
86 820760088
52 1046465179
66 81210078
56 1089486594
87 1471041241
96 892528624
3 973839807
86 1276512827
12 442041366
21 1444607342
13 166875774
17 1062671371
89 697858121
22 131168080
