300
6 2103161694
7 226341829
8 535137143
8 385605461
9 1812285332
4 1737089787
6 231702175
7 1973637155
7 1679563397
8 2077523569
10 2042085017
3 1597798049
3 1815194098
1 149214677
5 481759381
5 173792902
8 1766245820
2 1168859385
6 1098369328
7 86160165
4 1647273369
3 1835280968
5 1697419091
6 367758793
1 326057064
5 1345537419
5 923060396
2 1925544476
8 228087033
5 387334113
5 249700500
6 1147283842
1 961261747
10 22361987
6 1723124425
3 675318440
8 1931772105
1 954406043
9 2024550236
7 563722740
3 1619963550
10 423782086
10 557628332
6 986311146
7 129118421
10 1495561780
2 1934772275
5 247281593
5 664021553
1 660697801
2 378165732
3 1462576478
10 1699132002
4 1644161737
1 1591663710
10 1779322243
3 1969660989
2 1459683911
4 257463596
10 1165521039
8 1672156669
3 765400938
7 1008961146
2 60512022
1 1282326111
4 1912645031
5 2057226065
2 1822946033
1 1497236734
4 1037589362
7 1380024952
8 2005560409
4 725048639
3 1582007967
6 1616272082
9 1369094253
4 1113644530
2 452906751
8 999694075
4 1648104729
9 1234628596
3 1795028382
5 493520325
9 605761786
10 642631243
9 784690208
6 165295458
10 1077374841
8 1960527641
1 1872856332
6 1111944518
8 422777530
2 1081478481
2 53227430
7 1389103054
10 68225446
4 967114623
10 1620619017
9 1186260949
6 1303908359
3 1722248303
8 1704064739
2 583881888
3 630404210
3 1145855092
6 1826241957
4 1450243832
1 188421364
6 977220121
5 317927573
9 1942980953
1 695087531
9 101923201
1 75763228
1 247120055
8 969592694
9 1320786507
6 1709428472
6 1160129718
5 154110629
3 548125929
8 268817125
3 2081888427
10 235124779
1 698887283
4 1130464428
9 939205373
10 1256996516
5 1993774859
5 181829076
7 564947684
1 2062779625
2 1677595555
10 1642918938
6 1817073483
9 848742788
6 1629898507
4 68601879
7 1574798403
9 328444538
9 856779011
8 620586627
5 1136977278
4 689629310
1 1062859240
7 1076679756
5 2022880156
4 1366057467
5 469216534
8 95750041
1 511038677
10 356522135
5 2062052743
5 1557756822
9 728850672
2 1615569536
5 1197626680
6 1234130420
1 1966255659
2 1170388800
2 647734469
10 361954527
9 1091560642
5 2076123042
8 442021103
6 1699583547
2 968882265
3 946513317
1 333746048
3 225335210
1 95504205
7 500742756
6 1929577262
8 1480251195
4 1511149260
9 482496876
2 602741257
4 534531059
10 424979749
4 1107595428
3 487559889
8 1820060633
5 568317361
4 192409866
10 975876795
7 1964660130
1 111166174
9 217028237
7 2052792415
3 1641609061
8 52952132
8 1427858109
10 821073692
9 202511641
2 278075974
10 2113054294
4 1969802397
10 74594369
1 257237934
6 1292699520
10 684749311
3 157012081
6 1427795240
9 689175274
9 2071319751
8 602078387
4 159922977
7 632481625
10 1844842017
7 79566463
2 2145100335
10 741070206
5 1830768388
6 210571547
4 1082668810
8 1173637404
2 465663421
7 415849958
2 1704689804
3 1079079021
8 1288325920
10 1605314143
8 1563610257
1 281761918
7 925305386
2 1236402969
4 406465490
6 742857510
2 645654102
8 30272906
3 309216476
1 1348257385
8 387076148
5 520854910
4 721648928
3 1572808212
9 1133607693
8 1310740097
3 1120950827
7 1810702929
4 1953830397
1 821694639
1 729611778
10 302562471
1 370497558
8 956105145
5 1536745687
3 1454593931
7 1920986226
2 1868104141
8 1427899125
6 357642707
1 176583765
6 963757473
3 1113401173
5 1196307158
3 1526599004
8 1132560162
5 1435070298
4 1483993015
7 1767958010
3 337798242
1 449493394
4 933558238
4 1620357366
2 718147480
5 1947607436
8 1314796014
2 596689344
10 1274242146
8 758046593
7 482354792
1 193583805
5 245889084
4 902553940
10 1286738311
3 2022496611
4 1680248352
9 1269445078
3 547502331
7 1120501673
2 1643091640
3 193956350
8 897333015
6 941473846
4 353252564
1 347157169
7 1836682390
5 303038663
5 21911429
4 1664969926
1 1728620905
10 785702645
1 1864489247
4 1727708552
1 649982872
9 1530157741
5 1621352040
3 955994871
8 367276139
