2000
86 1869067954
27 2009803276
254 1459711770
108 894075921
444 1722276711
489 1748356131
207 101645513
75 1005497322
182 1120870870
218 2012771154
508 1546663215
350 1052066621
369 48715298
791 719474294
622 742038698
468 135349922
845 729361818
188 559776316
392 1913931005
838 801771807
832 2073478734
48 285940383
987 867972228
558 1940110341
242 815981633
253 543558455
254 2060819364
45 663988948
235 2140679377
161 2141250968
928 879724164
254 1198857432
504 126786792
872 1650675923
118 1065002337
423 1381958217
416 707608372
369 1018638023
594 811852658
262 1416940050
83 469178915
966 1842995491
499 1408639934
651 344565646
228 1742964034
972 2137070090
822 467450209
618 2084290533
358 799593974
912 487471151
579 1892446890
807 708110087
495 1389844321
87 2028152214
173 390529178
304 1682047623
245 1110623474
284 1242222725
352 1737060259
168 1773615423
436 1925121338
425 1807745196
56 804162092
273 839324900
913 1184551242
581 1320868730
900 1048741772
867 1382086099
634 1608243280
173 345315777
684 412879634
63 710996905
127 1257439220
362 1895282868
662 1392524354
749 32072828
51 1137132861
45 1415249943
598 1436886459
211 1397567371
573 1433887247
72 1403468538
561 452447624
557 626247816
272 1900825656
1 1911979715
587 851443347
955 1689724751
792 281228955
884 808414750
228 811454967
931 696431705
187 532821955
76 1742399133
674 71289195
365 296178820
770 1563435310
409 1840321813
65 190234700
215 1929090191
385 1290649576
364 109798351
971 21595583
377 2103491842
16 1089563425
285 1976577847
273 1604910522
904 1702122572
882 489723904
315 1959957244
647 142037266
873 2066189542
808 1808299775
437 1573871863
938 2078113689
282 1942111184
558 901581016
676 1215888892
345 1703948989
360 1226001137
383 1936320030
295 399563511
551 1580621240
497 1383995735
868 1251240493
57 483874596
874 1305121748
312 951266687
903 14124549
625 816988702
91 1733133308
233 1166034208
934 516042125
248 1410407276
31 1406336539
330 718536233
944 1544020102
762 441436179
514 1072302179
306 900019191
141 874417597
276 1569336783
674 1786474277
76 997993572
27 750774725
106 1745353418
298 279114865
838 823655063
629 998343431
199 867664457
384 575503457
74 1452369245
154 556816786
511 949197607
475 1571753690
429 1805177990
250 1085626938
321 330743337
674 1600150949
500 377732746
788 996235536
199 539866412
326 739506495
316 2070507393
813 1450100167
304 1995046249
44 229405245
213 1997643536
595 1046253622
937 267857349
611 501090646
376 769211304
452 1152582818
786 163851503
474 281207902
207 808692145
272 517186766
347 405310193
824 564596385
933 847059540
869 1119022140
213 1892816529
305 1994553988
182 2134649417
531 394850265
350 1363847627
866 180574810
3 335174847
803 1085529924
823 1938407747
454 1040610600
228 496697617
126 1948174803
704 667006980
618 1230341748
967 232500445
563 61205014
781 1550307626
297 1720809743
458 801599316
462 1792496514
350 864117271
224 3538578
24 1158745305
522 1698318469
684 308322681
567 1549285649
82 1759140
176 1707028109
23 1715264345
112 35348993
972 991766450
550 1925598116
233 4829361
785 1932063824
55 1467100572
189 824391973
645 1402664367
449 1383026314
512 1916999054
207 1363595428
327 1525306556
798 882858386
157 2115374234
887 48348170
458 1232289056
550 1483436073
364 180251171
251 471162288
637 612991105
978 991509210
664 1832819155
97 116342224
962 496348088
668 1501925898
897 285746025
358 343701582
339 1483435108
634 1190634631
820 1668962815
56 986996978
208 1322679964
778 830340082
706 1584499945
168 1688011668
445 1557244835
725 2130099079
3 200454766
798 183096568
748 1598326194
127 962666349
30 255576496
869 1547641154
331 385444251
936 1042853652
712 1829774938
808 660691641
287 205316386
182 360418742
304 645050446
26 1839823734
877 432983992
548 1297391975
954 1921396822
534 1330241613
500 1018027361
35 1108827940
527 1451792245
970 865131815
95 1099777583
388 1744159914
586 1790352449
798 1787040128
161 1748399632
557 1638001520
710 2048405632
594 300778064
404 1005297124
466 967344735
867 931174935
749 3966019
41 295527015
277 1075322506
688 1621779406
806 1437072109
842 1700956140
661 1356142215
460 1291116284
992 1192010130
127 995673917
156 1137998698
201 2012869608
423 1230501877
272 889463154
653 1649893383
270 200465666
195 1622356737
184 619169714
951 95828294
100 343166269
35 667538813
330 419165132
369 1240463704
844 871896075
481 454830036
288 967518188
497 616682245
76 884121849
785 1703587233
190 1897547088
177 1446739444
838 712372723
842 446521787
225 1471808129
274 1425007909
238 2075250486
267 1711613161
385 1968744103
428 2057213386
67 1089583403
579 413242875
545 1957388508
225 742522091
376 729625596
350 320128064
827 1504622646
406 430218142
279 540996394
65 1401054159
730 1419090011
520 1680295274
338 623641495
606 1693788819
494 2049018004
641 1138058482
632 1968078331
606 900735702
986 433742830
178 324526253
220 1941883471
308 1643057462
745 264038178
400 1368534190
342 802531886
218 670355448
185 1300683122
110 1420995099
215 1447591862
937 221742920
440 423335180
960 192760330
177 763619112
629 2021913055
777 589270178
905 213246721
715 843609979
734 1682692470
616 1782096140
173 1912682730
671 1525847714
411 511282627
820 638721604
379 455888158
237 752094349
124 1287956037
274 2037432481
130 1419359392
30 426728751
304 1850929887
947 1492744461
494 1399668931
110 1772997144
811 1296518949
433 1838620767
374 1844754014
64 1497272561
649 1896032022
306 2140830720
300 2074823984
725 882067610
291 1920870950
198 548529092
139 1425584388
561 339051846
726 1991256774
341 1045723588
858 2020667099
518 30836163
868 2078846720
341 83936784
744 938958116
717 1984670080
671 1569719864
111 891943022
636 575974925
394 564872926
214 398543428
729 1542108921
511 2088659862
487 805674796
486 1565473427
837 1028391398
660 375151821
392 460875632
686 781200844
148 2082631980
520 2126021762
512 260181802
267 1750351916
851 897834531
529 778651808
211 528205420
217 428625827
96 853839405
610 1803991462
345 154751382
481 1363428938
820 513154472
917 94886694
47 2045095654
326 1518842521
721 448762850
751 1752578751
416 898154966
927 1861069476
302 1534290213
891 1111213306
198 1669432873
833 1985326327
217 1909641175
948 2035302831
228 716331735
124 1100051690
950 842345234
640 56032664
22 2071025922
884 572717578
191 924772172
46 1081249776
32 1533259701
563 1471432987
119 1287073241
918 835078251
252 1975001779
683 1184811096
883 167271424
721 1654068216
439 176394753
229 2113089367
265 1801574643
767 1758697227
525 1596513568
411 2097422042
664 361743839
13 49245583
430 1826023775
411 667586158
720 1955841216
247 1774635834
770 28101693
130 1373035005
940 1884593562
834 1078976277
386 1486255833
458 932244655
621 1066220379
319 717980098
564 727389392
242 889052391
187 1699106664
614 836653124
521 311492897
547 195776512
735 859420045
903 1903209812
103 634891981
536 1082894855
265 2008380743
111 285506562
121 1058969480
683 340016109
793 1761209452
268 492956510
422 1725914700
274 1430248428
455 172823228
607 507700860
293 1623657188
598 604166590
327 526406070
221 1223115323
914 1488653924
162 1533299946
817 172914015
520 549220300
843 889074078
61 1209589707
585 1947232616
372 843915079
530 937071471
306 655717737
915 246097764
341 1594210825
65 1866895969
926 57864889
820 410786522
512 1407116443
904 1439506743
602 1101507818
949 464255603
39 696820605
704 392480879
807 1856129564
810 1461472882
987 1717893516
896 679240854
705 1360955405
205 1389546203
708 647609923
675 858576351
43 1354776917
779 1986455025
917 1021319672
920 1407342454
784 743415230
329 1626071960
39 1077444091
303 1199162500
703 63299038
95 1338651002
142 764212440
981 2007320161
801 795746827
582 785366780
837 210857593
831 1347916
440 765822357
124 32560575
673 1118797414
565 1762485871
292 1164017439
349 1154964832
999 1112143374
248 880067889
144 719795419
79 809151319
334 2089127099
513 1461692057
626 1918370549
714 33263382
41 1743518321
722 1547379005
535 2022414239
219 1515411
270 872358961
43 708457002
58 857591817
274 2130354282
424 2070065519
447 997693955
556 934173766
235 2126385150
276 328349459
405 1613207497
223 1540168749
53 80980855
354 1681082177
127 1498060452
310 1060815792
786 402257126
510 1116093497
524 1822067506
601 826652314
5 1795936857
701 520393016
663 1391611477
669 305508791
836 182900352
26 663622891
536 733094611
741 1295095080
204 1192511414
744 294951678
673 237222730
57 2042664081
15 1141458576
667 1750193984
207 837475596
717 473496926
362 1178596836
45 1132075969
363 300973077
613 1793237645
39 2071443012
821 132497631
578 365684880
545 1471129442
655 108802673
804 2101284512
724 974364943
475 985505259
810 860255227
968 784382305
789 1017578245
609 36175980
792 104285526
865 471416099
750 458353062
43 889132032
496 426546984
54 1039366402
424 301738727
547 202944510
269 2129093316
786 756566803
592 5726671
731 924314482
782 182804009
798 416229073
71 819092371
100 1249073688
442 1620657003
17 1328636500
132 1837659884
670 313838844
615 1091914548
393 908955085
14 1716217442
808 1804194675
980 1268644970
966 506318074
544 7866244
353 2140353540
774 991845696
276 1391052507
939 861504019
398 586832316
31 65648688
261 266203792
165 1985753700
173 2020031793
345 1933247882
509 176354227
195 1893402827
332 1052325138
599 246343084
126 141452143
373 841792121
849 444879581
11 543421002
992 1497092236
500 181090989
710 1739602396
184 1851909720
386 2564601
281 438365176
820 472880725
505 656615978
366 1726111086
24 482300207
254 1417099306
376 42112141
456 982852620
241 1692873486
896 570058431
118 1116180642
582 1493735861
656 2003591571
840 1544011308
332 944177149
880 1250713767
164 1421688657
620 1606671735
407 225345797
58 333356144
65 1816251750
744 1436289295
384 1161523252
881 594784505
884 1699390469
257 795723930
43 1084509955
310 1965359095
200 1227830753
229 501151873
756 760979017
525 1407066580
878 1327976485
279 2113488661
512 2051553841
95 113484638
340 2049816608
708 1431202186
419 1821432201
729 1770769303
55 1043345979
995 2041426485
204 560985729
488 920990164
454 1073705040
316 1813340738
206 1026524030
819 1869868084
57 1939178338
58 1760339149
125 2135234255
836 1416086827
684 1276114072
260 953939779
512 578308409
786 175917999
355 996235020
46 1602026675
84 1929162769
34 1198553584
632 1797675229
127 542584571
572 1937334345
303 883732478
734 2100842104
888 1424793919
205 222928118
395 1978676278
647 1393202465
62 301621168
333 1362357844
106 1445681615
318 547400005
318 1768329966
376 1275757835
321 1184463288
392 1683810577
537 1602665028
85 1992016866
283 1055206661
891 835501838
749 1886484386
584 1025914032
55 409988499
488 355325778
770 95660075
656 1189148836
890 1928792839
27 294082686
66 2065627967
249 221555412
101 348306289
527 682171818
295 1231543615
858 142401528
501 324596711
440 471783561
916 2036333322
392 1781274465
635 1769330442
779 1010447842
391 1706800219
970 1258848561
788 1788661871
868 890264920
89 975288120
623 661930150
137 869702673
209 1127082079
141 1870807005
392 93029268
196 99903325
582 111517517
545 2062510423
81 287591173
544 1881908578
273 1401864088
364 1350152045
285 781850912
929 2066160248
387 550652811
649 636452516
590 70075481
539 409201281
599 1459917829
246 319157519
702 180444706
202 2117759927
553 407813844
948 37270558
307 1569660273
875 1993444033
496 1212920638
513 1337269714
772 39959051
623 1519403734
841 2427386
238 1803194823
437 1514527791
609 1269660428
837 197437095
717 232425421
297 2007878792
202 669844025
47 88004756
175 963614005
20 478810071
625 334222094
669 2005686821
987 1539018611
270 779954474
669 488774086
260 919311299
921 854884727
373 209397717
733 1113317414
384 1565879455
438 784716614
750 1548444537
532 1694483587
479 14191574
841 1146630674
136 1320188335
395 37248707
294 1004860928
626 1076553732
370 339722368
54 419713614
892 1709813079
16 1545389110
503 1251659849
164 178561961
270 1856965712
259 2096330255
932 270355566
506 746892246
878 6460490
289 777548785
502 1226892040
509 357556685
135 243581163
740 1869084722
811 851954587
515 1842337198
148 1415913030
657 186011167
662 1751465537
920 1190144887
113 1327851703
641 571390555
659 634838040
836 1882754409
873 1064322074
239 1967947356
880 1327617039
551 227999787
574 1612130811
520 7018085
465 90915550
776 730885769
257 942114296
956 2026917811
635 1281470064
540 2007043786
743 61086896
173 2060045388
707 1749233495
627 1337223466
515 160652047
644 809802387
304 1335707568
409 911983640
176 987403036
642 1116956481
345 620873361
254 437663518
231 617255538
901 2109083842
774 1386676731
303 213080073
310 252111026
297 2143688563
176 1920957962
285 519932794
480 343631908
775 1422395448
815 220053708
733 332210559
494 1105897166
321 138291682
482 1149525643
821 1142274536
165 893052881
959 1518023136
851 925035063
836 1580009591
119 1856745023
867 1031006962
747 762159239
366 1564345699
461 733191289
81 637646975
705 1026152941
646 13218093
187 271540927
417 1711336987
924 727464975
453 1040364103
958 1810002606
98 1752763820
54 2142006801
658 1764700110
758 614020621
849 1334003865
56 51679532
802 334487360
735 1590123417
173 1738115819
386 1941991870
328 453359169
166 1902843688
313 1487115719
673 723340384
559 2103342872
869 790899766
128 973413363
281 746429160
786 489207447
691 1238853249
924 589145994
538 426593582
645 2075403602
297 1895767691
402 338026061
326 1269886038
636 1756325063
857 808597739
272 1508071093
716 1475953309
850 1917797465
178 1025069714
196 904792347
145 1334357005
188 984465007
305 1069727460
964 1716259387
216 349760709
805 1365554393
806 1162731467
576 1788320665
8 347482036
314 1310379935
851 345635567
83 540534250
107 2134897698
530 1940958304
292 1054575247
435 636498990
397 2092266799
653 667175210
114 1047091351
234 363348005
604 1880130291
223 1494896812
627 1284999204
231 1180511967
390 385412262
189 641077368
512 1014375634
187 405153058
896 1492459686
285 2014273448
133 896894718
4 640999890
32 2124252788
232 1856188480
654 1544126050
857 273228904
196 1800955235
357 24667155
258 756375898
147 423468384
514 1548587376
270 1872835990
298 98673722
25 1417269047
865 329133115
71 1990684694
30 1787347638
219 2067705703
424 1792376036
900 640493621
608 1848463373
716 318307483
526 534364594
6 292922104
41 1548153760
814 285045005
179 1780936240
962 1364736851
230 140902748
362 1323259723
297 1918581097
474 1696063697
199 1650661705
81 1175078217
834 1245212639
81 337088884
117 581810716
626 300643677
250 998371006
809 259432155
476 1309956269
227 1348298607
395 554874508
824 675535175
175 1200074060
100 1165813120
308 1017772019
490 382132949
647 183195273
511 1816504170
933 1225299357
303 227116629
770 661505773
73 775801736
561 1121326087
692 2058917898
193 1579711052
383 1227207569
107 1825284667
904 682879169
81 1754053995
445 1849046588
649 415601811
277 1145292443
887 1640907056
466 2027204998
761 820422371
248 378349191
698 634598286
931 994321276
203 41901171
676 2039723082
231 18004735
675 1608714136
955 874706100
692 573680833
653 1992801947
806 1105618815
452 358939663
286 859717196
871 917740576
847 571085837
521 846276525
542 1072607444
416 2103585956
858 1089315537
785 825200599
397 1619615703
973 2101001974
425 539011089
30 1224955849
343 1309500875
944 1387935697
674 1331194259
230 371063652
423 1599238432
712 782866353
804 879483528
364 972275649
832 962534042
508 1871536045
780 926381438
293 885920902
378 1392458332
629 1479359685
882 1667663656
611 896677696
31 1627106034
753 1097316925
640 1884005106
664 854244453
465 609701158
332 1358600511
990 1118770038
303 1293792010
856 1111770470
581 1985670012
793 1567097405
883 289181754
829 1563546495
665 596057862
860 177889677
315 1913407386
519 1629865304
285 468328709
741 184137593
912 554663004
706 812200322
163 135539789
319 2096656028
896 1864790792
968 299692559
881 951611111
39 279600775
312 531378405
965 861850656
959 779390126
632 472688179
95 697252396
30 1408554528
690 1321456598
20 340670621
357 239047224
224 1641899470
801 936357655
368 1803918812
788 504531052
863 209158308
476 1822917688
813 549451380
841 184422705
144 1334248714
982 303558721
762 1509126696
307 1762006728
148 18908576
634 215406049
978 664615633
274 1512450140
583 829040286
124 1750103305
460 954988946
666 441603174
270 1563292873
295 1652906337
620 323849661
550 1376562642
934 653658226
921 1317551620
989 533448833
557 785498850
604 1868054379
995 911936606
563 1455358172
472 544217819
32 578227245
786 622390261
508 253988185
505 549879798
593 1181030650
241 1782541664
935 1892631531
48 1015495038
702 544258373
633 414107384
577 1117637711
827 1630064616
71 53027486
452 1223394806
780 671420673
779 1645300469
520 1914450101
996 635380463
705 1184200517
185 1838235697
991 1240562749
892 1722627831
907 337430723
173 1384516742
288 776202232
299 1959396303
996 850746712
736 584564737
327 1836494847
390 264676209
801 1428088520
610 1610079791
112 2030183760
728 1216009612
795 1283236868
806 1284648149
29 232571726
400 1362026602
16 1450431555
235 1451691545
68 250200174
860 1972990083
39 558097825
511 2004721085
162 70547068
855 607540896
450 2031890324
974 546206914
759 168113646
70 834007417
614 521494539
28 1827666484
953 830964252
270 1324068714
381 1641269134
963 213062298
729 1891880812
203 844932546
797 448639906
515 549604013
306 824083629
922 2017822562
523 1227281950
699 475597093
595 31278706
215 699262463
24 1280776430
233 1306839510
51 1421654737
635 98169193
698 1111701188
571 659425883
109 349800225
574 1158593342
489 59044765
865 1317627105
148 717858617
240 1591618700
370 1604511848
643 1193052516
398 1229336656
555 41080152
171 124276630
89 326886472
981 1831344239
34 313887942
12 736287157
484 1651660131
380 330188606
718 1884527513
527 223483533
353 1272361766
749 95153341
37 738999070
222 636228963
465 1187972096
919 1676882917
424 80711410
187 429488262
693 1199607266
618 832653548
225 908910632
332 339325385
442 507544439
146 1075856941
961 1058747363
432 1299259274
39 93198977
597 900122299
681 946594157
446 616765985
820 1254433234
235 1216134853
835 1947324801
137 1742742528
970 1758971969
944 365459979
75 1996853134
283 933486070
368 1374299355
676 601502230
793 1161199838
642 469188551
670 1147690472
908 2086596862
438 758178465
876 2081367235
98 702044453
572 1200272696
222 648157909
840 1501334025
844 1223444005
75 780045184
750 424095720
435 1429727416
477 1575390618
446 2083958146
290 1784507503
792 1843505623
397 1774973900
1000 731515309
434 191014388
163 250796768
675 1815417338
846 1394944447
824 99117393
778 575737829
158 468105180
586 247891241
591 921830620
716 543112327
202 1561364656
718 938844398
320 885249875
141 1983102839
900 270001562
933 898408844
395 1232533397
555 1354074791
520 452791429
656 1216558686
466 1350330414
10 1874470221
976 1000595882
222 563152846
997 1652496473
14 124680445
169 1585851999
381 117282345
932 1698391217
898 836358353
353 520036036
163 281925082
616 736489162
508 505552873
499 90051816
169 1741189414
287 1366924428
279 1111334177
846 1443053803
209 2142463164
509 633268549
421 2014444109
336 1183184805
858 395255127
15 2084627990
98 555001505
656 818897030
497 62266165
360 325442813
787 597183136
550 142446950
204 1855876859
515 1659064890
480 1729408040
364 346730764
893 1902701673
293 1844047518
241 1051636214
806 1753904941
897 1613841049
925 531021175
570 746015
636 858285494
231 757820750
762 630831218
236 1599222936
664 1545892788
839 135165899
614 2127343536
229 2012109076
388 1441477849
541 1306589966
815 1389505589
0 2017790395
951 1657633874
131 539492518
271 1505506703
835 1391089607
458 603250713
284 1400036857
83 1356430595
221 2007360101
650 11908646
615 1812313766
67 1859616292
932 318359187
35 1296782649
828 144168565
324 1835691685
852 1534731472
415 1498623108
840 1387013313
374 466978876
283 1072954714
430 632045981
741 156827874
86 1177284069
640 595832664
711 11746679
380 1180961250
479 1937601977
615 877489817
163 976785942
745 1625705568
650 1036133694
452 2010835891
269 939693736
441 1243919319
345 1880984829
164 329418554
982 494898308
668 206540091
867 502950755
184 713891445
252 1063035538
736 238576759
566 1246689484
625 1940054846
863 2137724959
907 740985758
656 283746511
267 1413648160
29 1854703558
257 482629212
122 679474216
530 1953751903
326 1298294195
551 699071255
505 815181102
149 168458737
300 1160331748
868 583886859
306 1523102073
976 335529363
553 1794734824
682 392234741
931 1680853122
824 1154437935
347 168483085
716 828794125
192 301631265
953 2022329827
133 647870726
90 1253686763
238 1986880134
776 1193784820
505 1829180997
785 1259265819
827 6646089
981 570659158
332 523826655
968 1732378601
991 621293153
294 1445269162
252 228916387
186 1637733541
635 761642019
652 2130473113
642 2086497154
788 725080926
671 511338080
799 778138227
587 1549053779
678 1397834851
723 1484715580
482 1209597134
700 783904261
389 2065738364
621 1533824975
718 47490005
382 1490103518
6 145805366
733 1050319618
165 1513774636
780 1365471059
634 767743117
206 2010237661
7 2069844569
395 1435801742
897 820024013
413 1141206134
554 634092261
208 676629586
182 1182824162
5 1915870856
82 1825712275
494 768054066
93 1362752617
127 2100312473
290 660223161
902 820415519
739 1047625376
46 826363974
281 2094977325
501 142698423
940 887715742
936 649655189
716 1061531305
816 2074154980
44 1389255688
488 1327185986
898 953549268
906 891518309
588 1766130089
631 897861842
11 15163370
801 1706835880
20 253963246
876 2032775045
669 500398274
859 968974614
289 1311894377
792 762438371
318 797430931
282 322813853
809 384168244
489 1106687287
131 1597756244
387 1506535749
498 695069082
286 1495272287
931 1975191305
949 1773021200
314 1440340725
942 283127827
199 1686302417
591 1181369367
283 723248598
873 1076655181
369 485433794
964 1559882501
305 901985226
574 59835903
918 369808089
846 1568660508
359 1823285596
615 1775109625
910 1971073667
930 1732664156
77 911476126
206 1057186096
50 1120410778
836 1301008041
559 2034879554
625 1216855257
243 1629648609
486 1242431739
421 1148340252
676 736408010
710 721155646
444 435541865
33 1074034019
738 2047950847
311 1463815019
857 14071135
918 1501439692
45 678102392
930 1162329048
301 170542550
278 61806360
796 1422554655
204 2016651918
761 2075605157
30 1819770388
654 388173216
337 822114390
189 790399981
155 886882924
3 646288800
284 176514888
235 431021793
302 1731617167
169 4837754
851 940750971
99 1796187522
777 1562778112
341 546528653
867 1588761275
987 301971257
227 1139179682
18 1654490401
738 1513859554
625 1709958834
825 988273915
431 456473126
178 869123921
311 695259736
637 1996619104
92 1199720008
331 875477795
306 1792443760
778 1919682411
468 1722718641
438 666138928
231 474524405
95 567350723
920 1619129034
147 278937893
797 186985460
863 1390368206
771 284516964
584 1530953505
903 565265921
252 1679874190
707 22491742
877 465926164
380 698640596
40 2006424267
989 1599084966
993 151081840
834 182914509
850 2055140530
301 652159194
368 836164116
348 1453806584
706 1482603241
962 191057155
891 570616600
509 98678412
239 373825357
105 510875480
609 1936105656
770 1077876449
23 1483391667
819 172642175
667 455603490
484 205422423
476 10116581
893 549855149
262 1696726272
73 925329372
50 1594501634
256 1897918963
970 1872709603
774 120641729
361 2117767530
324 938802834
54 1841033287
619 1553952167
541 398673402
473 663931165
470 2082151027
104 1217537266
431 1726935206
789 791064658
928 1623570500
351 160540047
968 685296910
609 1088223073
753 1907572739
145 509574178
641 1840382012
83 1636762512
252 1317572648
843 563389309
520 622341726
381 423039296
653 2096674064
625 501793066
171 1260485329
158 804819805
345 861768106
457 1807160668
497 876335215
941 1957587882
518 1956764895
53 366797280
245 1768055425
234 1036111263
219 899307176
671 506906829
774 679337400
108 2078658007
917 423039039
891 157169790
526 1725825149
567 272612901
939 1927349448
874 1987174624
470 680190014
375 1292625322
280 2116957271
838 2139134522
255 1515498746
402 528189826
219 479779062
593 1788971176
504 1965042780
109 1787644278
814 5629313
198 1924122539
739 759320016
591 24080423
169 2129025362
802 1195386832
659 1661050258
318 1151202991
987 1999951108
153 1220569281
607 23132354
96 1635288481
8 636372115
509 1662027879
771 849437897
623 694529419
999 1099518931
614 439038026
966 520420104
794 250541116
358 326889848
465 1163693547
152 1786456454
645 1470980339
628 1310266755
451 859406472
43 145341433
441 1836310527
616 1623987315
253 1235644796
949 505559620
971 1181008775
76 253858879
373 1316433851
478 2083165250
558 1276240801
142 865419267
543 103027909
185 459863591
814 2143315987
986 2118074222
427 956045809
191 1202450117
460 897645555
509 1995727446
193 1004895348
970 1915980920
94 1958881970
818 1658467277
468 796635134
324 547323492
130 1856720331
428 217842988
450 1917134832
551 1386272841
115 300353279
908 620722335
945 1472795422
101 1901271776
596 354642588
807 208764034
757 2103318993
332 1397958412
512 2147101105
8 895065841
134 355607274
386 721644878
178 707648445
318 2024592197
808 1617194447
272 242783153
94 472761158
846 1026463166
969 539194292
823 21030263
937 382283220
733 105891169
786 207055603
234 105352234
594 265307975
657 1002925651
955 295323761
682 685759206
237 516574748
451 1480271837
558 1826249147
657 1903833273
282 439076831
761 2097083238
830 1563064085
504 1872108004
903 200424150
150 135982224
681 1334365106
365 614152813
7 1241752533
1 73104683
755 1194165346
785 392564854
63 1321731646
726 1697025642
648 1448408033
344 1152023802
265 88704411
871 718272340
378 1072253246
242 1449632154
992 273412221
348 1680157150
156 1826948836
637 1059966761
425 1763904780
506 310810369
702 1891935335
551 373842925
215 428728266
768 2066680478
38 1376760186
482 1617137516
597 25360377
470 969749446
107 630822904
326 222807373
794 1857512331
460 364528804
77 2049790839
494 310711593
425 410083363
61 329314802
670 1324897185
272 1220718383
578 626542646
437 1483278103
532 63652197
992 1321283782
652 1140858179
174 1186626199
172 415447533
547 528432560
866 1164914447
295 1662453735
484 169973282
135 585949963
168 447203643
415 734591695
499 1618422493
722 1378242632
107 947741643
764 2100784324
458 1666969058
148 1100406416
906 1418134039
558 284541024
823 1548982539
423 1959057788
491 1705934949
321 1633634977
197 1299709557
263 308481229
32 987366058
894 1371530381
56 850899355
679 555786394
154 1316326453
493 662551191
888 1783671530
411 1496155453
653 1902506574
561 740419846
763 446186414
544 1870418804
82 2026021862
919 1880545947
701 1428671426
26 777677324
551 1084616452
335 726858739
225 604013423
770 1586673158
456 1791732204
62 608668093
593 1864698309
826 334758360
132 1738036376
102 776243053
441 1627172192
530 41376858
201 1855748342
803 536474530
320 1963466333
15 1405489956
439 1315875912
477 688631297
364 1267510181
114 1692745564
890 229561509
233 192195176
651 111269908
109 1566497405
826 1602131742
749 1886045427
547 694435019
790 440047045
417 1701861443
30 1539635834
802 143189782
298 270959619
86 782507190
284 1231471382
402 1087411724
341 814292461
576 930663308
155 1263749403
324 1533441173
79 743755852
165 878019971
797 2069909553
106 262256270
841 1975154704
558 1338994527
951 1334478194
606 17465386
980 793766356
403 417545082
524 702506300
353 654487388
478 674446391
129 375802750
535 479600264
587 473475306
984 749849542
132 1705673749
844 776466620
55 1034748398
142 1784564084
244 1971444567
43 1708443587
30 429512796
924 641398882
667 232480385
620 204531036
692 713220295
328 324634822
110 669689573
655 850783320
858 2027591203
829 347176509
107 125424661
609 1406227675
46 1727780806
847 1386432337
534 2014866743
831 1393168031
292 1302118571
379 1143953770
891 1230988447
669 274083082
476 79978586
785 885748139
240 1402952990
663 1892833039
768 1189680673
468 721358202
543 1216169030
418 327794746
518 1023410342
570 200724266
534 514135712
998 1187689328
845 1480975562
475 1203369592
445 1532644257
698 361205455
832 2076170578
887 214807354
612 836001405
860 467216819
420 52682647
634 1193303764
93 1168677251
933 2065317866
386 1087841947
44 935397382
282 1712450781
746 1270748295
798 159762513
933 1610423056
54 1804086914
853 1157545965
803 1071098457
338 916930118
668 1332510066
173 1785298292
905 425238310
120 506560742
239 204733271
990 1638519507
935 542953444
235 747069230
765 402036305
724 1153863272
581 196968117
494 106721941
977 440947543
902 1586345229
465 489137578
263 1271662214
817 1739938636
290 1059356709
623 1740595267
99 1611608860
153 1990312412
177 1090420109
813 1529077962
686 493702786
82 1707823216
139 345429437
446 116885091
679 1758362718
360 1716419285
271 2069878635
200 1553015998
338 1879720860
660 2103534060
118 1163164284
729 210027725
835 1494490570
687 1729934217
