500
860 13010
455 26231
601 18397
716 75202
798 11687
956 61194
847 81939
321 20910
297 55407
554 97655
249 40750
202 93959
889 82985
156 86813
420 23823
260 54731
976 16707
513 92878
932 20925
802 98744
260 88695
785 20415
964 56798
845 69681
775 52350
328 13229
588 67557
177 99045
352 76034
119 54290
161 46880
664 54163
701 52476
427 33673
309 70106
271 58505
700 47339
288 84420
963 55229
637 96344
244 76421
571 80680
107 61744
117 67014
591 48078
742 82618
126 20329
500 93527
390 56316
267 98698
769 14601
779 57716
395 81108
941 46079
811 51222
905 33918
256 79470
593 44116
835 49308
332 51485
457 77418
789 54837
192 43377
117 15536
828 30549
887 88607
623 26422
874 59582
445 43445
988 16360
206 75558
118 67294
182 82350
430 86244
932 50015
155 91537
448 26816
584 87673
845 49724
924 32379
690 79935
983 60406
386 39804
943 58871
485 88142
794 22899
733 42983
664 91222
235 46587
639 29485
563 70180
269 86528
350 39890
359 47192
260 49903
675 14871
806 63050
970 81179
328 75267
730 48595
753 42757
116 82095
952 24181
113 73566
580 33278
163 12354
158 86565
767 62948
796 45576
409 61053
121 52203
808 87809
360 13694
826 63091
600 64024
113 97354
792 45674
551 37504
519 35261
739 58096
927 59104
854 34490
845 31824
204 44619
364 70070
504 35371
214 44089
214 82511
899 64663
867 99235
403 29782
565 62942
719 58533
746 80293
392 74009
949 24826
100 71332
117 51276
143 19247
393 25540
445 29042
693 56574
917 46585
838 83405
558 57181
932 67409
398 44215
767 24912
231 93289
967 59035
711 33597
554 55396
533 78160
463 53070
504 30042
883 49216
366 19523
220 84706
195 17369
811 22339
476 15736
420 24006
953 82591
604 97683
413 34124
418 25673
396 85563
737 17635
351 50234
406 33623
764 11807
415 91851
578 51122
125 32421
305 27162
233 23043
391 79491
362 55341
452 48458
240 20458
345 82236
695 85287
338 79692
376 14016
346 36119
155 55185
682 82969
851 31748
811 23596
740 65076
523 53913
603 28638
332 87660
870 67980
543 99496
260 81193
380 87061
240 14516
101 41895
113 69172
813 83643
263 78432
444 43886
563 73198
701 19333
982 53222
982 88885
844 69143
168 28332
710 67648
537 70545
211 64545
538 87815
247 24362
483 42576
691 52708
234 62874
695 65326
679 86303
449 36734
369 31782
411 41375
633 34308
473 52197
777 75116
220 52962
766 41179
842 93269
393 59061
649 31198
156 38639
880 72841
905 60029
483 70765
545 14166
676 24462
974 42438
877 29107
149 93829
311 91878
246 63641
946 14609
378 34841
123 96307
590 70492
354 40523
723 38885
646 73136
521 96514
924 35249
767 96383
687 19120
494 78040
257 60551
722 82023
276 23309
515 52254
687 95469
629 80779
370 25980
194 56757
672 15387
570 24851
448 74558
255 77408
960 77029
685 32010
476 67597
924 96869
529 36905
716 18053
326 79541
545 50624
925 92384
435 49281
295 55169
632 47360
347 64172
992 21572
196 38561
684 21030
880 27757
421 56723
355 98074
700 68486
703 87469
302 57685
455 91828
654 24515
822 84697
389 92578
329 24817
791 55405
125 39625
887 17722
837 20942
988 38759
842 26775
786 96544
656 21568
788 14812
615 79043
196 66050
643 25791
164 55086
550 99343
390 95337
375 25079
166 93150
676 90212
427 95381
526 84607
942 22345
632 92115
278 81215
832 38904
360 85213
863 31017
325 61312
916 86811
684 29788
647 19048
956 82807
866 48361
229 61322
787 24305
767 22221
778 45827
394 65278
251 98438
412 96610
445 32522
337 10275
934 88071
526 72839
757 32969
130 43531
990 90245
234 31126
820 57280
211 49673
725 94134
729 52990
400 33933
626 32889
407 37254
345 24699
517 11325
771 13318
950 41543
114 46772
220 51277
825 79021
841 61624
779 35113
229 65088
981 45474
675 74153
973 36660
546 61716
337 12952
350 79049
511 48748
969 97606
125 34754
386 83206
441 76154
988 16812
428 30990
132 55326
399 42324
903 85872
825 17112
803 31246
365 58115
212 75812
109 71933
989 43700
136 17729
608 10222
787 35439
910 86500
212 72895
206 56772
636 44240
553 14972
115 59986
128 36855
652 50873
451 65853
986 23555
331 25038
926 69020
421 61154
991 55027
833 74214
729 27297
718 82061
551 36519
287 49060
678 78405
929 12308
908 27370
439 60474
599 52247
289 32214
355 57995
487 33783
552 60972
954 58748
738 28806
230 68957
440 83679
121 18787
484 44836
884 45942
854 66862
756 34127
582 59904
135 34967
887 83420
573 50446
555 59415
236 23416
674 41659
552 81369
691 95128
592 96568
437 56330
828 36482
631 28185
789 86900
434 93165
959 51772
547 60611
809 37714
130 88903
390 57941
250 34881
593 96180
428 26013
948 27006
634 10371
152 54934
864 83912
603 30359
500 53841
788 87147
649 65761
561 72568
554 70642
343 42898
655 60934
879 62849
870 44688
440 34848
329 36582
320 36826
640 47921
645 66145
963 45668
807 16425
109 91498
250 87474
100 23375
842 29333
998 17666
687 29604
114 31067
257 12037
757 79976
649 80261
256 30555
161 71055
696 32510
761 55698
299 78725
905 14999
821 83938
683 89274
571 33083
875 53588
829 71368
355 66246
122 92467
204 30842
804 61886
568 44230
943 11780
479 51634
464 76991
854 45716
965 66761
681 80924
722 98170
515 48016
792 78808
669 26986
854 12271
372 42613
