99
7 24715
8 16577
9 12944
10 11820
1 79414
8 85312
3 35337
9 19840
6 91604
10 28168
2 24618
10 74077
4 17561
6 29766
3 49723
3 81123
9 89131
1 50491
7 88286
3 79248
5 57533
4 22652
4 29472
6 27034
8 17131
10 70862
4 11398
1 32173
4 21194
2 54096
2 94024
7 62829
6 95412
2 57724
9 38123
2 33893
8 74025
4 33510
8 34020
5 14575
8 68237
8 45392
7 92869
5 61086
6 74486
8 12455
4 22895
2 51669
3 68605
5 39481
10 18859
8 47368
3 64902
3 58874
4 93913
7 85056
4 93869
7 14279
4 70505
2 38277
8 53040
10 13505
5 78507
3 21717
7 19550
4 98824
5 69555
6 66276
4 17072
8 78363
8 43582
10 28119
2 83869
5 61666
8 70256
7 54350
8 13168
1 26706
1 68011
6 11281
1 44603
4 60953
10 46299
3 21110
8 24872
9 19339
9 52895
9 50889
6 42348
8 28614
10 74991
3 98393
3 13311
2 42326
7 36014
2 86356
7 43713
4 57268
5 47031
