5000
7 85573
2 55482
3 58308
2 49233
6 83218
2 70137
1 21806
3 49797
3 22124
9 20808
6 57727
1 72283
4 50577
6 95668
6 10834
1 89348
2 17344
7 23408
6 49861
7 97504
7 34688
5 84227
9 15626
10 86310
3 17924
8 83650
5 77873
7 59278
2 41587
9 24137
1 28820
10 11320
2 85789
7 74307
6 42351
2 23715
5 39456
4 86026
5 86949
7 45324
2 51948
7 25508
4 57400
8 13256
6 12226
4 86390
9 68352
9 57211
3 67420
9 62286
10 75824
5 49304
7 38926
10 32855
10 97668
2 93240
2 69646
9 34423
3 66028
1 71017
7 92545
6 71792
1 27611
7 87533
1 15507
4 49787
8 98312
7 69103
7 96913
1 35606
5 25122
8 99182
3 92578
2 84307
7 26268
7 81844
8 12736
10 52204
7 20115
4 70361
6 62049
8 61935
8 81731
1 52583
3 77981
1 55720
6 62019
3 60363
8 43492
7 68188
9 89998
10 51065
6 58652
8 78063
7 15500
1 66881
2 23557
9 82894
6 14840
5 73935
3 86159
7 58416
5 39542
9 40251
8 53452
9 32795
9 30964
5 91167
8 32113
8 13367
7 55131
8 77655
9 54049
10 46469
8 86029
4 41711
1 95043
9 57842
3 98907
1 97620
4 69024
7 50794
10 59259
8 34588
7 66177
3 91477
6 80695
4 62488
9 12176
10 83634
9 91855
7 25378
6 70455
8 93977
6 26297
10 76707
1 94506
10 40293
10 24447
9 90120
5 75328
1 56915
5 15715
6 63261
7 73345
3 78588
1 27225
6 34592
6 14661
8 39536
5 92660
1 88772
8 88728
8 95915
1 66439
4 66292
2 32618
5 70283
10 15104
5 11207
8 35424
5 26142
7 38745
8 22821
7 34287
7 29347
8 23584
9 69097
9 19678
3 15490
7 88523
5 90376
2 67481
9 14458
3 49188
1 16018
1 67952
10 99752
7 20369
2 95086
7 29914
6 26587
7 15046
1 45812
7 15681
4 55823
2 95575
4 87837
1 61842
8 90626
7 80453
4 58134
4 83787
9 27596
3 52953
6 21305
2 92098
6 88857
1 78558
3 76850
9 58464
1 60935
8 51365
7 89590
10 23562
6 86730
5 41844
9 42422
6 57735
10 92280
9 37683
9 38539
10 96459
8 81909
2 34559
7 41750
10 81435
4 19557
5 23952
10 90992
7 44347
3 31530
5 95080
10 74315
10 78953
2 18488
6 52674
8 91401
8 64425
5 96645
9 32074
2 54500
9 31083
8 91293
6 28187
8 72549
3 42502
4 93708
5 23015
1 45382
5 17113
2 46078
6 73389
7 81414
8 10794
5 81782
3 16457
4 73850
3 55323
6 37558
10 29923
4 91027
9 59170
4 54991
2 35252
7 11627
10 26736
10 74645
1 75187
3 82923
8 16612
6 46322
4 73481
4 88082
5 57809
8 74806
6 98241
10 22650
7 50571
9 84580
9 22998
8 90681
7 16405
6 12352
4 93878
9 22556
6 32474
6 61032
7 51543
9 97251
10 64758
9 59577
6 20385
3 92903
3 77342
6 19273
10 28675
4 12567
4 30264
7 89164
10 72686
2 79615
5 25582
7 73608
9 62255
6 48969
10 97902
9 62505
5 18249
3 51736
5 87876
3 75933
3 25946
5 41633
8 65910
8 25335
10 87500
3 88741
10 90581
6 70208
4 70684
10 52343
8 72708
2 76876
10 25241
1 49040
4 62114
2 92161
1 58456
6 79253
9 19575
5 17948
4 54522
3 10160
9 96512
1 87941
3 44530
9 35786
9 10117
4 70687
8 13768
5 10968
10 89684
1 81415
4 99416
2 45000
9 37750
1 16070
8 14620
4 99867
5 59090
9 50823
7 83077
8 83350
2 44255
6 81043
8 46258
2 68887
3 75143
10 56575
9 65955
8 66044
10 27016
8 40960
3 60836
2 70243
9 83619
5 86039
1 70167
4 14874
5 95920
1 17428
6 50422
8 33104
7 81601
3 55108
1 53747
4 23754
2 48250
6 39874
6 68033
4 91505
10 93675
4 73333
3 29427
4 33249
2 46617
9 22509
9 89484
6 67587
8 97784
2 91134
2 16342
9 77278
9 42094
10 36171
6 89761
3 16763
2 60204
9 12264
6 58305
4 77471
10 48681
6 64454
2 90576
7 81743
2 99720
10 94875
4 60258
8 43147
7 26781
9 57462
2 51977
1 72472
8 26814
1 64304
3 82740
4 17516
10 86739
5 42080
3 58994
4 13151
1 69194
10 47270
5 17655
10 76788
8 14718
7 40981
10 53460
5 23859
7 43173
4 82867
3 92431
6 47337
8 44845
5 93960
10 75734
7 52556
4 77630
8 46874
5 35227
3 92213
5 30407
2 51623
7 91631
5 99123
6 43648
6 50719
6 54866
2 52725
2 49967
7 66043
5 26290
3 43122
4 63409
10 44188
7 93661
4 11075
2 42089
10 52918
5 90672
2 58526
3 89016
10 97874
8 52286
6 88577
6 69777
3 90446
9 28203
1 62479
9 13567
4 35233
3 15563
1 58770
3 43988
3 53865
4 18714
9 23965
4 66620
8 24105
10 62440
4 83651
9 39795
8 73268
7 80159
1 94594
2 87399
1 28429
2 21118
2 23106
2 61380
5 62259
3 51855
5 67825
5 88065
10 27384
7 67105
3 20199
3 40117
5 19882
3 91707
3 76494
2 16796
10 54561
7 54615
1 73021
10 17131
7 76090
2 83997
9 49954
5 80828
3 60044
3 33356
9 99817
9 36202
4 73750
2 96668
7 97018
3 10152
10 13871
1 91740
2 60763
6 67155
3 40350
9 35752
8 78200
1 30134
9 91988
8 80979
10 16965
3 83998
9 17584
4 68434
9 66623
5 21167
9 95845
7 29878
7 84270
8 48446
3 20680
4 94925
2 45763
3 82107
8 51042
8 12051
9 35251
5 93704
6 49208
4 29931
7 13219
3 58818
6 98987
9 38166
4 48222
5 80371
5 33304
10 12765
3 55340
9 61801
3 30451
3 19372
10 14884
9 88539
8 47708
10 42416
3 87041
6 32484
4 34913
4 51779
2 19755
7 87020
9 62431
6 67108
1 57150
5 86645
4 30236
7 15797
8 81585
9 61704
1 50280
3 52713
3 50337
5 23352
4 18340
4 13370
10 69774
4 43646
1 45159
1 22469
5 67138
9 34895
6 77623
10 22497
3 90010
9 43486
9 50814
2 67613
3 43889
8 48894
6 28588
4 52816
5 25147
6 93059
6 69708
7 17599
3 87134
9 24224
1 73186
2 61441
9 65904
10 75979
5 63619
9 80362
9 79540
7 14721
9 54013
3 51474
2 26491
10 84448
8 32555
1 95539
3 34543
9 21922
9 83957
10 25910
3 50783
6 56582
4 90465
9 49385
2 38693
2 15610
9 66626
6 16849
6 56601
9 51810
3 83347
4 36321
7 22096
1 88112
5 94098
4 28407
6 60896
6 86757
4 66916
5 58842
9 45233
8 43299
3 94028
9 84978
8 41448
10 84769
5 39121
8 15178
8 41826
8 12253
5 62297
9 35789
1 78141
2 29538
8 13673
3 23161
5 42834
6 50767
5 79100
7 42476
2 45027
6 17836
3 38338
1 80348
6 88797
2 61071
2 85753
9 46780
6 64389
9 81446
10 44700
4 16970
1 16050
1 86889
7 65975
9 78191
6 29104
8 22624
10 99043
10 82588
7 75575
6 38937
3 13012
3 97716
7 24527
6 35465
2 38753
10 36764
2 72664
8 84937
1 98002
9 77115
5 49158
8 57040
3 65204
2 18535
2 55780
10 74601
4 78171
6 26194
3 16465
8 34419
2 49078
9 45004
10 39819
4 15366
6 65563
2 19911
8 37204
7 35416
2 79071
5 88171
8 28897
7 83644
8 90074
3 72259
6 16482
7 96739
8 40353
4 49794
3 26669
3 62977
9 75115
2 69446
9 22332
3 59711
10 93795
3 98747
3 83148
10 92253
5 29706
6 52254
5 43684
1 64239
9 45722
2 99192
2 96667
1 27116
3 90042
3 56594
1 46407
1 41252
3 54191
9 17879
3 77376
10 83055
5 47137
1 88252
9 56796
10 92332
8 21508
2 37402
9 91169
6 62450
5 96062
6 48570
4 97843
9 37655
10 92314
3 44357
10 28158
3 31756
1 35215
2 83590
8 44992
10 57022
8 49941
9 29659
5 21434
1 94815
1 73647
1 32458
3 95699
1 60999
10 60630
7 95179
9 95261
5 99066
9 19437
2 84979
3 58582
3 65913
4 98917
7 22127
6 67683
2 10340
4 15311
1 67804
2 47894
1 54008
9 79143
4 77313
3 48617
10 59864
7 41531
6 67466
3 59338
8 53620
3 18954
7 51100
3 37672
8 72951
1 56730
4 98975
4 97033
5 93149
6 57156
10 33074
5 11827
8 36319
9 10274
2 88454
7 99657
2 72851
5 45295
2 50232
9 65392
6 70932
9 91412
10 89238
7 95384
5 47115
1 35344
3 30806
3 35619
8 53021
7 15895
9 32979
9 38533
6 79147
9 92273
3 29287
8 97545
5 52281
2 42619
2 42388
10 96400
6 80546
2 14676
7 41408
10 40971
10 31171
6 98396
3 34910
9 32473
1 65740
9 15929
5 54906
6 57738
5 57416
6 93690
10 10854
6 34290
7 21838
3 65246
3 51753
2 20167
10 98065
1 82057
4 10476
2 19526
9 84261
3 51244
7 83912
5 91337
8 54323
1 86115
9 57613
1 19070
2 31864
3 95189
10 35516
10 11524
2 96412
3 39050
3 35587
6 63106
5 29013
6 13999
6 68316
5 26746
5 45348
1 32799
10 78250
2 44905
9 71168
10 56223
10 45452
8 12759
1 96311
2 21246
5 45367
7 24239
5 61194
3 67307
4 78557
5 97132
4 51898
3 16869
8 44294
7 12755
1 64360
5 84639
6 71708
5 24170
4 84190
4 72411
5 99768
1 83940
3 87380
10 45457
5 90284
6 79844
1 27505
3 44824
7 93469
8 49754
8 61540
1 57644
8 76775
4 91270
5 62212
2 80526
10 32824
9 77926
9 70697
10 58634
4 93447
3 58149
7 80175
1 55244
8 95535
3 13968
4 84374
2 80326
10 88408
4 94609
3 90261
4 85093
1 22095
6 15783
1 41387
6 98757
2 75389
7 28280
8 32373
6 84193
9 33505
4 74986
2 32266
5 34013
10 81893
10 43788
5 76250
6 67734
6 46886
9 36121
7 92917
10 85600
7 64278
1 78855
8 42387
1 14561
7 51212
10 21245
9 89844
3 66646
3 28864
3 26386
7 11809
5 48443
2 22621
10 99460
9 81935
1 56338
10 71433
2 32866
10 70734
4 34695
8 54448
7 67918
10 63690
7 71014
5 17491
1 77671
1 36504
6 40487
1 73171
4 19646
9 79991
6 73812
8 56160
6 37737
3 71578
6 93825
6 80864
7 42812
5 51291
7 27111
3 73719
1 33065
5 75880
7 14331
4 58483
5 59141
6 62453
1 62392
6 90491
8 17545
4 37203
7 28553
10 32966
4 56334
2 83609
7 82333
1 67750
3 35210
7 62248
9 68550
9 77152
8 99325
10 94599
6 84657
5 77606
10 51901
10 80613
2 57318
9 95281
10 91130
1 88689
7 68058
1 14170
10 83504
6 41945
3 42790
3 38041
4 31135
3 63529
1 90224
5 97996
9 45947
8 67564
6 29664
4 61901
2 24230
4 66750
10 62013
8 40539
3 92320
9 70064
8 46565
8 32209
9 13239
1 55985
9 99366
1 90572
3 70066
6 93562
10 20985
4 65508
6 78546
1 89994
10 58162
5 76079
3 40492
9 23068
8 26742
3 99740
9 13508
9 78426
2 64691
6 30681
1 27138
3 79471
2 52199
3 28320
4 32223
5 43797
2 93831
7 85851
6 38513
6 66364
6 26690
4 94323
4 15565
2 77645
4 48756
2 32981
4 87889
5 28191
4 78417
8 97016
2 13292
9 14584
5 80155
10 53046
9 53334
1 85117
2 72426
4 19707
6 20949
8 69219
9 64629
6 25407
5 32363
10 58730
7 66504
8 95486
1 84069
4 98149
9 65728
7 91687
7 52546
7 12780
7 24597
7 32099
10 38417
4 58508
1 21739
4 69914
10 64143
2 81200
4 61197
6 24684
10 84478
6 79561
4 64319
1 73544
2 17856
4 34103
1 90055
3 88761
8 25422
9 54789
5 83124
1 80122
8 33614
2 61882
9 81576
5 97403
9 89401
10 88753
2 30708
3 25571
10 21115
2 43509
7 78367
6 84626
1 34525
5 85932
9 36611
3 19901
2 64852
6 10019
3 48351
9 84975
2 56880
4 46457
1 91010
9 16154
2 85788
5 54426
1 21333
2 82322
4 51584
5 28305
6 34141
3 15761
7 29588
6 14074
8 46847
7 25767
2 21035
4 27825
7 73885
4 49344
5 47072
9 12581
7 37705
5 38164
3 58819
9 95756
6 39627
3 72102
8 20612
9 11253
7 92114
3 23257
1 88779
1 12831
6 43102
2 94831
4 10928
1 21073
2 47299
3 55395
6 78197
6 44062
5 35162
3 32023
10 47324
2 93235
7 87768
7 25081
1 30066
1 21705
3 35069
2 25836
3 68932
9 12104
8 58637
2 67332
5 98652
6 99641
9 90051
3 52082
5 19923
5 49307
9 16793
3 56731
7 47282
1 72519
6 39956
6 63330
6 62737
4 70102
6 95425
10 13192
4 38831
1 82876
7 16991
1 21242
9 52768
5 79588
7 62410
2 51403
1 42231
6 37026
5 67261
5 53568
7 38283
5 23866
8 51107
8 10279
1 12384
7 46295
3 90606
2 73763
6 73068
3 57919
4 27146
7 17663
9 95737
3 14057
6 17538
6 47980
2 53787
10 34512
8 43887
3 22308
5 90438
8 20629
2 88632
3 79404
7 92727
10 69672
3 19139
8 51743
1 94516
7 32858
2 85916
1 12858
7 87667
3 89581
8 44652
5 50317
10 25476
3 71120
6 10322
9 30792
4 42831
4 67906
6 32783
8 21829
4 47941
3 84336
1 70508
9 28544
4 79546
3 79731
9 57489
4 14273
3 63487
10 59565
5 98409
2 39351
8 35805
4 48194
8 89398
9 23361
10 77202
9 98670
4 49874
9 78378
9 90324
9 26112
1 60651
9 93271
4 95779
3 60440
8 15687
8 72904
1 52032
10 37554
8 71124
3 16245
10 31105
1 51021
10 32133
4 72892
3 60002
7 25254
9 91881
10 89774
6 61364
2 46833
8 94990
2 46017
3 13330
10 43437
2 24489
1 77763
4 54600
8 71556
1 30677
3 54173
8 88436
7 56315
8 77954
1 50471
1 68797
10 43843
4 79535
10 83303
5 53434
10 39811
2 66424
8 68499
2 91342
8 52740
9 39489
6 57681
2 48833
3 98245
1 32578
4 93579
9 18514
2 37656
7 89775
2 53406
1 20193
10 83624
5 38266
9 52625
5 47164
8 96610
9 57262
10 94579
8 40780
1 77865
8 24035
4 37226
9 81359
2 93090
8 75843
2 86837
8 67188
4 27637
3 60061
9 25064
1 48119
1 56370
3 48458
2 73968
7 98758
3 97578
7 78261
4 27834
3 72180
6 85740
1 94895
1 89043
3 98023
1 57539
9 59434
3 55311
8 49260
9 75427
6 35124
4 49448
5 73722
9 11659
4 54324
9 66588
10 95400
7 29512
6 97399
9 34872
5 97727
4 53510
1 37506
2 54716
10 82995
10 46976
10 96984
4 88433
1 32721
2 10628
5 24246
9 24131
1 68816
2 34805
3 89446
1 58591
10 79695
5 24270
1 45355
7 19539
2 70367
7 33738
1 42308
1 30978
1 92404
6 19323
4 82617
7 32901
10 99967
7 10106
7 80240
2 14863
8 99777
10 49331
2 81381
2 82447
9 92933
8 74084
2 83341
4 72764
1 81651
8 64888
5 53014
4 27988
9 97378
8 11983
7 40656
8 86357
7 29387
5 21351
7 91979
9 73003
4 39528
3 98600
3 87073
8 49362
3 99504
6 22244
7 27851
6 23478
3 20952
7 99963
2 82204
9 86579
8 54061
9 50900
8 12216
10 49579
9 35232
4 99019
1 83415
1 29251
7 23252
9 53114
8 36710
1 38825
9 29526
3 54254
7 25112
1 50796
6 21256
2 52689
7 88092
8 95431
8 18122
6 40094
1 61768
7 33852
7 66940
4 18948
8 80716
10 17048
3 95188
2 30787
1 38807
3 20174
5 92988
8 38748
6 94082
8 94898
4 85518
2 22070
6 43321
6 89643
4 78976
5 61011
3 92048
2 67156
9 37692
4 84969
6 30488
4 96646
3 63637
1 48398
6 75425
4 31003
2 18678
9 15910
6 12061
10 61895
4 27072
6 86113
2 23674
1 37154
9 62797
5 10260
4 55064
3 87636
8 14713
6 34803
8 33051
4 72532
9 24294
9 78830
3 20157
7 30136
2 45113
3 92568
8 28182
8 49374
9 21144
4 25350
1 68123
10 37045
7 31032
2 98553
7 95330
2 48027
6 10663
8 85815
6 77742
7 89582
3 14745
2 50105
5 92499
6 51369
6 66410
3 94785
9 34689
7 97371
9 66170
10 82296
3 31994
3 53618
5 84654
10 43478
5 82859
10 57744
10 52685
10 20532
3 69821
8 31321
7 83603
5 60766
5 12920
2 46505
1 36555
10 85574
6 14108
5 63698
3 33610
2 33651
5 85219
7 94074
5 44228
9 55582
4 13981
7 22773
8 40484
6 78368
6 86660
7 67477
10 98658
1 36748
10 64737
5 56512
3 70115
3 94817
9 26542
2 48223
7 40972
2 29802
10 18183
1 15030
6 71097
1 47053
8 63256
7 35956
4 40076
4 29665
5 18135
9 83162
7 38834
6 71059
3 14347
10 88638
3 68071
3 62764
3 33508
1 79903
4 33686
1 34855
9 31349
7 78498
1 38871
3 27194
10 29867
1 37488
6 83895
7 82701
6 59645
10 63467
3 99519
6 45188
4 81581
7 78873
1 55817
4 32230
2 26912
3 10673
2 52345
2 32800
6 73895
1 28122
7 57105
10 12818
9 34089
4 84143
7 53261
5 68016
7 96261
9 12236
10 76173
1 66695
6 39913
8 77205
7 46236
3 77983
9 63875
5 47673
5 96822
1 15471
6 77864
9 82790
10 48558
5 65262
10 52495
9 10787
10 51628
4 60497
4 76523
6 26747
8 61296
9 59609
9 84802
6 64357
1 51538
5 45083
6 11054
2 30266
5 36345
2 49415
4 18009
4 62491
10 90175
1 41179
2 33184
5 44442
9 90130
5 64634
1 73827
9 71313
2 27260
6 56990
10 76961
2 88036
6 44667
10 31562
1 38174
10 92638
5 60930
3 64753
9 65285
7 71916
2 12309
8 13896
1 43601
6 87983
1 30068
7 63369
2 10801
10 78389
6 29943
8 97608
3 21692
3 82453
9 71053
9 32977
8 92091
4 21243
3 23130
5 18251
9 72839
8 72575
2 96191
1 54919
2 42334
2 24953
3 15754
5 75377
9 85301
4 55050
4 95038
5 47678
8 72922
1 46513
1 39042
6 80258
8 33491
9 77280
8 43762
5 99166
3 55510
10 20867
8 91664
3 43692
5 44077
2 88304
10 66771
10 81229
6 49886
1 63220
6 54999
8 63301
2 68805
5 63155
9 62783
1 78665
7 58934
7 34541
9 58269
10 82547
8 39468
1 86444
2 61818
6 73406
4 67909
9 63125
5 52598
6 56381
6 39501
6 96463
1 54350
7 65561
10 29645
4 18866
7 23318
1 70261
10 44759
2 14008
4 96872
2 80774
8 69025
8 25164
7 25311
1 88010
2 46064
9 12080
5 24586
2 76191
10 22726
4 22146
3 58963
1 43813
6 94096
3 72792
4 80218
8 20734
5 52450
6 43360
9 62425
6 95065
5 70827
7 71395
8 47278
7 12137
8 87627
5 51030
4 61673
2 22806
2 15157
5 29231
2 94147
1 17112
1 30845
2 86851
5 36825
5 81760
2 44045
9 48048
4 73235
10 96309
8 46960
3 62436
4 36895
2 25823
3 60191
4 51073
6 39062
2 72757
8 55189
5 62814
6 62217
5 45088
6 60675
3 32943
1 34169
4 59308
3 51028
9 44340
5 21291
8 16541
7 52627
3 21277
8 12024
8 80094
1 48599
9 49145
9 22261
3 83574
4 75049
4 67394
5 76421
7 45671
7 60355
10 45313
3 28446
8 79492
10 52121
2 78740
3 21221
3 30108
1 10649
7 44600
10 52778
10 90741
7 73851
1 19368
5 49595
5 44826
1 84493
8 31829
1 97644
3 65329
5 79891
5 58708
7 19408
3 97350
9 43581
6 28641
4 42793
7 73977
3 34661
2 62183
4 60996
5 14610
6 32108
8 66638
5 12857
9 61121
5 63500
8 65239
1 69187
9 99407
3 85210
1 19583
10 93032
1 35149
2 44606
10 34656
7 34011
9 60919
5 49430
1 23346
8 14508
10 17528
3 66789
1 90340
6 93728
1 23357
1 41030
7 34346
3 16577
7 36003
6 47047
10 35481
9 53607
10 98016
7 99691
10 41422
7 27461
9 71663
5 44233
3 48337
3 16178
8 63981
8 28038
8 81969
5 66773
2 69038
7 99475
1 49659
1 79599
6 47492
5 21553
5 56708
5 94424
1 11800
10 66255
5 86249
8 84486
3 85450
3 58263
4 21548
7 51419
3 72274
5 58214
4 13372
4 26267
6 96363
2 31818
9 43882
8 11939
8 38737
5 93402
3 98239
1 62916
5 31685
1 55357
4 37724
4 70876
5 96368
6 64451
6 97456
7 98189
2 16587
2 17875
7 24702
4 61697
6 42327
8 47753
6 61748
6 15337
9 87497
9 42377
6 29249
8 21300
1 72889
3 98298
7 91549
7 54603
8 21053
10 71645
8 60502
5 36967
7 81417
1 78610
2 75490
6 49120
5 96732
7 92849
2 91154
6 94951
1 52619
8 45823
10 67016
6 71918
2 40814
6 27490
9 85659
6 86925
6 69254
1 90975
8 59015
7 94467
5 55498
4 80354
6 43448
5 11849
10 62335
8 32232
1 37634
2 32934
9 81554
8 25180
6 89274
10 50134
5 28847
8 65614
9 49972
9 13016
3 50112
9 54477
1 67196
8 31478
4 15542
3 23046
4 35230
8 15320
9 74521
9 77247
10 37097
6 71665
9 38387
5 92197
7 91324
1 67654
3 60566
2 86273
9 76734
9 90384
6 93276
9 85490
4 58834
2 43013
6 28757
7 64198
7 27821
4 57815
6 28127
1 89549
3 27719
3 33381
2 51828
10 78540
7 99898
6 65822
1 37339
3 94174
3 97106
10 74512
6 12432
8 36701
9 29557
7 41443
9 34531
8 39628
1 43181
8 13027
9 37647
8 68555
9 15476
9 13214
1 40674
7 11481
7 17069
4 18628
4 69686
5 94736
1 12337
8 19420
2 94646
5 44100
8 67039
8 95329
3 83677
3 14726
2 53246
1 31970
2 15330
8 76684
6 64426
2 86881
3 13133
1 95847
3 72781
6 97320
7 91788
8 95257
4 61041
3 36008
3 19455
8 16365
6 31165
9 29115
7 44277
10 13876
8 63604
1 87798
1 54868
4 19681
3 53897
9 67570
3 30916
6 77006
6 18398
3 81658
4 98730
6 63046
10 98849
1 93864
1 42944
10 96812
4 70991
9 10759
6 33241
1 26002
6 99934
10 77806
8 28892
6 67790
6 22811
10 37474
4 78912
5 20316
8 51943
8 53010
9 87281
10 15860
9 22354
2 80973
6 71221
1 76910
6 84250
5 76333
4 15584
1 73981
2 65670
10 71372
2 20272
5 89851
4 89931
10 65953
7 39356
1 47747
6 65896
7 45048
2 64611
9 58638
8 72743
10 73394
4 96608
1 59019
1 31324
4 61844
7 67063
3 41284
4 49542
5 89192
2 34034
6 85591
1 20643
10 82031
10 97581
4 96607
1 65642
3 31145
5 89869
2 79513
5 83047
9 90262
9 30529
4 62090
4 11277
1 13952
6 60714
4 62714
9 75166
2 11594
4 75416
8 25565
10 50695
2 58294
4 81856
10 89232
2 34149
3 69999
2 11044
7 55864
4 75104
2 55719
1 42918
4 72566
1 93634
7 97695
5 61534
1 20893
1 43938
1 12620
4 40147
10 85158
5 46430
5 14728
8 53505
3 82337
6 49662
2 56429
5 58944
10 82074
4 31962
4 26763
6 10653
9 12898
9 50254
10 52679
1 98173
1 94106
4 70254
1 63494
3 31204
9 80650
5 68228
9 61612
7 47158
3 12565
1 49562
5 56559
6 30301
4 23781
8 57485
2 60950
9 20553
8 58562
4 57651
8 33401
5 97705
2 38980
3 98629
5 71220
5 56658
3 82200
7 59495
4 59074
2 70710
8 15334
1 94299
10 56347
4 93832
3 68152
6 81950
6 85321
9 60587
1 28083
1 87386
2 95006
4 45582
4 77740
4 88460
5 57366
5 64653
8 42349
2 28986
6 46298
6 41081
7 29286
1 96004
3 75179
10 11402
4 88301
2 47550
7 70308
2 43009
8 78210
8 39846
2 28114
6 88278
8 35945
9 14143
6 67556
4 76694
9 40747
5 56433
7 84274
10 81682
8 11607
6 38377
9 84856
7 74946
3 57838
2 71136
9 81785
8 18908
7 14153
3 79975
3 23258
6 23535
4 84352
7 42424
9 10295
1 23695
9 25831
2 38800
6 78441
5 63756
4 91032
7 84724
6 49290
10 80549
3 54157
6 97643
3 72178
10 93911
4 63638
10 80140
2 32935
9 48328
10 10891
8 49455
2 63367
5 88105
1 75577
8 99709
8 31446
10 33293
6 95767
7 98000
8 97098
7 61950
2 10741
6 97163
10 90909
6 72444
6 77602
5 71134
7 62585
3 50353
4 14563
5 35523
4 85306
3 66594
10 44736
8 86494
7 38999
2 57556
4 45519
4 63418
4 72703
3 10721
3 85235
10 28750
10 86078
8 58476
6 91659
9 81632
7 97797
9 23023
2 85313
7 39353
6 12946
7 36546
10 41630
3 57385
10 63300
5 92112
5 84944
5 68849
10 62459
2 44157
7 66307
8 86067
2 46509
10 79131
8 63591
2 11120
7 77885
1 87493
9 82612
2 61322
1 75476
4 46791
3 13938
5 35607
1 18352
7 63886
5 38512
8 58492
3 87202
2 81111
7 61112
4 25989
7 33496
1 48467
4 27006
8 93236
9 56858
10 19738
7 21770
9 98891
6 19752
7 79523
4 38399
8 32592
6 93683
5 51000
2 69784
8 73256
3 24297
6 32198
4 74209
2 47563
7 22344
9 84275
6 44438
1 56506
6 24783
7 34471
9 62516
5 27676
9 78241
8 13346
4 98154
5 56280
9 66865
7 29987
6 40026
7 80005
9 64358
7 46097
2 40800
8 77741
6 14742
5 81257
10 24259
2 50101
2 23019
6 58391
2 60708
8 30269
8 21316
7 13230
6 67647
10 38095
1 48876
3 43823
10 96970
5 11323
5 15825
7 42144
6 73065
8 48547
7 12993
4 55385
8 59669
8 81870
5 90932
10 27290
1 35180
5 27308
4 96771
10 55658
7 99697
8 19444
10 20037
9 54772
7 16325
10 37732
3 20493
1 55210
6 40879
7 59956
10 59705
10 86045
10 96666
4 20637
9 41543
5 63331
5 75067
3 39920
1 66406
5 38184
6 78663
2 64031
8 23532
3 52508
8 35571
2 23608
9 44210
4 59417
2 27583
5 30165
1 24439
4 93671
4 56583
9 18373
4 87681
9 72110
2 67725
4 72710
10 13545
4 37238
4 64906
7 33225
8 26103
9 36456
4 56094
7 80540
3 95100
2 97513
8 62786
5 29656
5 34935
9 71796
6 10401
7 73918
5 97199
4 98043
9 16985
2 61224
2 68893
7 31757
4 81775
1 32995
7 41493
7 83543
2 18887
7 27241
7 77458
3 36483
1 88527
8 46787
1 66541
3 47835
7 61597
6 34214
9 87456
2 68145
7 47849
2 23452
4 76410
7 89576
10 48652
6 47672
6 99877
3 58029
3 94419
5 63988
4 70588
1 96297
3 57541
7 88033
6 91484
1 37942
6 20800
1 25710
7 38716
2 45845
4 37305
10 52505
6 57191
5 38830
7 80087
5 48849
9 42874
2 37845
4 30642
1 17905
8 54549
5 51462
5 52224
6 17544
7 37442
8 58309
7 74380
1 56912
4 48822
1 55674
7 43544
4 52078
1 22164
8 66834
6 78294
5 54934
1 93078
9 35667
8 28551
7 98734
3 69092
8 75722
4 22842
2 65045
5 73360
10 63066
7 87735
10 83324
9 50051
3 25198
8 79881
10 88662
2 31511
7 90755
5 57542
7 61038
9 11519
6 25090
1 24379
10 58517
2 55838
2 77135
4 81711
9 25966
10 65602
1 15091
7 90936
2 37852
9 18658
2 29737
3 98143
1 17029
9 97454
4 82753
4 42114
1 69358
7 92841
3 10572
1 98979
3 76419
6 81908
5 88066
7 86523
1 75587
7 87301
5 87849
3 95133
5 80459
1 25408
4 10864
4 23104
5 36331
4 38039
9 46881
4 25057
9 19788
6 45640
7 34434
2 96266
9 82327
2 60328
10 51506
2 47548
9 13034
6 67671
8 92970
9 74122
4 51703
2 38696
9 21673
6 84376
6 33211
2 84299
5 17164
3 29117
8 59670
7 83424
10 57572
2 42667
10 72848
9 61001
2 37431
1 14116
5 73780
10 92371
7 12233
5 43157
6 38212
3 49590
3 22306
6 78823
8 21823
10 34178
9 86180
5 49621
2 57465
7 60983
6 68309
1 33515
9 45870
5 72739
7 96452
7 89618
7 38710
1 58019
7 62900
1 95484
1 36565
6 99101
6 68999
9 54266
6 14329
6 83852
4 35331
6 87220
8 88236
2 74288
1 48348
9 91846
1 58099
8 10567
6 24183
5 68215
5 98205
6 45985
5 71022
10 66161
1 60484
4 47991
1 22364
9 22000
1 67663
3 50274
3 15179
9 65562
2 29461
4 56770
9 27164
2 64794
4 47558
8 58102
8 11170
10 36226
5 76894
2 39355
10 14175
8 57675
4 68012
8 51552
5 98623
2 54688
10 69639
9 52871
6 52205
9 94373
10 25975
4 93485
7 26046
9 31288
5 15776
9 46818
5 22644
1 29382
5 39839
2 86723
2 96930
8 66349
5 68247
8 75585
8 99378
1 10218
7 59910
5 24990
10 60889
9 16371
7 61903
3 59108
2 30174
1 37695
6 14408
9 53458
7 20814
10 32893
4 84011
4 54497
8 15912
10 81235
3 13402
10 96761
2 24995
9 30957
6 56322
1 33937
7 23539
6 91491
5 41034
8 66759
2 19741
5 85892
8 59634
6 67597
3 97340
8 19587
3 17782
3 79726
8 66462
3 56278
6 67527
2 17014
10 52746
5 76460
1 72389
8 81650
2 62445
7 53655
5 83792
3 35441
3 47234
2 40218
5 48737
3 10976
9 63945
9 10014
10 91500
6 82069
2 45168
6 77154
3 88486
6 92185
7 97044
8 18395
9 45147
5 54277
7 41049
7 60795
7 53013
9 83019
7 50683
2 45392
5 41999
5 61056
4 63673
1 57273
6 24004
8 79421
6 49577
2 20311
8 91411
2 54465
6 22587
6 29468
4 67474
8 38430
7 32834
10 73775
7 59671
5 77085
3 44592
4 56404
4 67121
5 63198
5 24514
2 28160
5 77906
6 75192
5 15099
2 36032
8 42428
9 55616
1 97739
3 98636
3 94724
4 30898
7 22226
7 12094
6 30435
1 74739
8 55448
1 37032
1 78001
6 33720
3 70831
5 38705
4 73600
8 91955
10 54591
10 11149
7 88804
10 55428
4 57540
8 45053
9 95306
2 77907
2 67675
4 39094
2 72147
8 11270
5 95057
5 28731
6 61769
4 94981
4 66262
9 38169
1 65651
5 56098
8 23612
5 73659
2 83436
7 42166
10 38998
8 34263
9 16566
7 26617
8 30491
5 52774
7 38527
10 71113
6 98869
2 49857
8 65372
1 77714
10 69599
5 52886
3 57923
10 41622
3 38805
7 70560
4 73910
9 29487
1 15018
9 41644
6 74999
1 20826
8 84533
8 20884
9 21621
1 83873
5 94955
4 89240
10 76794
2 22293
2 51731
6 33463
8 17505
3 57516
2 80193
8 21050
10 91919
7 84045
1 65050
3 98851
1 31002
2 40384
1 91976
3 51328
1 87961
4 56863
9 83948
4 20317
9 88258
5 68958
8 39485
6 78627
2 84375
6 97859
7 22586
5 98589
3 61928
6 42037
4 96072
7 77659
9 84461
1 78709
4 87340
4 24847
1 21842
2 99033
3 46306
6 72733
3 95317
8 52600
1 14779
3 16475
10 45146
10 75595
10 86861
1 80235
9 60269
6 22225
8 12954
8 93369
7 66124
9 19870
6 42849
5 46925
2 78074
9 19131
2 90904
4 15555
4 32970
8 92247
5 46231
9 27134
1 72619
9 50511
4 27376
5 77341
4 63059
10 39330
8 65972
3 80667
9 40212
9 95869
3 61130
1 48881
7 23126
7 68595
3 91539
4 60174
5 51964
3 49940
8 42594
1 26065
8 26626
9 75367
6 93897
8 66007
10 51255
5 60376
8 79481
10 38643
8 24231
3 34085
1 65703
2 62821
10 55465
5 91956
5 72550
5 84664
4 60897
10 38707
5 32793
6 74780
7 10060
6 65645
7 85043
9 48377
10 93999
8 33118
8 29376
2 76469
10 26251
4 89659
10 87960
9 16572
4 35201
8 96622
9 68387
5 67576
9 18281
9 37874
3 90485
5 15484
5 90321
7 17466
1 51695
4 88303
1 89616
6 46894
3 75423
3 90535
2 37059
8 16953
6 96304
3 29481
7 27150
3 43736
10 44212
3 86221
3 74081
2 73817
6 82388
1 22114
7 20877
6 33176
9 86085
8 32460
7 65853
10 91083
9 86434
8 49236
7 32903
10 58694
1 14685
4 74142
3 93587
9 42017
9 82573
6 30473
9 85631
7 62243
1 49852
9 67354
1 96609
4 32848
3 33985
9 51612
5 20040
9 24006
3 27716
9 40964
6 18600
7 69771
10 27114
4 67116
6 98875
9 39445
7 14065
5 19417
8 20220
9 48702
1 69332
3 91095
8 90622
1 59079
4 75741
6 84624
7 63026
6 58007
7 99622
9 47868
2 26975
9 12210
8 39096
9 86697
3 18875
9 48504
7 98206
1 22562
4 99683
5 62151
1 44176
8 24750
4 73664
8 42325
6 70372
3 54278
8 94980
10 73370
9 50606
2 38375
7 50451
8 92670
1 71462
8 19980
9 41856
4 29064
4 73889
10 20709
8 89062
1 93333
6 88210
7 11766
8 76591
10 72250
5 90187
9 24153
3 42489
6 44280
3 77039
1 75099
9 81373
2 49911
7 92960
1 75309
10 68638
1 78932
7 88746
2 95023
4 20818
10 30010
4 32883
4 96627
5 50987
3 69325
6 50151
10 91905
7 76062
8 59281
6 57420
10 16031
2 75726
3 55400
9 30645
3 84794
8 90189
5 97450
4 48968
9 60937
8 72461
7 72965
5 29671
10 26630
3 61670
7 29740
9 82994
4 17642
1 58208
10 23195
3 68448
5 92807
8 85285
2 54204
6 31811
2 79192
4 17897
1 89377
1 72011
3 88283
8 64411
3 97755
10 81268
8 96127
6 33423
10 18331
1 72295
9 33003
6 64840
8 37447
7 50660
2 65287
9 15324
2 83826
7 26579
4 89632
7 19817
1 60066
6 32242
3 84269
2 44925
9 87434
1 56314
4 80245
5 79995
7 65568
9 81050
2 53838
5 95610
5 28953
6 33247
4 35987
5 11287
8 43704
7 73397
9 61266
1 41115
7 55049
2 73469
1 36174
9 93674
4 53731
8 10109
7 32969
1 66948
3 71772
9 40480
9 74256
6 33451
7 77183
5 74226
9 16979
4 22512
5 56143
9 72368
3 45895
7 79936
9 50690
6 54022
6 41615
8 23554
4 44189
5 22895
1 43970
7 61866
5 77294
2 93365
5 66980
4 60976
7 49386
1 11828
9 19846
2 76628
3 22313
4 32216
10 26709
1 47439
8 38381
7 84665
6 54589
1 41584
3 16750
6 69957
1 37915
5 29580
7 93648
2 29735
9 40768
1 99688
3 10460
3 80334
6 11581
6 81943
10 58453
4 96712
5 21402
1 20246
6 29354
3 17882
5 67247
7 10435
4 56713
1 53824
4 92695
3 40793
6 65618
9 93013
6 17198
10 65347
3 28633
2 66553
6 51671
7 35999
1 45676
2 75096
2 65022
4 34844
4 99988
6 15506
10 15445
5 30697
7 25492
6 75736
8 71159
9 53323
9 75636
8 12319
6 51658
9 70825
4 54691
7 55241
10 76437
1 86432
5 23737
10 34093
8 93221
8 55228
8 50993
1 23895
2 44540
6 66928
5 42077
6 92468
8 45039
1 18543
6 64199
8 64428
8 98852
1 72045
8 97782
7 24264
4 99718
4 72948
10 34040
6 45814
7 82648
9 97689
3 99099
10 20904
1 14952
2 53920
3 70723
9 92733
3 65364
7 76381
4 64013
8 31612
9 94180
4 42329
9 84540
5 74172
3 93508
3 69573
10 10253
10 83298
2 26398
3 79438
9 51773
9 64631
8 96922
1 82939
2 47359
7 23096
9 77833
5 22815
3 47318
1 61341
4 81423
8 15331
8 77932
6 90832
5 97633
3 68445
5 87565
10 32545
6 16704
9 13024
9 47588
3 16244
4 78739
2 14901
8 72855
3 78176
7 69649
8 90939
1 37120
6 96895
3 34536
2 39145
3 53401
8 79082
3 32158
7 69152
5 63209
1 67660
3 59438
8 40498
8 21296
5 59065
4 57166
1 83510
4 14270
3 91532
9 28240
4 33399
7 64860
1 67080
3 39257
3 86261
5 27221
7 34463
3 31377
10 81687
1 87030
3 45322
9 45605
4 85088
1 22516
9 90470
1 75952
7 29377
1 20536
1 92520
3 58227
4 63249
6 62522
3 40640
3 82626
4 23345
2 85309
9 47061
5 71904
10 57693
1 69715
7 45872
4 90687
7 14602
5 82194
5 28714
6 92518
1 81883
7 62170
5 81613
8 47726
9 38932
7 47240
5 94810
1 13676
3 36987
7 94799
1 86216
3 11391
3 61507
6 63816
7 67051
5 34218
1 61986
4 68429
5 44397
2 83015
8 73434
10 39149
7 80172
7 87753
9 64865
6 17327
10 29428
9 91985
7 21314
1 75028
9 67119
4 99793
10 85636
7 45199
9 56870
2 58346
9 13454
9 53532
5 12812
5 90787
2 78821
4 91251
1 89323
8 61677
10 94021
5 61496
6 35953
2 62739
5 84495
2 24116
9 81136
1 44162
8 42449
7 50709
8 83962
5 67921
4 22104
4 43525
6 97392
5 67049
2 31909
6 17539
9 44818
4 34436
8 15691
9 43171
3 75997
8 36400
10 12501
2 18691
8 91099
8 49248
7 35787
8 87123
6 60468
10 79577
6 77713
5 22378
7 74324
7 33194
3 87387
7 32302
8 72620
3 21267
8 57926
6 50185
2 98271
10 54367
8 46465
6 78590
6 76044
5 46687
2 58455
6 88982
8 83490
2 55141
2 23088
10 72248
4 65512
5 49853
6 68870
5 97988
5 44338
6 29676
5 91112
4 69234
6 66635
2 13794
9 46813
1 86971
7 58060
10 56064
1 43135
1 60485
10 30979
7 86836
2 13446
4 68070
6 84262
1 43205
4 48450
1 85666
4 67603
2 25686
5 41728
2 69546
8 43428
2 26415
4 96518
6 59235
8 74716
1 33165
7 82957
3 13026
8 82804
5 83585
7 21544
4 22915
4 38098
10 22380
10 26924
10 78237
3 37514
8 19250
5 24538
5 89880
4 13659
6 14535
5 30475
8 67762
7 24020
2 36733
2 57520
1 45286
5 76784
4 48246
8 69801
3 19044
5 93628
7 51762
3 62404
2 16768
9 97020
8 39483
10 23014
3 53605
9 44049
10 71888
3 51727
10 19495
1 24873
10 71439
9 59103
6 55727
2 74174
3 51851
10 57563
1 90677
4 51129
3 95531
5 18423
3 60843
1 73899
2 83966
4 57526
10 62691
7 70230
10 84035
7 57230
8 73854
5 30387
3 67330
6 29561
3 29979
7 99174
6 30408
7 20074
9 52891
5 66314
10 67369
4 18189
3 25300
9 96838
4 20828
7 94081
6 57966
4 65371
7 57401
4 38288
9 20605
5 57873
3 27552
3 94757
1 16904
2 97301
9 57405
1 59318
4 19515
7 65209
3 26896
10 93454
8 32182
3 72811
7 41698
1 56293
10 53614
3 12186
4 84614
1 52453
6 60233
9 51070
1 47802
3 93600
10 32726
10 26281
9 73782
4 70187
10 92268
5 29714
9 32514
3 61385
3 86371
5 86623
3 55237
2 30173
6 90538
9 85896
5 21701
4 41683
9 31536
5 54318
6 29549
6 65782
4 95969
6 95174
9 89888
7 73086
7 62703
7 15086
8 71025
6 95903
3 78993
2 54887
9 26280
3 90104
10 99517
8 98117
8 41421
2 95866
6 31889
7 93347
7 12585
9 70530
4 55721
7 83367
8 13718
7 88407
8 35548
6 10159
6 89978
7 60077
1 11235
6 16980
7 83871
2 53127
9 33138
7 43656
5 75983
5 51777
5 84447
2 38313
2 69997
5 84244
7 86392
1 93691
6 66572
6 46959
5 27760
6 65299
7 61343
7 66205
2 47089
7 19785
5 46387
10 96502
6 29871
4 44539
9 71012
4 82000
6 60375
7 47541
2 66375
6 90761
10 56262
3 95210
6 54140
2 47201
1 64210
8 30210
5 82696
8 70689
6 74394
3 37958
8 59657
8 74702
9 47406
10 82531
1 41289
7 50118
5 87128
3 96477
5 32259
6 33016
3 27261
5 84067
10 15441
7 84635
6 97008
2 35851
2 21062
8 53866
5 96614
4 51618
9 30175
10 29386
5 33469
8 96615
9 59043
2 80690
6 17837
2 29238
10 95711
9 39170
2 22781
1 31879
5 30557
3 47293
6 92548
3 45632
9 77096
8 20290
9 24831
4 93344
8 10621
8 25262
6 96952
9 88715
5 68678
8 73635
2 90322
4 48795
3 58838
7 99020
9 93223
4 63323
7 86245
7 44033
9 97929
4 44072
10 21052
7 83391
1 52801
3 44128
6 56097
1 84528
5 56528
9 94227
8 49656
1 55184
6 40263
4 41576
5 97490
5 66657
9 93038
2 85715
3 48539
10 92652
7 75081
7 23549
9 65488
4 80609
5 29660
10 30400
7 49716
5 89202
6 38955
1 43753
6 33571
3 80915
9 88316
3 76603
5 96583
2 23134
2 66197
6 45193
8 20832
3 78889
6 34088
7 55398
9 98738
3 75994
3 72953
10 42179
10 99382
8 70793
2 42551
8 51160
1 71574
1 86741
3 25410
7 54224
6 30229
6 14207
5 87385
5 10615
6 76699
8 23819
3 51340
9 28670
6 51585
2 93404
8 91843
6 60745
2 81351
4 56174
5 51914
7 87985
3 16005
5 98953
8 16782
1 79516
9 41160
9 14317
10 61233
2 95020
1 26177
7 88987
7 75746
9 59273
3 28053
5 89805
2 94434
5 99939
9 70819
4 84698
7 37775
2 66972
2 79603
1 52976
8 36790
3 58746
6 32988
8 55539
5 34646
4 12012
9 80141
8 68194
7 97664
10 42030
5 95976
1 20163
1 84388
5 90620
4 13096
6 40344
7 70379
9 79878
2 96075
8 58120
10 99010
4 27666
9 39071
2 41726
1 97365
8 74083
9 43562
4 21276
1 38995
3 92788
4 29308
7 66575
8 94715
4 30528
7 71873
6 76496
4 21273
6 87510
4 62514
9 59572
2 75484
10 18207
7 72884
2 26463
3 90393
10 60340
9 11986
3 40884
7 59518
3 82217
6 93626
1 71457
1 43905
4 24329
3 38481
7 54086
7 54077
9 87721
10 46118
2 18562
3 28208
5 59819
5 66899
6 48965
5 62620
3 34535
6 64429
4 82230
5 93043
10 30956
3 23665
3 60069
8 28065
3 44485
3 57629
1 29667
5 21787
10 26787
6 90666
8 66245
6 90636
4 27292
5 59221
3 88808
6 92726
3 54377
2 67289
8 90270
8 83126
2 94473
8 87450
1 48205
9 83199
3 24973
8 99381
10 38363
1 36982
8 10068
4 37670
7 93451
7 81132
7 19280
5 34768
1 16269
7 16800
6 31142
5 24885
9 58471
10 89321
2 54443
2 19645
8 20954
9 87813
4 87631
3 51512
6 11586
1 72169
5 42835
6 26740
8 26378
9 89720
10 57135
8 13276
7 32728
3 66877
3 24531
9 47679
4 98946
9 48592
5 41549
6 83743
8 41515
10 82158
5 48706
6 78629
10 92882
2 22425
6 12376
9 16580
10 93603
2 39010
3 16272
6 75461
6 66983
5 38170
2 29215
4 73967
8 83226
5 97266
9 75930
7 81110
10 17884
8 68392
1 98621
3 39075
8 46613
1 77083
10 25182
10 81540
4 85858
6 80597
9 60559
9 75308
10 17326
10 38104
8 52842
4 46827
1 45730
10 66225
4 14251
5 74642
6 17575
10 23791
6 77823
1 41541
3 33408
10 35036
8 37515
3 71435
9 56428
6 31702
10 28111
7 59187
4 80247
1 48235
7 31721
5 30756
6 14226
3 94883
7 90089
9 96499
1 91344
4 59764
5 32457
5 68808
6 81939
3 94084
6 36238
5 77056
5 84205
3 85265
10 99272
10 86032
7 72731
9 77430
3 77453
1 45408
1 24357
10 37436
8 83857
2 55957
2 48146
8 79416
1 79356
7 86330
5 37743
7 51015
2 26070
8 13664
3 70010
6 16605
6 37517
2 29677
3 53671
3 51824
9 32162
7 54929
9 65082
4 67838
6 24965
2 98129
10 64706
8 88095
10 68801
2 26589
4 75531
10 74505
2 52381
6 51003
6 47571
5 76064
7 92175
2 85726
8 84718
1 11813
5 33480
1 53387
10 41234
10 53408
3 83159
2 83067
4 36870
7 73996
7 82484
3 38789
6 91837
7 54679
10 63470
6 78257
5 94738
6 88975
2 11573
6 94777
8 37043
5 38105
5 50361
2 29113
5 36853
7 18418
4 42639
7 69098
1 60312
5 99208
6 84946
7 56114
5 77148
1 88776
1 55478
8 75094
9 18515
5 56182
7 55726
6 80450
10 13660
9 29383
10 65391
5 60309
7 73247
9 23530
3 74160
3 59542
4 10079
2 43740
2 53586
6 83623
4 27195
10 31559
9 40967
1 75719
7 62959
5 95027
8 78203
3 23508
6 70130
9 47395
9 33098
5 89675
3 77631
3 91585
4 64096
3 88533
1 69541
2 43920
5 43351
4 33243
3 41506
5 79146
3 25176
10 51441
8 98015
4 87604
1 74379
7 80638
5 36891
7 74750
2 44248
6 79432
3 83293
5 62779
4 33655
7 90474
6 31793
9 34571
1 99177
1 89621
2 55332
2 34530
1 57460
8 60126
4 22836
7 23373
4 93899
1 70035
7 85694
7 33458
5 61475
9 79789
1 74711
1 44550
10 58653
9 70277
8 70665
1 94939
1 21212
7 32828
9 14424
6 81299
4 25360
10 19987
4 27518
4 42207
8 53678
2 47531
2 73455
3 25818
7 88745
4 91077
5 45886
4 60028
5 96066
2 46128
7 11550
5 63798
6 68765
1 82946
1 72212
9 30260
7 19642
10 81753
6 32365
10 87698
7 48650
10 47286
10 24126
5 68391
8 98826
2 51833
7 18902
8 70206
7 14917
8 61987
8 40749
2 62640
3 23805
6 56718
9 84098
3 29483
1 85267
5 29720
9 58845
10 78583
6 81173
7 92942
5 37690
9 36173
9 36107
6 22149
7 86884
10 12464
4 80111
3 41406
1 63710
1 35317
1 88845
8 86559
3 34319
7 25079
9 25144
9 59599
7 76886
7 90599
5 29030
5 29444
6 34737
4 45843
10 85182
4 65310
10 26433
4 77019
2 88076
3 47477
4 28331
7 91880
10 86364
10 32171
8 15032
7 35011
7 50343
9 54539
3 80874
8 55098
9 43599
1 91794
8 29873
7 28007
1 35137
8 58578
1 10598
2 13891
2 74210
1 11400
8 77263
5 68700
10 51142
6 68775
3 35455
9 50694
4 80672
3 84068
5 83795
3 55969
1 32542
3 44893
10 37500
8 75084
6 57337
2 63444
6 85387
2 89680
1 27877
10 41039
9 37312
7 94877
8 96713
8 73513
2 46004
1 71934
4 16524
9 56669
8 20594
4 10717
5 80731
1 40005
4 51288
10 57632
1 43124
10 94989
8 35387
5 43404
8 33797
9 85102
4 91383
7 93331
3 11339
5 36738
8 27338
4 81755
3 38572
4 42012
4 57193
3 39858
4 10556
2 79524
9 69837
2 88351
2 38107
10 49452
5 42626
6 36422
6 45216
3 39626
1 35613
5 92390
3 26918
8 15372
2 81277
6 65457
6 81530
4 46616
5 45219
5 14601
4 61144
9 17954
8 24240
1 15711
1 15727
5 47740
5 87502
7 93752
8 11096
4 34615
1 35833
8 56831
10 41011
10 12156
9 59213
7 47821
6 15851
2 92830
5 70910
10 35377
10 61657
10 38291
1 86753
1 91186
7 79565
4 19385
7 69421
5 42832
8 40759
1 11027
3 80780
6 65891
7 80684
9 86003
1 82925
3 91932
4 69312
8 25753
5 31518
5 65701
1 79612
7 83629
8 98503
5 65327
9 30899
5 82406
7 28654
2 72629
10 95289
9 25741
7 55849
5 71344
2 60654
1 52822
3 73052
2 15622
10 76091
6 48402
5 73939
5 93290
7 54202
9 94175
10 12975
10 65490
2 48466
10 18571
7 11355
10 21880
1 70336
9 10948
1 70943
10 83498
9 98478
10 22646
9 32524
1 40182
8 47087
9 71147
2 44364
9 24148
4 28457
9 64444
1 66603
2 76711
2 58809
4 73369
3 66923
1 39099
1 86797
5 22156
10 56067
10 50478
10 50847
5 88792
6 50165
1 52696
3 19553
5 45917
6 46241
7 28907
9 24480
6 48970
1 33726
4 42797
8 27582
4 70711
4 82019
3 88250
4 78524
4 52845
1 49275
7 88282
6 14843
10 10076
7 11418
2 43186
6 87306
9 16950
8 72907
4 39406
5 21104
2 81568
2 76290
2 98482
8 11845
8 38487
10 29363
3 82440
6 15952
8 57782
7 83991
1 88249
9 55617
1 47313
4 44948
6 41820
10 14158
10 25386
8 45417
8 18953
6 50843
2 55657
2 88292
1 51471
2 83765
2 98565
3 17413
6 40399
9 95090
7 63395
1 42453
4 27513
7 52686
7 91816
4 89955
5 14183
7 64066
3 45275
7 29742
10 10241
6 40915
4 46679
1 42506
1 40693
9 51172
5 63456
4 85968
5 86597
9 24431
1 63362
5 47691
4 76071
6 87948
2 66990
1 61595
3 78335
3 34203
10 95026
2 89235
5 93025
3 69866
9 96307
2 95018
10 89860
4 41795
7 93045
9 35634
6 44945
1 12404
3 66755
10 64825
6 27256
9 20915
6 91398
5 23464
9 17825
9 45910
8 94776
9 33207
2 15361
1 75334
1 26981
10 14997
7 97043
9 28845
1 36383
10 55191
5 30905
4 74939
7 13506
2 10192
4 69390
7 45328
9 27081
6 40092
9 14079
1 93385
4 91490
10 81459
8 19212
2 76498
10 43975
3 65383
9 33262
8 81741
3 78070
4 23658
9 41886
1 95041
1 82166
9 33874
4 47189
9 60304
9 72673
8 37462
8 49661
7 13447
2 88151
5 47165
5 49614
4 68666
9 92300
5 95449
5 11568
4 67166
7 35275
3 21109
2 89137
9 95940
3 23909
2 66705
3 67067
4 50775
6 47186
5 35656
3 55641
7 86447
3 87904
10 37952
5 95654
3 28696
4 48776
1 43286
6 60868
8 49205
8 93596
8 59330
7 74764
9 32330
10 92038
1 16422
3 26566
9 12128
6 95013
5 93943
7 35200
4 76580
7 84382
3 31586
2 25566
7 94480
2 58340
2 39985
10 28671
7 93638
6 69705
9 10454
6 24677
5 84405
6 68628
9 86243
3 48565
3 37568
6 44460
5 21518
9 56830
7 72396
7 22718
4 68332
2 34408
5 66482
8 54668
2 48439
1 44896
7 42950
2 24943
6 13716
1 77848
3 68947
10 72931
4 19808
1 51447
2 17424
10 84588
4 78046
4 20219
10 85601
10 89216
4 21870
2 87360
4 16343
8 72813
9 14853
2 61482
2 77209
10 62528
8 53497
2 65313
7 45709
4 12065
7 60381
4 75799
9 76690
1 28175
2 52165
8 97865
2 79103
4 25192
9 84931
2 99214
4 47966
6 63289
1 31697
4 84531
4 26946
10 60809
2 56755
4 76648
10 74116
3 22008
9 65341
9 57281
7 63044
2 83385
10 31640
6 10119
6 26836
10 46994
7 70923
8 14692
6 23760
2 40833
1 67384
6 50215
4 86213
3 71757
3 32495
5 55270
2 53463
4 62198
5 73779
7 18835
4 96346
10 57207
2 83982
1 44977
7 84747
6 64246
5 37115
8 86947
10 25789
7 68000
5 81430
7 26728
2 98451
6 30967
10 70303
7 78328
9 86615
9 51593
6 34532
10 79793
8 35883
1 76239
7 24642
7 53141
4 85334
7 69337
9 77924
10 61077
7 33462
1 75006
8 17695
4 95543
9 35433
3 46706
8 54460
2 65781
2 92150
7 16729
1 75131
2 87653
8 40832
2 17265
10 68788
7 86298
9 33296
3 82339
4 31409
1 21020
4 29691
1 63553
4 89566
2 11460
9 55979
3 53341
1 76042
1 64193
8 58575
4 79017
5 31760
8 21359
6 13646
9 52931
1 64263
7 75662
8 84415
5 34410
10 49903
4 35260
10 67443
1 94498
9 45266
4 64266
5 46658
4 93697
10 28090
6 53030
5 81246
8 21774
6 24896
6 11957
2 81634
9 38276
8 44728
10 82404
3 24629
6 10640
5 90578
10 36229
7 63173
10 60638
7 17476
6 67981
3 82121
8 89215
9 49683
7 61312
5 82521
3 90330
10 18108
10 84403
6 32130
4 82634
8 32442
10 32438
9 93773
6 31861
8 52090
1 68341
9 72818
4 74225
8 55082
5 96122
9 87563
6 97021
1 23455
10 44044
2 70061
3 66443
2 76542
2 81765
9 97002
10 13144
8 80612
8 84999
3 13795
7 82075
7 96541
1 88363
4 78943
1 36795
4 69831
8 93274
7 63641
7 31816
1 50380
6 44174
9 92420
9 12729
7 78263
2 14213
10 84427
4 23427
3 46978
2 65076
4 34650
2 90812
4 62712
4 34376
2 98787
10 39029
10 97247
2 51535
4 75504
9 96975
3 90808
1 35696
5 44864
4 53499
9 71089
2 91813
