8 13
1 3 40
2 4 33
4 2 32
2 8 31
8 1 60
3 4 20
8 4 50
3 6 40
4 5 25
6 5 25
5 7 25
6 7 40
7 8 55
6
3 7
7 3
3 1
4 1
1 3
1 4
5 8
1 2 5
4 1 8
3 1 6
2 3 6
2 5 8
3 4 4
3 5 4
5 4 5
4
3 1
3 2
5 2
5 3
5 10
1 2 10
1 5 5
2 3 1
2 5 2
3 4 4
4 1 7
4 3 6
5 2 3
5 3 9
5 4 2
5
1 4
3 5
4 2
1 2
1 3
6 18
1 2 7
2 1 7
1 3 9
3 1 9
1 6 14
6 1 14
2 3 10
3 2 10
2 4 15
4 2 15
3 4 11
4 3 11
3 6 2
6 3 2
4 5 6
5 4 6
5 6 9
6 5 9
5
1 2
1 3
1 4
1 5
1 6
6 12
1 2 2
1 3 4
2 3 1
2 4 4
2 5 2
3 1 7
3 5 3
4 6 2
5 2 5
5 4 3
5 6 2
6 5 3
4
1 6
6 2
1 5
5 3
7 14
1 2 1
1 3 2
2 4 8
2 5 9
3 1 102
3 4 6
3 5 7
4 3 106
4 6 1
5 2 109
5 6 9
5 7 100
6 5 109
7 6 0
3
1 6
1 7
6 3
8 15
1 3 26
1 5 38
2 4 29
3 8 34
4 7 52
5 6 35
5 8 37
6 2 32
6 5 36
6 8 27
7 1 58
7 3 40
7 5 93
8 4 39
8 6 28
28
1 2
1 3
1 4
1 5
1 6
1 7
1 8
2 3
2 4
2 5
2 6
2 7
2 8
3 4
3 5
3 6
3 7
3 8
4 5
4 6
4 7
4 8
5 6
5 7
5 8
6 7
6 8
7 8
9 22
1 2 7
2 1 7
1 3 4
3 1 4
1 4 5
4 1 5
2 3 2
3 2 2
2 5 25
5 2 25
3 8 9
8 3 9
4 6 9
6 4 9
5 7 10
7 5 10
6 8 20
8 6 20
7 9 2
9 7 2
8 9 3
9 8 3
5
1 9
1 2
1 6
8 2
7 4
0 0
