0.00 9.00 9.00 0.00
2.00 7.00 3.00 4.00
0.00 9.00 9.00 0.00
4.00 5.00 5.00 1.00
23.00 72.00 87.00 67.00
35.00 71.00 73.00 70.00
14.00 47.00 62.00 3.00
27.00 43.00 36.00 27.00
14.00 57.00 34.00 11.00
27.00 22.00 33.00 20.00
27.00 43.00 67.00 7.00
38.00 37.00 45.00 12.00
12.00 59.00 22.00 45.00
15.00 53.00 22.00 47.00
85.00 49.00 98.00 21.00
89.00 46.00 98.00 27.00
16.00 71.00 80.00 24.00
73.00 68.00 78.00 66.00
34.00 9.00 49.00 0.00
34.00 4.00 44.00 1.00
73.00 21.00 96.00 8.00
83.00 14.00 85.00 9.00
56.00 60.00 92.00 29.00
82.00 55.00 85.00 46.00
40.00 63.00 90.00 25.00
48.00 54.00 90.00 40.00
43.00 50.00 76.00 23.00
59.00 32.00 67.00 26.00
32.00 91.00 42.00 8.00
37.00 45.00 41.00 13.00
72.00 51.00 75.00 26.00
72.00 30.00 73.00 28.00
25.00 67.00 30.00 12.00
27.00 40.00 29.00 24.00
54.00 72.00 91.00 34.00
54.00 71.00 65.00 52.00
20.00 80.00 70.00 56.00
54.00 70.00 69.00 60.00
88.00 26.00 99.00 7.00
93.00 16.00 98.00 12.00
15.00 89.00 32.00 22.00
24.00 44.00 32.00 32.00
80.00 17.00 99.00 3.00
85.00 9.00 97.00 7.00
54.00 56.00 69.00 24.00
63.00 42.00 68.00 36.00
36.00 22.00 63.00 6.00
50.00 18.00 61.00 9.00
15.00 5.00 23.00 1.00
18.00 4.00 21.00 3.00
32.00 48.00 74.00 36.00
39.00 44.00 74.00 39.00
44.00 23.00 70.00 4.00
51.00 13.00 53.00 9.00
65.00 42.00 93.00 34.00
88.00 39.00 89.00 38.00
36.00 41.00 57.00 5.00
49.00 13.00 54.00 9.00
39.00 42.00 98.00 34.00
64.00 39.00 70.00 38.00
54.00 18.00 99.00 9.00
59.00 17.00 97.00 13.00
7.00 90.00 54.00 35.00
44.00 72.00 51.00 70.00
39.00 11.00 71.00 6.00
62.00 10.00 65.00 9.00
64.00 98.00 72.00 50.00
64.00 71.00 67.00 63.00
30.00 44.00 49.00 1.00
41.00 21.00 47.00 12.00
5.00 74.00 35.00 13.00
28.00 28.00 33.00 19.00
71.00 14.00 93.00 8.00
86.00 11.00 87.00 9.00
75.00 60.00 79.00 16.00
75.00 54.00 78.00 36.00
91.00 74.00 99.00 38.00
93.00 56.00 95.00 54.00
75.00 95.00 78.00 63.00
76.00 81.00 78.00 79.00
44.00 23.00 62.00 6.00
45.00 11.00 50.00 8.00
57.00 60.00 95.00 17.00
65.00 45.00 88.00 25.00
82.00 14.00 95.00 9.00
85.00 13.00 89.00 11.00
53.00 28.00 60.00 11.00
54.00 16.00 55.00 12.00
11.00 72.00 95.00 66.00
43.00 70.00 71.00 69.00
66.00 39.00 80.00 4.00
77.00 25.00 78.00 20.00
61.00 30.00 68.00 2.00
64.00 15.00 65.00 6.00
52.00 69.00 85.00 46.00
71.00 51.00 81.00 47.00
43.00 39.00 77.00 14.00
57.00 29.00 60.00 19.00
68.00 32.00 92.00 27.00
72.00 30.00 87.00 28.00
72.00 93.00 91.00 6.00
78.00 57.00 91.00 10.00
32.00 95.00 54.00 72.00
48.00 92.00 49.00 84.00
21.00 56.00 84.00 41.00
39.00 45.00 51.00 44.00
49.00 75.00 79.00 48.00
77.00 60.00 78.00 54.00
45.00 80.00 91.00 29.00
75.00 59.00 85.00 34.00
32.00 13.00 75.00 2.00
61.00 9.00 64.00 3.00
64.00 61.00 81.00 9.00
71.00 18.00 73.00 16.00
93.00 45.00 96.00 41.00
93.00 44.00 95.00 42.00
15.00 89.00 37.00 81.00
28.00 86.00 34.00 83.00
64.00 51.00 73.00 7.00
66.00 27.00 71.00 10.00
80.00 92.00 86.00 20.00
82.00 24.00 85.00 23.00
27.00 40.00 63.00 0.00
38.00 38.00 40.00 1.00
67.00 62.00 79.00 8.00
77.00 30.00 79.00 20.00
84.00 85.00 95.00 72.00
90.00 84.00 93.00 79.00
86.00 24.00 95.00 17.00
87.00 23.00 88.00 21.00
27.00 35.00 43.00 2.00
37.00 9.00 42.00 4.00
51.00 34.00 96.00 15.00
87.00 18.00 91.00 17.00
5.00 24.00 63.00 20.00
13.00 23.00 59.00 21.00
49.00 54.00 97.00 34.00
93.00 40.00 97.00 36.00
58.00 31.00 84.00 13.00
72.00 29.00 75.00 27.00
39.00 10.00 63.00 4.00
53.00 8.00 54.00 7.00
27.00 63.00 88.00 26.00
48.00 34.00 66.00 32.00
66.00 56.00 70.00 19.00
68.00 55.00 70.00 36.00
83.00 66.00 95.00 40.00
90.00 48.00 95.00 43.00
62.00 57.00 75.00 36.00
73.00 42.00 75.00 37.00
57.00 78.00 71.00 41.00
57.00 57.00 59.00 53.00
8.00 100.00 52.00 37.00
36.00 91.00 43.00 48.00
50.00 78.00 70.00 46.00
61.00 71.00 70.00 54.00
56.00 83.00 89.00 42.00
73.00 74.00 89.00 71.00
35.00 10.00 89.00 4.00
87.00 9.00 89.00 5.00
12.00 30.00 28.00 2.00
17.00 22.00 24.00 3.00
8.00 74.00 84.00 51.00
51.00 68.00 62.00 53.00
62.00 28.00 68.00 13.00
64.00 27.00 65.00 21.00
65.00 22.00 83.00 8.00
70.00 15.00 76.00 12.00
24.00 40.00 74.00 9.00
30.00 35.00 45.00 32.00
49.00 55.00 56.00 50.00
54.00 53.00 55.00 52.00
19.00 25.00 26.00 4.00
22.00 17.00 26.00 7.00
21.00 54.00 73.00 39.00
41.00 48.00 69.00 45.00
51.00 72.00 98.00 64.00
74.00 71.00 78.00 67.00
87.00 27.00 92.00 9.00
89.00 23.00 91.00 21.00
23.00 77.00 61.00 56.00
43.00 66.00 50.00 61.00
28.00 46.00 99.00 41.00
84.00 45.00 98.00 43.00
82.00 97.00 94.00 44.00
83.00 91.00 87.00 84.00
57.00 89.00 96.00 24.00
73.00 51.00 95.00 47.00
51.00 28.00 92.00 4.00
51.00 11.00 70.00 6.00
28.00 67.00 69.00 33.00
45.00 39.00 51.00 36.00
55.00 23.00 99.00 4.00
61.00 16.00 86.00 14.00
88.00 53.00 92.00 0.00
88.00 4.00 92.00 2.00
50.00 75.00 90.00 13.00
57.00 42.00 83.00 36.00
80.00 88.00 93.00 9.00
83.00 57.00 89.00 50.00
66.00 47.00 99.00 32.00
66.00 44.00 88.00 34.00
30.00 52.00 84.00 6.00
68.00 41.00 70.00 21.00
0.00 0.00 0.00 0.00