405
17 11 59 42 49 41
14 28 6 33 56 35
30 41 46 11 55 53
5 36 42 41 6 32
23 53 11 29 50 9
17 39 52 29 8 34
28 52 45 42 1 13
39 55 58 18 46 11
16 57 56 9 12 7
28 19 35 43 7 1
2 37 47 16 11 19
40 56 9 49 2 37
18 16 3 29 1 31
33 30 44 18 56 49
30 58 14 55 44 43
40 48 54 50 9 20
1 17 39 57 37 25
51 41 33 15 49 43
31 48 18 44 25 37
4 48 1 37 36 40
35 17 24 59 38 51
5 56 39 55 28 44
43 48 1 36 39 50
25 40 16 6 22 39
26 49 23 53 51 12
4 57 12 37 17 30
41 19 30 9 46 20
52 21 50 20 38 22
27 1 6 60 59 21
48 56 55 39 29 41
6 23 27 39 41 47
26 44 21 46 20 52
12 55 43 14 5 40
1 44 3 22 55 32
50 3 54 52 4 58
40 4 59 26 50 49
53 60 51 52 11 18
6 25 24 11 53 56
35 38 22 33 41 11
3 9 28 30 46 35
33 51 37 32 59 26
56 30 6 32 44 10
35 1 22 40 41 52
35 14 49 56 11 10
52 47 16 13 60 28
10 57 1 12 42 38
9 27 42 56 35 18
26 38 9 51 13 5
1 11 44 20 45 59
8 10 46 9 28 41
24 46 55 39 14 43
48 34 3 11 33 24
56 3 48 15 29 7
31 20 17 24 58 56
4 29 11 15 5 23
60 38 20 49 35 23
36 40 7 46 49 57
46 45 42 51 9 52
14 45 52 26 7 8
5 37 21 47 12 34
9 1 12 33 59 16
2 37 42 22 50 34
39 2 14 7 4 46
36 26 24 20 21 44
33 32 42 41 53 23
13 51 58 55 27 22
55 39 59 18 22 56
2 27 16 8 59 58
2 27 1 26 9 41
53 57 11 45 31 12
34 10 9 24 36 15
33 17 44 52 43 36
28 27 12 4 17 44
28 30 1 39 20 48
33 37 57 13 12 43
45 1 35 8 53 20
54 25 17 49 42 43
24 15 48 27 14 40
21 36 4 34 7 10
44 48 38 33 52 58
20 24 54 37 11 18
31 16 60 38 47 27
53 54 29 43 48 56
9 60 13 48 20 25
24 9 55 43 38 21
19 28 46 54 57 56
2 15 9 40 47 60
31 15 56 58 10 1
25 41 2 33 44 40
26 57 17 34 29 55
36 51 11 37 7 27
9 36 53 37 17 26
46 27 8 57 7 39
45 5 38 13 46 9
29 10 25 22 27 7
18 3 48 22 32 2
26 8 5 18 38 42
23 45 19 17 53 14
4 43 59 12 3 22
41 30 1 39 13 46
9 18 19 58 31 12
9 4 39 20 50 45
3 34 58 12 44 23
20 26 41 18 54 25
2 32 58 19 22 18
31 17 46 30 22 38
24 52 16 48 39 23
39 22 3 56 6 7
9 43 50 19 26 22
20 41 45 25 52 33
45 41 53 10 54 19
9 8 40 25 59 47
46 8 58 13 44 29
36 29 2 31 7 56
50 44 48 42 32 29
45 52 30 40 35 49
39 55 10 31 14 27
60 54 34 45 49 31
4 40 15 27 51 57
53 42 19 4 13 51
24 32 14 12 17 45
47 53 44 45 28 60
23 47 57 24 52 3
53 55 27 58 3 54
49 16 13 29 34 46
54 2 46 35 53 50
12 13 2 53 14 38
39 7 54 13 44 4
12 23 1 59 50 5
39 59 37 10 24 30
30 31 36 3 4 17
26 33 35 43 32 40
23 31 56 7 2 12
27 2 29 54 45 32
39 12 50 2 27 60
50 16 17 25 22 10
54 5 49 24 14 57
23 45 17 55 6 39
15 59 13 36 26 24
9 34 3 30 58 11
32 10 29 52 36 14
21 31 28 25 50 46
2 48 23 13 15 35
50 56 30 54 7 38
50 52 30 60 56 53
7 28 29 1 44 37
16 8 36 12 33 18
41 47 20 6 52 7
32 34 49 56 31 27
27 54 8 1 14 9
31 27 3 14 4 58
31 5 8 49 17 33
18 58 36 26 46 27
14 33 59 26 5 39
2 56 22 40 58 32
48 30 34 60 19 4
43 7 35 21 52 30
60 36 9 28 6 39
39 15 25 58 5 29
11 59 18 56 14 33
6 11 58 3 44 40
32 23 35 31 13 20
45 57 18 32 56 51
20 53 50 14 51 22
27 22 49 2 26 1
35 26 37 22 46 30
29 50 17 27 52 20
8 22 15 18 28 45
25 42 56 11 46 16
52 59 34 44 30 22
18 17 20 46 34 6
11 59 6 14 57 27
29 42 1 23 54 34
57 16 20 6 42 21
47 5 59 43 16 17
55 37 25 42 51 47
32 20 17 22 42 1
7 43 3 59 35 56
51 40 2 54 39 13
4 43 6 31 3 58
12 31 34 54 26 21
56 31 19 22 49 2
15 36 27 34 57 28
20 46 26 28 56 58
14 60 34 48 45 28
22 28 58 47 32 38
42 7 37 19 24 6
4 31 32 45 44 21
3 44 2 56 20 55
20 1 40 37 6 29
7 4 25 3 26 53
28 20 36 47 21 55
22 42 53 50 59 7
59 15 41 37 10 12
16 60 39 9 12 25
33 11 44 19 32 10
18 16 13 32 59 53
60 28 40 39 48 55
58 22 47 2 14 42
1 3 22 60 16 40
39 20 17 9 33 2
60 29 1 52 24 28
15 9 40 11 27 42
24 17 27 31 29 6
25 49 18 12 4 15
29 51 1 17 31 13
17 31 11 4 59 46
3 45 59 15 37 57
42 48 22 34 18 15
32 45 59 27 28 11
39 18 15 10 8 19
47 12 32 57 5 4
58 15 12 36 31 8
58 27 21 43 19 34
31 51 39 3 48 7
37 20 35 7 12 19
45 39 10 29 43 52
44 19 48 41 31 59
3 55 14 31 26 45
27 10 54 2 57 39
34 33 23 43 12 50
25 18 39 55 60 43
35 59 39 49 5 20
24 34 8 35 21 38
40 47 60 30 27 35
11 4 15 51 18 44
51 18 17 15 22 42
50 31 45 27 54 20
12 60 24 57 15 2
7 14 40 46 29 4
57 32 22 17 18 28
46 31 16 18 58 37
43 41 7 36 30 38
8 42 36 56 7 2
51 22 31 28 19 26
24 1 34 21 41 29
51 34 46 39 50 35
32 14 52 56 57 17
52 31 53 18 30 3
51 34 9 11 52 33
26 32 9 34 13 24
48 9 58 17 54 22
23 19 27 35 5 50
18 5 21 14 12 29
35 51 34 39 52 53
5 3 28 8 22 15
56 46 17 18 5 60
10 43 40 52 28 46
7 12 22 18 11 44
4 47 48 5 31 15
16 43 8 15 32 3
29 1 34 7 24 15
32 7 17 52 42 29
36 41 57 55 39 32
36 23 3 49 38 43
8 46 44 52 5 59
54 58 27 47 26 33
9 59 37 46 13 15
20 34 24 37 22 38
46 18 20 29 31 55
48 1 2 36 59 5
32 10 42 22 58 2
4 7 55 34 30 59
46 56 17 8 33 3
14 45 2 31 27 16
31 43 20 59 6 57
33 26 60 51 25 16
49 44 22 53 38 55
4 10 60 59 2 53
43 21 32 35 36 14
4 30 58 18 53 26
26 17 23 42 25 22
32 52 29 14 10 24
4 29 37 16 48 35
39 33 54 31 13 22
32 18 38 6 60 31
3 34 30 9 23 56
11 49 48 46 59 22
46 32 41 53 10 39
47 59 16 44 13 52
51 1 31 41 60 4
17 13 28 57 5 36
2 10 28 6 48 19
39 36 9 34 14 43
16 20 36 8 39 33
5 28 58 4 60 44
54 20 38 30 15 21
7 21 48 33 52 42
30 19 24 54 7 49
1 12 3 59 27 52
41 55 23 40 45 39
38 4 52 26 55 32
51 35 54 19 7 46
30 33 60 6 47 9
16 18 41 60 39 26
31 23 58 28 17 13
16 31 54 53 27 59
55 6 49 50 14 57
11 41 28 26 37 39
12 56 34 60 10 17
8 17 32 53 33 50
17 19 25 11 45 16
28 27 55 38 32 4
49 24 41 9 7 27
33 39 21 41 5 13
27 15 43 37 30 22
33 15 34 39 8 18
18 41 32 9 2 26
17 49 37 5 36 35
6 54 37 8 59 46
40 50 30 27 15 21
35 52 37 5 43 48
54 47 14 6 29 50
20 38 1 29 40 18
8 2 24 41 7 43
53 24 13 49 9 1
7 50 35 20 8 43
27 28 25 10 34 16
16 8 31 14 30 19
50 19 41 1 14 33
8 3 36 1 44 48
30 41 56 42 37 39
6 33 56 15 28 14
54 60 8 3 42 10
1 47 26 27 10 11
14 34 43 60 30 56
25 1 50 22 32 47
39 17 57 59 30 35
24 5 29 42 59 31
5 54 41 21 4 18
22 35 49 54 30 41
36 3 34 52 48 37
42 35 8 14 37 59
40 25 44 8 56 11
4 32 21 56 44 31
60 49 46 19 51 33
21 27 23 8 40 5
7 9 40 30 22 43
3 56 7 30 23 5
35 13 39 8 36 52
50 33 17 11 42 8
18 11 59 47 2 60
7 41 8 51 54 15
38 26 48 29 57 13
51 37 46 53 34 15
41 3 29 58 53 48
16 59 40 44 36 1
6 56 18 16 12 19
37 39 32 35 48 44
11 47 34 5 25 21
39 7 19 29 22 53
52 21 36 18 30 8
25 31 13 12 49 59
57 18 27 54 59 34
53 5 36 32 47 44
1 47 21 54 19 4
53 43 48 4 45 44
11 5 13 40 22 8
34 24 52 41 28 18
14 55 38 7 46 33
15 48 31 46 18 12
52 41 24 32 28 16
37 46 24 13 48 40
3 5 20 36 33 39
51 56 35 24 41 29
9 38 55 33 20 26
17 51 33 16 45 31
11 38 41 39 21 20
44 52 7 51 17 48
17 38 7 29 47 16
41 27 20 57 21 8
40 21 37 10 59 1
10 55 16 19 6 58
25 58 54 17 9 33
54 14 12 1 56 38
14 34 19 46 48 42
15 39 44 11 32 2
7 40 27 5 19 26
27 12 26 2 31 50
43 45 56 46 27 38
25 28 39 12 9 56
5 24 30 54 4 37
59 53 50 36 21 45
19 33 10 57 13 25
9 35 54 47 33 29
14 56 25 26 46 27
24 13 27 6 10 23
24 7 12 37 46 6
12 52 50 13 47 25
26 41 38 8 47 39
35 58 48 22 25 13
5 56 8 22 38 4
4 13 10 45 51 29
29 17 4 34 19 49
29 37 12 19 48 49
58 6 44 41 48 8
6 7 34 43 57 52
36 13 37 20 58 31
7 46 9 21 54 52
49 41 7 20 1 47
1 57 31 17 9 51
4 27 45 41 28 52
52 3 24 51 59 53
29 1 22 51 10 28
4 3 55 16 15 45
48 16 1 30 5 49