364
38 19 43 14 26 30
17 43 26 40 25 41
32 58 48 35 51 28
7 11 47 8 24 57
9 3 40 56 5 28
43 32 19 15 30 2
19 56 26 32 33 6
41 59 1 2 54 37
40 15 27 19 32 52
44 23 39 8 12 38
59 40 45 3 57 26
46 42 48 24 25 37
35 37 21 42 28 5
19 40 35 17 43 38
28 27 17 40 20 15
59 27 49 36 54 58
39 26 27 48 41 19
41 1 2 31 58 5
21 16 50 58 37 1
54 5 15 9 10 44
4 37 50 47 17 13
4 54 51 14 58 31
54 60 58 45 21 5
26 21 32 18 45 37
6 41 33 49 39 16
13 21 51 60 34 54
45 60 47 17 54 34
28 29 38 44 56 18
35 30 19 38 13 25
43 38 6 22 34 9
32 41 4 53 34 40
5 1 60 50 12 44
6 19 42 33 43 26
2 11 29 3 13 12
7 55 21 38 18 33
30 4 54 16 48 12
19 31 10 22 50 54
24 14 56 37 31 33
25 31 8 59 33 34
9 44 47 42 17 50
48 52 24 47 40 33
44 30 51 11 36 28
58 57 59 33 17 39
15 17 60 31 1 55
48 28 33 13 43 52
45 5 59 1 22 30
40 25 55 41 29 10
5 52 44 60 9 14
5 35 56 43 25 59
46 14 36 25 34 13
30 48 50 21 58 35
24 46 29 44 25 17
6 2 25 30 32 15
55 37 19 50 22 8
11 27 28 35 57 39
11 35 4 48 21 27
49 11 22 2 7 24
53 42 11 4 30 21
46 19 24 2 31 23
24 33 27 7 18 39
52 20 17 33 59 5
48 18 55 4 8 16
43 8 25 15 32 31
4 32 12 25 28 44
46 19 49 10 39 13
43 20 14 57 39 2
37 21 25 27 14 30
42 59 45 5 29 24
57 33 12 14 4 35
60 28 10 50 54 37
33 55 21 46 58 6
15 5 29 60 43 6
48 24 38 4 8 29
27 47 7 60 36 6
28 27 6 48 60 2
22 39 30 19 1 35
18 31 13 56 41 23
20 9 53 52 58 7
23 56 15 9 6 49
8 39 45 30 34 18
16 59 49 29 18 52
51 6 49 20 13 16
49 27 38 25 5 48
52 50 57 40 31 19
57 2 42 36 11 52
33 24 31 6 19 5
26 58 21 24 49 32
54 31 17 46 10 34
51 7 32 1 24 33
52 56 47 34 17 43
37 7 5 60 1 39
30 18 40 59 13 41
46 9 16 42 29 41
32 60 45 19 30 23
37 28 22 25 55 20
28 17 38 50 3 2
7 15 38 46 27 43
51 43 35 12 9 54
14 54 56 3 42 30
36 1 10 52 39 56
17 25 45 37 21 24
12 36 27 55 32 15
7 17 35 20 34 52
51 24 14 30 21 18
1 27 50 39 7 53
11 58 10 23 39 38
20 48 25 56 38 9
11 55 4 16 21 53
20 8 30 18 36 40
9 51 38 54 23 31
57 51 2 20 17 34
29 59 8 3 55 12
27 57 34 52 25 23
35 26 54 16 9 31
11 47 51 15 27 42
45 53 27 30 58 41
5 3 45 48 6 4
27 50 2 40 30 41
36 42 21 41 59 12
50 32 20 33 28 10
11 52 28 33 4 54
47 33 58 30 34 6
6 17 10 53 55 18
45 58 44 29 53 32
1 3 53 47 36 51
40 13 33 5 60 56
38 13 9 47 44 30
10 55 59 42 18 4
32 59 14 29 4 5
47 5 37 33 52 57
21 30 42 41 14 11
32 33 22 49 19 2
25 31 40 33 14 55
20 49 32 37 8 11
29 27 47 54 9 41
36 38 50 19 12 60
15 49 20 40 12 31
29 32 45 20 43 19
3 2 21 14 56 11
1 31 17 37 2 19
31 5 60 55 38 14
43 56 25 22 55 41
45 4 24 43 3 2
52 14 29 9 31 51
51 33 38 40 7 28
51 45 57 55 41 42
4 51 37 28 27 52
3 57 53 2 47 32
53 55 9 35 16 41
4 45 56 12 22 6
9 14 39 21 1 52
5 35 30 43 26 3
23 39 9 20 28 22
18 58 16 50 19 29
51 44 40 15 45 47
54 51 49 15 57 7
28 46 12 60 11 4
51 36 12 43 33 4
21 38 11 22 52 31
6 42 18 12 21 26
59 56 30 58 22 46
58 2 21 35 26 5
43 39 31 60 25 35
22 32 58 16 1 7
1 48 17 54 37 55
59 38 5 14 50 44
49 3 31 27 38 46
31 7 38 30 24 58
54 12 58 30 60 41
4 54 14 36 58 39
1 32 9 34 19 24
33 34 32 36 37 57
23 25 8 27 47 35
56 14 60 28 42 7
27 50 48 55 6 41
32 47 35 27 59 14
23 4 11 43 56 8
10 45 8 59 27 35
55 16 30 3 25 60
12 25 7 52 21 57
54 44 45 59 22 50
33 60 48 9 53 31
8 50 31 45 13 46
24 17 11 33 20 8
24 15 17 58 40 44
20 58 18 49 37 26
2 30 51 20 14 28
49 15 13 53 51 11
32 49 12 53 50 51
38 11 37 44 6 34
27 10 16 23 44 48
19 26 35 55 15 20
5 10 2 24 8 7
10 26 25 55 9 38
40 5 39 59 25 37
37 43 12 35 24 44
54 5 17 13 38 46
2 28 4 39 47 30
39 5 34 56 58 55
32 22 9 3 7 40
25 46 6 31 3 33
58 5 41 24 22 35
49 40 37 28 11 5
3 51 8 47 18 35
3 14 59 30 31 20
53 28 5 15 36 37
9 4 31 60 20 33
54 56 8 38 58 29
21 27 6 25 60 4
33 51 14 54 46 45
17 18 34 16 1 40
18 39 57 35 44 20
35 36 15 55 42 26
42 44 2 13 16 38
54 59 3 31 58 60
38 28 23 57 7 10
37 31 47 7 42 20
14 52 18 26 25 32
3 43 48 23 15 49
29 20 47 10 38 8
33 11 5 8 42 55
25 46 23 53 54 29
44 30 7 17 35 5
22 25 43 41 8 7
41 58 17 48 38 8
52 17 43 26 57 31
47 13 22 37 48 49
14 55 57 17 5 24
60 46 2 4 7 1
13 45 39 60 5 54
49 21 54 59 2 31
54 22 11 18 43 4
40 39 17 43 5 6
12 30 57 44 39 60
40 50 60 11 26 44
34 41 53 43 31 25
4 9 52 19 10 59
49 51 22 6 33 32
33 18 49 48 32 52
50 36 43 19 16 38
6 21 56 44 2 55
16 44 10 42 26 28
25 48 24 56 50 36
5 10 59 51 33 17
13 7 31 30 29 11
50 60 27 3 33 1
11 46 40 33 20 53
33 53 8 50 59 29
43 10 16 32 44 9
16 6 27 46 48 19
15 8 42 52 28 47
39 19 10 43 24 3
46 23 19 59 26 4
27 23 44 52 56 53
31 50 32 52 25 9
14 13 51 25 12 17
57 50 34 33 26 54
47 42 27 17 36 24
5 56 6 50 31 15
20 25 57 43 19 7
15 42 24 21 47 44
15 45 50 58 56 2
37 55 5 43 40 52
30 24 19 33 58 56
36 43 23 40 49 28
5 38 36 40 44 25
25 39 2 23 21 59
34 4 26 8 15 60
6 34 1 25 43 46
18 46 20 25 21 40
11 59 39 6 14 35
19 35 39 17 58 41
9 56 6 35 12 50
22 11 7 1 26 35
29 13 54 17 10 41
50 38 12 26 30 57
36 30 26 16 37 4
6 55 16 25 40 1
10 13 28 58 50 52
37 23 3 41 12 6
21 57 32 10 25 52
25 12 55 48 37 5
10 41 29 56 28 33
7 30 25 55 43 24
20 47 43 29 3 51
57 42 4 35 3 16
29 45 8 31 3 56
32 42 39 58 37 7
6 32 55 31 49 30
1 19 24 35 52 16
1 37 55 14 54 17
60 50 56 4 41 30
58 1 45 52 11 28
17 40 29 33 28 21
15 8 33 35 3 14
43 40 44 47 32 52
45 54 20 42 19 51
54 12 24 16 21 22
37 35 53 59 28 4
45 29 37 1 47 46
48 23 27 40 60 16
53 37 14 22 57 49
60 34 38 47 2 33
22 52 25 49 42 21
32 51 17 28 27 7
56 24 9 60 22 17
10 44 11 20 46 32
49 18 56 35 43 8
23 55 26 59 2 41
6 30 15 60 37 7
16 55 18 52 30 26
52 26 50 46 18 4
4 55 38 40 39 2
38 17 25 46 48 31
27 60 22 2 36 32
60 53 44 42 18 41
55 43 25 22 53 50
6 56 36 32 16 54
33 40 9 52 14 37
4 40 19 6 17 37
51 30 27 58 35 13
11 55 6 10 19 20
16 12 44 34 14 41
26 52 10 12 4 41
25 24 17 4 13 23
14 18 51 6 16 60
56 40 60 31 33 9
30 50 35 9 6 44
55 12 25 59 43 20
3 44 13 51 53 55
56 59 13 22 50 24
41 18 16 57 43 37
23 26 6 15 32 29
53 24 40 27 31 48
52 43 47 36 32 42
58 10 32 60 30 48
35 38 4 1 44 49
5 25 31 42 23 48
3 26 18 20 16 7
50 35 30 20 32 54
15 22 43 48 6 13
49 41 19 30 55 53
56 4 8 28 37 34
43 39 30 48 14 13
16 12 18 17 2 47
34 32 49 16 41 35
23 39 21 58 30 2
27 55 44 28 54 33
30 29 40 31 11 44
52 60 28 59 43 11
24 56 9 18 35 48
13 56 20 31 49 11
57 2 10 30 45 8
8 60 23 11 12 24
10 31 51 36 55 44
21 7 53 27 36 33
34 26 30 6 53 4
43 29 26 57 50 40
36 28 26 53 14 41
39 45 18 28 59 26
41 54 60 49 21 2
27 23 20 17 28 47
13 22 30 36 9 2
47 12 45 3 32 54
30 42 32 41 3 33