212
16 9 49 37 20 33
12 13 55 52 53 41
3 29 36 53 8 23
39 43 24 54 8 55
47 45 20 9 35 53
42 6 40 35 48 52
17 39 45 24 37 35
20 46 49 17 21 54
56 11 27 38 8 28
6 60 48 31 8 24
49 26 46 37 54 51
13 27 56 7 60 8
4 29 40 1 59 10
59 51 46 7 54 27
50 57 2 47 10 14
38 46 43 58 5 7
28 11 15 19 46 26
52 5 22 14 13 12
25 49 19 17 53 29
31 30 40 34 3 13
35 9 6 4 7 15
17 44 16 4 51 47
36 11 41 44 48 40
45 36 44 60 27 2
47 29 57 16 58 6
14 33 24 36 13 5
56 39 55 51 45 17
20 30 26 22 3 6
42 10 57 3 43 12
9 27 25 56 33 5
49 33 17 23 18 60
21 9 45 1 11 60
46 45 25 5 49 15
10 54 33 39 22 26
59 53 46 30 43 51
12 51 20 25 23 39
26 44 51 53 2 58
5 41 16 38 19 25
45 56 32 9 44 51
49 37 46 43 10 53
45 6 2 46 40 17
21 23 56 39 27 44
33 7 26 20 21 8
58 20 45 50 46 10
38 24 20 59 28 23
38 53 9 7 16 55
5 38 29 9 6 35
18 28 49 5 19 12
43 56 14 2 42 16
46 14 8 35 38 22
18 54 50 8 32 26
18 48 37 47 28 59
58 24 42 11 40 55
2 45 40 59 8 16
11 44 1 27 20 60
18 31 24 6 47 48
34 8 54 5 13 22
32 8 56 34 25 24
9 56 3 11 54 32
39 24 1 36 50 14
16 44 5 28 42 29
45 14 56 10 59 21
34 27 38 43 8 44
41 8 29 22 2 54
58 53 3 2 8 56
4 39 37 51 2 6
53 3 47 8 35 11
1 57 3 60 43 12
37 11 39 60 22 6
11 57 3 41 37 17
27 48 56 9 34 60
19 39 16 28 38 4
9 43 49 8 19 3
43 59 11 39 55 13
58 44 39 12 60 16
43 41 17 42 23 16
60 20 58 49 47 32
43 42 29 1 32 46
5 2 10 39 52 22
38 5 26 2 10 19
2 3 43 9 6 4
3 35 9 53 22 36
45 8 28 14 17 6
57 58 11 46 52 50
45 50 55 20 34 8
37 8 13 59 38 14
31 56 41 40 8 53
56 23 57 1 48 34
4 19 14 22 15 47
6 21 11 53 3 28
15 50 13 49 48 1
51 26 53 29 8 46
2 58 17 6 10 51
56 52 31 2 48 29
41 16 25 42 24 59
2 49 46 1 33 32
31 18 34 60 56 50
56 50 19 8 6 48
37 16 29 24 20 4
7 37 42 6 38 30
24 47 12 38 1 16
35 4 7 27 54 38
59 13 45 1 15 33
29 39 12 6 17 52
30 37 8 49 27 57
36 58 51 7 33 25
53 47 16 58 25 2
5 31 37 7 25 9
18 35 8 29 47 34
51 49 24 32 19 50
7 57 44 2 12 11
8 51 26 24 29 21
32 5 6 46 40 34
14 35 28 11 41 16
29 27 33 12 55 1
57 23 37 10 59 47
47 36 6 29 7 38
39 43 44 31 56 46
22 27 44 50 13 29
54 58 6 7 37 57
54 30 26 56 47 21
26 23 11 17 35 22
19 60 15 56 4 35
43 28 44 20 52 18
59 24 60 8 52 48
13 51 28 60 35 8
54 18 39 6 48 52
4 12 11 59 32 21
43 40 26 31 35 4
30 7 20 32 29 18
14 48 32 41 45 27
9 34 42 58 38 31
50 55 9 38 23 16
39 40 22 12 41 10
4 19 55 36 3 48
48 32 56 60 5 41
34 4 60 5 27 28
31 18 2 45 6 3
26 20 15 23 22 52
48 39 49 20 31 51
59 18 53 56 10 20
50 35 9 47 21 8
15 51 16 38 39 5
50 1 2 34 16 23
46 34 40 25 48 43
4 20 42 22 7 44
47 1 7 36 38 27
26 5 51 45 3 6
53 51 17 48 30 52
55 3 17 40 27 22
26 4 21 53 11 43
25 5 41 56 36 23
48 60 24 39 54 5
12 16 23 43 22 1
8 52 60 23 5 41
56 30 57 22 58 7
60 8 7 14 41 57
17 56 9 41 26 49
45 19 28 4 38 5
34 8 2 40 9 11
31 17 23 49 38 35
55 17 25 57 43 28
45 41 18 49 36 7
12 45 30 15 3 44
12 14 38 32 50 36
56 46 37 49 5 15
7 22 3 42 51 2
35 7 48 14 58 34
5 60 37 20 6 8
5 2 20 55 29 30
44 48 36 9 4 19
35 53 29 51 46 58
16 8 49 44 21 3
15 59 1 13 29 44
32 50 23 40 58 10
60 23 25 19 12 24
56 49 7 16 52 21
40 11 45 53 43 7
55 33 56 15 48 54
39 53 31 50 48 28
15 42 43 46 49 45
50 47 23 18 55 28
3 28 53 6 50 15
13 53 56 37 38 41
5 25 18 29 34 10
41 2 26 54 10 39
7 57 23 42 54 45
41 9 15 52 13 6
25 53 54 47 20 58
44 33 20 53 13 52
29 21 43 28 17 38
1 29 11 2 21 14
6 60 56 44 45 52
15 39 50 22 43 1
45 30 27 48 60 14
4 56 60 18 1 11
38 60 32 18 42 10
29 58 15 40 9 21
39 25 49 50 4 23
27 43 14 60 36 6
44 2 18 13 34 12
13 44 26 39 24 47
20 39 12 34 33 29
27 57 37 31 44 32
16 12 19 60 5 45
31 39 8 35 21 17
23 55 53 6 33 39
35 44 38 10 30 9
25 14 60 38 3 57
19 15 53 41 55 16
20 42 17 7 24 37
9 5 28 34 17 3
24 34 18 3 8 30