123
55 19 31 60 13 56
52 11 27 54 32 15
4 50 25 30 24 38
50 52 49 30 59 5
14 23 35 2 25 48
58 31 52 35 26 45
4 55 22 26 41 56
10 12 48 30 27 28
31 18 60 26 49 32
51 26 42 33 24 34
23 51 17 21 9 7
42 43 21 47 2 26
7 24 10 12 48 37
24 15 12 60 18 56
21 30 33 28 6 59
34 52 24 31 25 29
53 2 21 22 15 60
50 41 35 56 10 11
34 25 47 52 21 38
11 31 15 48 14 58
59 35 47 42 19 22
27 1 26 38 10 18
25 20 55 1 42 58
2 57 50 27 8 60
26 44 32 11 17 1
20 59 45 21 47 48
10 32 9 30 18 60
16 11 55 8 14 49
6 27 23 34 17 54
29 12 24 19 9 32
5 17 56 25 33 54
17 47 18 33 38 6
47 60 26 24 54 31
1 36 40 23 18 17
9 37 45 40 44 11
41 54 60 5 57 42
32 37 11 36 1 48
39 29 36 28 34 24
51 4 46 36 27 37
52 48 20 19 37 13
23 52 14 1 6 35
43 8 59 38 36 46
9 53 16 3 39 6
30 37 3 22 42 56
59 44 7 40 12 17
31 22 19 30 52 21
32 37 31 60 42 30
44 29 25 58 43 11
38 21 17 33 28 56
19 33 35 50 10 41
7 34 24 46 35 26
37 31 14 56 13 7
36 34 57 44 3 13
35 39 15 4 55 48
30 17 42 58 53 52
18 12 33 55 50 53
39 27 4 15 26 52
48 5 7 22 10 54
24 7 59 48 43 36
39 50 6 45 5 23
17 51 1 41 16 28
43 55 51 27 35 25
6 41 19 9 21 59
41 26 27 33 51 1
10 58 6 20 57 30
46 28 13 8 43 54
23 18 29 2 6 8
10 43 37 26 59 34
47 22 19 18 57 1
57 26 52 8 15 38
22 24 29 5 40 38
53 51 18 47 17 39
57 48 45 21 15 41
31 33 44 43 35 47
56 9 44 60 52 6
52 57 39 43 55 48
41 22 51 1 2 29
44 8 49 32 34 53
27 19 23 40 41 54
37 57 20 13 43 58
54 1 23 28 3 51
17 60 20 10 15 42
36 17 43 47 30 10
30 57 41 17 32 11
34 38 13 59 46 16
35 34 32 11 48 16
23 36 56 15 47 49
1 60 32 45 21 3
38 37 21 42 57 8
21 27 15 16 44 6
15 23 28 13 22 11
17 51 4 48 59 36
54 17 18 2 15 1
26 32 30 28 37 59
35 42 52 1 56 8
43 4 34 12 26 14
19 27 16 2 56 50
32 13 54 9 10 11
12 10 17 36 48 38
19 20 14 47 60 31
49 37 19 34 9 6
29 17 37 50 27 32
37 57 36 27 13 34
33 32 42 52 5 60
25 46 55 59 6 27
33 52 25 8 37 34
6 54 44 16 36 26
14 58 3 43 21 30
49 3 26 59 9 46
17 2 8 22 44 11
30 27 12 31 19 15
17 38 59 42 12 41
44 13 53 38 59 50
52 45 26 31 48 42
30 29 45 13 40 11
50 22 32 51 35 5
11 30 58 23 3 51
13 7 5 35 31 23
60 18 7 36 3 21
35 34 59 54 14 4
39 37 16 22 58 21
3 53 4 47 54 43
49 21 6 46 53 25
58 16 23 10 21 28