129
20 49 5 29 58 8
41 42 45 37 28 1
41 53 42 46 29 8
37 29 23 24 8 1
50 9 21 34 18 45
53 55 14 29 46 2
9 34 40 1 58 22
48 59 60 49 4 30
17 5 35 59 9 30
14 26 3 52 30 51
41 13 3 16 58 42
52 34 46 50 38 37
15 45 11 18 54 58
23 50 58 10 41 56
44 56 4 51 27 13
30 46 56 17 37 9
48 17 5 8 33 38
1 24 27 40 46 6
20 35 34 52 6 11
29 18 6 11 43 24
15 30 46 37 16 59
34 36 37 30 13 50
35 20 31 44 28 13
29 12 34 17 24 42
26 34 23 33 2 49
11 51 24 28 44 12
2 58 46 27 35 56
18 33 19 51 24 9
49 31 34 20 58 44
16 47 48 57 60 42
1 37 28 10 5 56
29 49 27 31 14 44
28 10 12 53 52 4
50 55 40 5 48 3
56 18 38 23 36 8
16 12 53 31 27 57
52 29 8 26 35 2
46 58 49 20 30 48
7 21 51 8 12 10
41 35 3 4 36 13
22 54 9 33 41 50
34 51 17 11 12 23
45 23 20 11 49 43
54 9 41 3 42 11
29 22 12 32 46 2
34 9 52 30 13 54
24 45 3 35 51 21
36 40 30 47 52 35
58 23 56 11 39 49
27 28 60 34 48 14
45 4 33 49 30 36
23 34 3 20 52 28
22 28 11 38 60 23
53 23 57 5 22 31
52 22 58 23 41 55
39 10 27 44 53 49
45 21 52 51 25 10
3 7 57 37 56 35
18 10 44 14 6 34
23 46 54 58 3 43
15 44 19 32 56 11
13 39 29 49 25 26
53 47 42 43 14 57
28 22 32 45 21 11
33 56 3 6 55 49
23 29 13 10 46 24
15 58 17 22 12 44
29 52 7 13 36 15
31 25 58 39 53 9
3 33 19 57 29 49
56 20 47 55 59 24
35 34 32 8 38 57
3 60 10 9 46 53
54 59 18 9 30 47
31 4 14 6 20 32
9 35 41 47 60 57
59 12 6 26 24 21
37 26 29 47 15 57
4 37 59 17 6 31
4 24 8 59 36 41
1 38 27 59 53 22
36 1 7 38 3 56
33 1 37 10 45 21
59 5 10 44 9 49
5 37 52 53 36 20
48 56 14 27 29 2
28 55 15 54 46 51
26 15 14 32 27 1
60 15 28 54 4 52
19 35 52 22 20 7
46 38 37 17 52 59
21 19 6 29 36 26
17 42 54 36 22 60
25 49 23 59 6 24
60 15 12 43 34 29
33 37 4 49 43 57
59 52 53 39 4 49
32 39 15 37 24 26
4 25 15 46 45 9
24 41 16 18 9 29
51 36 22 23 58 30
48 23 11 28 42 60
27 21 26 7 4 1
32 48 1 40 33 28
36 40 3 44 24 28
42 16 45 25 32 40
60 23 2 35 44 27
31 15 57 26 25 4
2 6 43 56 55 26
31 17 51 15 26 52
38 16 21 42 4 51
58 41 53 38 37 43
57 46 30 25 22 12
49 50 39 56 16 15
44 49 53 45 10 60
49 39 21 40 51 4
5 41 3 36 53 55
34 7 35 5 32 57
18 27 39 48 45 24
43 23 5 6 12 53
44 10 52 33 59 3
55 24 33 51 36 27
20 4 10 26 27 39
49 31 17 21 48 16
57 9 35 59 33 18
2 36 27 18 53 47
57 34 42 60 36 4
7 57 38 2 24 17
21 39 15 6 13 37
25 7 17 5 50 48