386
15 33 44 23 14 49
29 50 46 23 10 41
36 14 57 58 3 5
8 36 43 24 60 27
29 13 26 36 33 48
15 4 14 31 1 19
24 5 8 20 3 35
48 55 21 3 24 57
21 22 4 31 43 51
5 27 32 19 16 55
45 14 60 59 51 12
54 23 57 6 58 40
57 54 48 40 38 12
3 34 42 50 54 38
45 56 1 30 10 44
19 21 49 52 16 27
19 43 21 30 8 36
16 32 7 18 49 51
24 40 18 45 55 22
46 40 59 25 41 3
2 10 49 31 42 46
15 10 56 60 28 38
42 22 29 2 36 9
28 11 55 2 49 40
54 18 32 40 14 15
15 44 55 35 49 11
59 39 48 54 23 13
53 50 59 4 13 7
28 44 14 36 26 2
39 9 42 59 18 47
42 12 58 6 28 26
54 20 7 26 53 51
44 41 30 21 15 53
11 54 39 23 38 18
7 41 20 60 10 43
46 36 27 47 8 12
27 55 35 30 16 5
26 5 6 57 45 47
45 25 15 49 42 6
29 14 16 22 56 32
46 8 14 18 52 45
58 50 53 39 17 24
22 51 50 6 53 43
60 29 38 42 55 52
25 36 53 2 4 59
60 18 21 56 14 49
54 47 36 3 2 17
48 18 28 24 34 55
5 20 28 37 25 44
22 17 49 44 31 28
28 41 23 31 11 27
7 5 49 21 27 19
55 14 37 3 6 20
20 30 15 23 59 12
22 54 11 15 14 2
23 36 3 25 20 17
39 40 43 60 25 51
4 6 60 57 36 18
20 33 23 51 39 17
51 47 55 49 15 60
43 40 4 25 32 33
2 4 41 21 32 27
1 15 24 53 58 38
25 2 30 36 4 49
51 49 29 19 46 18
34 9 12 59 11 2
15 43 18 9 21 56
19 55 57 13 20 7
43 6 2 57 28 1
1 5 56 4 22 8
11 25 34 55 46 41
58 59 35 23 50 31
12 1 41 11 40 34
4 40 57 49 39 18
10 15 31 11 39 8
18 23 7 51 12 49
31 17 39 9 18 37
54 28 4 49 36 43
48 16 6 22 10 24
8 49 37 47 3 23
41 2 6 17 3 60
37 60 27 8 34 38
16 50 36 33 12 34
12 16 23 5 2 20
10 17 5 58 46 25
18 57 15 50 29 39
5 44 27 49 50 16
5 46 9 59 32 19
7 46 34 4 18 28
55 25 23 1 36 46
37 43 22 52 3 11
9 3 7 29 47 27
13 3 20 26 12 7
55 35 14 25 43 46
33 40 31 2 60 21
3 20 58 25 11 60
4 17 44 46 49 19
57 30 50 11 27 14
39 48 42 58 37 28
35 11 22 30 32 13
25 42 19 47 49 12
34 23 31 54 46 10
29 23 25 55 56 27
30 57 28 59 51 3
53 19 3 8 25 26
47 53 57 43 58 45
55 43 4 52 25 18
7 50 36 22 29 5
32 18 8 3 24 41
49 59 30 27 12 16
29 5 38 58 42 45
56 13 37 32 21 16
55 41 57 7 10 48
14 56 55 57 23 47
36 13 49 7 34 38
35 49 16 45 31 36
51 31 60 24 2 46
1 20 35 30 33 21
37 21 30 59 14 9
3 55 49 9 15 38
49 52 6 34 55 21
14 33 3 59 21 8
30 49 33 28 48 36
37 45 2 14 18 19
45 13 58 53 42 22
29 10 24 52 37 38
13 40 41 55 52 20
32 30 3 31 22 12
31 45 54 39 53 8
14 19 36 16 15 59
3 20 37 33 11 16
22 48 46 26 53 18
13 34 12 51 42 31
36 55 33 27 2 14
58 33 1 47 37 35
17 33 24 4 43 8
43 44 27 40 55 52
40 4 22 43 54 20
48 14 21 30 33 42
27 25 20 39 12 13
31 7 36 58 53 59
57 16 32 50 6 49
3 60 29 19 45 55
43 38 49 16 10 24
23 60 55 39 46 19
3 17 7 49 34 13
40 44 11 46 6 31
34 46 14 10 3 26
39 4 21 26 9 42
58 11 1 43 52 50
45 49 52 54 12 31
35 14 11 38 54 48
56 44 12 46 27 5
35 48 43 52 24 49
51 57 39 47 60 27
13 51 25 20 23 27
30 52 45 39 49 58
27 41 43 10 12 8
53 42 51 24 49 20
4 25 18 51 33 6
32 40 18 15 38 24
45 26 25 57 48 23
47 14 29 1 27 48
48 58 55 50 46 17
19 25 29 48 53 13
19 40 14 30 52 59
44 49 2 21 52 33
15 43 36 41 2 13
12 31 20 19 13 16
53 31 15 14 43 37
33 60 25 20 34 50
38 57 43 48 59 5
15 58 59 31 34 55
23 16 55 59 41 60
33 29 38 46 28 23
24 11 29 38 58 1
38 8 31 26 29 5
18 55 27 19 31 15
44 59 12 21 40 5
52 2 40 44 42 34
8 57 54 9 25 58
59 28 1 31 45 56
13 17 57 35 52 2
19 46 60 12 11 27
54 24 9 47 57 1
17 19 37 8 27 34
60 32 39 5 7 36
4 28 51 16 48 1
34 3 14 42 38 40
35 23 44 34 4 37
12 33 52 55 4 6
23 34 30 52 39 60
19 57 18 5 27 29
36 39 3 59 16 53
43 12 50 48 35 37
10 7 8 43 16 19
4 33 27 51 21 50
15 30 1 37 23 9
34 38 49 37 3 27
28 57 53 36 26 39
35 43 3 54 52 25
20 8 59 37 53 47
47 21 55 43 18 33
57 4 36 28 27 22
26 25 27 37 57 45
37 59 28 39 32 42
11 15 8 53 56 29
29 8 45 58 6 19
34 8 48 19 6 3
22 3 33 12 21 49
28 27 23 42 9 19
49 35 46 45 40 50
31 53 11 14 32 29
26 10 53 29 55 41
13 56 36 1 54 28
2 6 39 12 13 16
54 58 49 23 5 29
8 21 9 6 3 35
9 13 5 20 50 37
9 7 12 51 48 59
16 12 59 51 19 31
8 18 36 44 55 21
29 2 20 60 50 13
34 31 23 19 43 35
49 7 18 50 11 16
20 8 41 16 48 11
15 12 33 57 58 42
14 56 30 49 46 60
34 40 1 6 51 56
12 39 5 11 28 14
20 46 58 19 55 52
36 42 19 27 59 40
44 12 7 13 47 22
11 48 1 38 33 15
44 22 42 31 6 20
26 35 58 50 7 42
31 42 34 15 55 5
37 4 42 25 7 23
57 23 27 4 52 15
21 30 51 50 38 19
13 35 57 23 24 9
27 16 10 25 58 22
49 52 1 2 7 40
33 3 19 5 35 10
53 51 60 32 4 21
34 47 3 36 12 11
49 54 51 60 19 18
43 23 39 45 58 51
28 3 14 7 52 11
60 53 16 48 10 2
35 45 29 52 24 2
10 38 57 30 6 39
36 22 44 10 33 45
18 30 2 50 54 11
21 39 20 10 17 43
40 33 5 18 9 17
37 1 19 38 16 60
10 24 32 25 40 11
4 37 2 15 55 10
50 33 18 26 40 8
11 48 27 49 18 16
55 51 10 37 29 16
38 47 53 46 28 49
55 15 4 28 29 39
7 19 44 58 42 2
52 54 60 10 48 1
41 12 22 10 49 32
23 5 3 16 41 21
27 48 3 41 26 18
29 3 51 35 30 57
59 35 11 49 14 60
17 31 30 36 24 18
57 39 6 22 1 10
29 11 41 43 13 25
29 36 16 20 48 50
37 8 1 52 19 56
21 29 47 11 55 58
43 37 45 20 54 16
57 28 40 7 53 16
28 46 42 24 41 54
29 58 32 48 51 52
46 56 13 12 45 35
16 40 29 11 22 39
58 24 41 1 60 29
15 11 2 39 41 45
42 30 2 7 51 25
29 52 30 20 24 28
48 32 11 42 22 1
2 14 17 32 53 44
52 51 28 44 50 55
8 9 21 59 54 13
29 12 5 56 42 36
2 58 21 13 14 59
22 23 21 33 15 48
33 16 48 12 10 54
34 59 51 58 10 32
28 32 50 19 45 52
42 5 37 41 46 29
11 15 49 36 25 7
34 24 16 12 31 57
4 21 51 2 9 25
39 54 10 6 19 38
50 41 5 38 60 37
59 23 49 26 40 31
56 1 18 58 51 14
4 18 26 36 22 19
42 9 6 38 30 52
47 50 22 11 3 30
42 16 37 11 28 48
41 42 50 51 32 38
53 38 34 60 23 9
20 29 4 27 57 51
55 51 54 37 11 58
12 36 45 49 17 27
18 2 41 13 37 53
42 53 13 19 22 1
19 57 38 39 3 49
46 7 31 52 29 15
5 51 27 9 47 6
40 37 6 43 59 14
34 21 28 37 15 26
56 9 13 3 7 45
21 28 14 60 48 2
7 55 33 30 10 14
19 18 49 58 15 6
43 15 36 50 8 23
51 16 41 59 13 18
20 19 43 55 24 31
28 3 51 45 42 1
21 39 32 42 25 50
49 1 50 11 28 3
53 2 40 27 47 6
11 2 28 53 48 17
10 22 12 15 5 33
52 21 38 53 42 8
40 33 58 21 55 42
9 56 3 44 31 26
32 35 13 31 44 20
26 32 13 39 51 46
49 42 39 23 6 51
50 43 46 32 1 6
20 57 48 42 30 12
2 13 59 42 44 46
56 30 20 52 35 55
43 54 14 1 37 59
4 54 11 30 51 1
52 40 20 19 18 47
28 11 54 52 26 37
29 48 59 12 52 1
23 12 36 51 43 59
14 39 50 46 59 7
31 43 16 28 7 40
32 34 31 43 8 47
37 13 43 22 44 40
10 38 14 50 18 25
4 11 36 52 40 60
10 31 7 24 13 52
45 31 19 58 52 44
30 13 57 56 49 11
24 5 20 37 52 46
1 48 35 60 36 54
37 60 56 10 19 31
47 52 22 38 15 31
11 42 37 39 31 1
21 19 40 38 37 49
18 17 9 32 53 15
43 36 19 8 58 56
25 17 9 53 33 36
60 58 54 26 38 10
38 46 36 24 25 10
39 32 53 31 20 38
18 8 53 22 55 31
49 22 6 18 52 28
33 43 47 18 17 40
27 57 26 43 2 20
30 19 17 29 37 43
10 44 11 31 59 50
29 6 34 57 38 21
18 22 39 38 49 51
34 22 59 44 15 43
22 47 44 8 41 24
14 33 40 18 29 13
23 9 53 54 35 4
5 20 49 40 47 16
4 15 35 53 17 57
43 50 7 26 30 38
19 15 14 37 33 6