212
29 60 21 40 56 30
34 17 5 53 9 3
57 24 40 39 33 41
55 2 42 33 7 40
17 14 33 2 7 35
26 28 12 5 18 56
49 34 28 39 42 44
4 20 16 57 43 11
28 44 1 37 16 17
15 50 39 17 18 16
36 40 5 17 54 7
34 55 4 37 18 39
46 39 50 15 24 34
40 60 2 55 14 45
35 50 54 51 28 30
55 58 2 13 16 46
7 19 49 57 50 45
56 29 37 4 53 54
28 56 5 46 47 57
25 56 53 42 2 40
55 36 1 42 9 5
18 53 31 33 16 13
40 1 19 47 2 36
17 20 51 45 54 10
44 50 39 42 40 41
25 15 9 1 26 16
44 31 60 37 27 8
31 37 22 12 54 57
36 21 51 31 3 40
36 31 11 60 17 56
38 22 26 5 43 36
2 13 45 40 56 21
54 23 29 41 12 21
34 37 59 3 38 49
60 34 45 15 28 46
38 17 23 30 45 27
45 46 9 21 4 56
26 54 1 12 15 3
10 1 42 41 38 34
45 33 27 17 4 30
10 51 1 43 2 18
21 6 44 8 43 39
55 25 54 22 6 28
60 40 7 20 13 38
17 31 18 21 15 55
14 7 55 58 57 40
23 1 31 51 12 29
14 34 54 35 1 51
47 46 16 22 35 48
52 30 18 13 40 41
9 26 53 55 51 14
16 25 38 5 41 23
51 37 36 7 9 47
32 10 33 54 4 34
25 11 15 53 49 56
39 58 57 36 53 37
24 50 5 48 26 6
52 25 29 47 36 2
37 30 56 27 58 53
56 58 51 49 2 60
52 5 49 2 34 40
60 14 24 58 30 10
38 54 23 47 45 59
2 4 55 25 36 29
32 50 14 56 43 49
17 36 16 2 18 6
30 3 7 28 29 24
4 57 53 11 54 42
34 50 14 13 31 28
5 45 49 12 26 44
58 15 9 57 12 46
12 35 7 59 29 8
40 45 8 16 19 5
20 9 45 3 1 39
45 57 16 46 24 13
12 44 56 47 17 7
45 47 36 3 35 10
43 27 53 29 14 52
26 2 1 20 30 58
14 40 33 41 35 9
15 56 30 49 10 25
11 12 29 48 37 36
52 47 16 32 54 15
32 10 28 36 24 3
44 10 33 39 36 59
37 49 25 11 5 54
44 27 38 33 49 30
35 24 60 50 8 56
44 58 10 33 59 37
34 36 23 37 53 26
56 12 40 11 15 19
14 46 11 38 9 30
48 27 19 50 9 23
3 24 49 8 9 16
28 5 26 39 7 43
23 31 17 11 38 47
7 16 8 47 17 29
17 44 13 46 22 24
55 39 15 44 57 1
27 8 3 22 57 56
15 43 17 20 36 59
20 39 38 42 60 55
57 14 53 21 36 35
12 24 10 5 50 58
55 31 8 59 25 44
38 32 4 12 30 6
17 13 47 10 32 29
54 21 17 25 3 32
13 20 24 57 8 9
52 54 18 3 55 46
43 47 11 17 36 41
24 37 18 17 3 10
8 33 16 7 37 1
34 12 35 40 26 55
46 28 54 3 42 55
2 43 14 11 20 40
34 4 57 27 8 58
6 52 43 27 48 22
22 4 17 36 48 56
40 43 28 17 9 57
22 57 42 39 6 55
16 8 22 48 18 12
49 33 9 47 53 51
55 22 11 14 8 56
12 20 57 1 22 33
17 20 34 21 14 25
28 47 25 21 3 40
9 23 5 7 59 4
31 2 47 17 52 26
43 45 23 42 28 36
58 4 12 40 56 5
56 3 2 42 50 59
36 49 43 3 42 17
42 30 54 8 59 25
6 12 15 20 37 27
43 56 22 48 21 15
15 23 30 48 13 37
8 12 17 49 10 25
20 15 21 58 16 1
37 39 47 6 31 58
22 29 1 10 60 16
36 49 40 60 47 46
35 19 51 4 12 24
43 21 4 42 19 32
30 37 23 6 34 46
49 39 46 47 17 2
47 36 38 40 10 30
41 11 58 14 46 37
44 48 35 18 59 19
10 26 9 35 38 17
26 48 60 33 29 24
7 3 53 37 48 43
8 39 7 60 12 17
58 33 11 9 45 26
29 8 4 11 13 50
49 17 8 56 41 13
33 6 26 8 11 47
28 4 8 47 22 21
32 31 35 6 25 10
50 56 3 4 49 18
3 46 18 27 37 54
34 54 14 16 39 51
20 23 17 40 54 48
46 28 15 12 1 24
51 45 48 40 17 1
28 15 55 51 54 53
38 11 29 19 45 20
19 28 12 17 51 38
15 23 31 46 1 52
25 31 45 49 59 37
9 40 24 49 41 19
30 31 5 57 43 55
35 39 54 32 36 52
8 5 60 29 16 9
42 12 31 22 4 30
45 6 37 48 29 54
17 24 45 15 4 56
39 48 26 59 2 8
34 3 12 1 37 50
19 46 49 48 4 11
38 29 27 57 44 7
18 44 59 27 13 50
30 41 59 47 12 48
28 57 33 55 5 52
50 7 43 51 48 53
47 40 35 1 30 51
8 46 45 24 25 14
56 11 13 21 48 23
59 58 47 9 10 53
21 5 6 30 26 11
21 20 44 30 57 42
24 49 29 18 30 20
47 27 4 28 37 16
36 49 9 46 7 48
40 33 59 46 55 4
42 55 45 17 2 4
58 45 57 8 4 36
18 48 16 8 4 31
1 32 23 29 38 50
4 18 43 23 40 16
12 46 10 25 22 13
22 53 20 60 33 32
57 58 15 16 20 56
48 29 10 31 27 52
46 52 40 38 60 58
36 33 23 59 11 52
7 36 49 55 23 9
36 8 40 30 26 53
32 44 33 54 50 60
33 27 4 36 42 45
35 28 29 11 14 52
37 51 6 9 5 30
46 28 13 57 49 55