403
46 54 55 9 22 2
29 56 38 11 54 5
20 22 8 45 49 47
55 51 8 58 35 56
32 55 51 23 48 9
35 33 7 14 19 52
54 41 52 40 38 56
28 15 57 11 9 29
5 31 6 59 18 14
35 56 50 24 12 6
13 15 37 25 22 38
27 58 41 43 21 48
38 50 56 26 41 51
8 6 40 19 28 45
31 11 60 44 45 22
47 52 6 15 40 20
50 26 18 22 16 55
13 50 59 2 24 25
34 42 53 15 60 52
51 12 29 32 1 34
13 38 53 22 40 21
26 49 36 60 56 45
14 12 34 58 49 53
56 27 5 47 11 36
59 39 28 26 14 55
21 12 22 48 41 30
25 9 43 52 51 32
32 56 36 51 44 35
5 29 24 4 35 18
17 42 2 49 59 8
30 44 56 28 35 11
3 40 43 52 26 11
18 12 30 25 44 55
59 52 2 49 32 51
21 20 54 57 46 12
53 13 59 46 4 6
54 22 39 48 31 46
19 8 54 48 47 38
56 40 25 42 47 58
12 20 39 32 58 28
45 42 1 46 49 17
14 22 8 2 4 29
27 34 58 35 2 9
29 7 27 46 44 24
19 55 38 37 1 30
53 5 57 27 42 40
40 16 19 31 58 32
19 49 45 15 40 2
56 16 3 40 58 32
35 47 56 31 33 50
42 54 6 47 53 14
57 33 59 41 31 6
4 5 1 21 17 11
41 40 14 36 48 43
59 7 26 1 56 33
26 42 59 37 35 5
42 16 52 49 3 11
36 7 34 23 43 59
33 53 7 28 48 10
46 9 51 60 24 10
48 13 36 60 7 42
24 29 30 27 6 14
19 1 51 30 37 49
53 38 12 17 50 15
7 21 51 32 36 46
25 9 41 60 39 53
19 49 35 48 60 46
26 20 30 15 58 32
14 41 49 57 53 4
9 12 18 20 27 60
18 11 57 49 38 34
47 13 18 55 27 15
59 57 56 17 51 1
54 30 9 25 23 21
37 40 30 35 49 54
3 34 23 57 50 36
50 21 7 15 6 33
43 8 12 9 57 20
48 14 51 49 36 20
5 41 51 55 19 13
20 25 58 51 46 14
58 23 60 2 46 19
21 43 31 44 46 5
44 31 15 56 30 53
28 10 56 12 22 57
57 13 36 20 19 44
45 39 10 7 6 4
14 32 17 18 25 10
55 30 14 16 59 3
4 53 44 56 28 15
56 10 47 7 50 22
3 11 50 1 57 5
15 6 16 29 54 37
40 37 54 27 35 39
47 18 43 14 48 1
49 57 27 8 36 34
30 50 21 51 45 34
24 15 38 12 26 11
40 15 8 51 55 2
25 16 53 15 28 55
19 44 35 21 27 55
39 19 25 16 9 56
20 31 33 34 50 42
33 50 4 47 59 51
10 42 56 40 23 45
30 15 16 9 12 29
18 30 56 8 24 42
18 44 28 55 13 53
35 26 55 25 23 15
1 41 40 17 2 11
9 34 59 56 36 15
7 9 30 50 29 13
18 52 16 30 27 5
53 49 3 29 44 28
4 41 56 52 16 23
35 51 43 3 47 4
10 34 44 23 40 53
25 44 18 57 15 45
58 13 48 52 26 16
1 43 55 5 59 56
5 17 23 18 47 60
9 24 32 16 10 37
11 41 21 4 7 48
50 2 56 51 54 30
13 60 7 44 43 45
36 56 7 6 15 37
52 59 42 41 32 2
51 34 2 4 11 33
31 3 26 60 21 17
48 52 13 14 54 38
9 14 24 26 39 37
46 50 23 28 47 59
46 7 8 50 21 17
13 21 49 25 44 17
4 60 21 14 36 56
13 18 36 46 45 25
15 36 44 31 27 22
11 16 43 32 10 60
54 58 52 4 29 38
29 56 58 45 3 34
9 13 18 57 14 31
11 6 39 30 31 52
12 57 38 9 13 3
51 4 3 47 52 26
33 6 1 53 58 36
45 9 2 18 30 51
43 32 20 49 54 9
32 14 5 59 30 49
14 12 19 45 36 9
26 32 4 16 2 55
35 18 29 42 40 12
31 39 3 37 6 11
16 38 33 13 25 37
34 17 24 30 28 21
53 29 4 6 55 5
59 16 8 57 44 52
4 60 3 47 37 44
5 13 59 41 17 46
39 40 33 25 50 22
57 34 11 35 22 5
25 6 37 53 56 32
9 50 24 40 18 27
41 58 43 6 51 4
43 46 2 59 17 60
19 43 45 1 11 54
16 33 34 44 51 59
9 27 44 30 15 43
8 24 59 57 44 53
29 30 59 2 57 37
21 3 5 11 15 18
39 42 4 26 60 8
22 12 32 17 47 59
53 37 52 27 20 43
23 13 43 29 22 57
28 8 46 6 5 57
17 6 51 53 20 18
26 2 6 30 31 19
14 7 37 31 8 34
9 7 53 44 12 58
3 5 35 45 22 36
16 20 30 49 44 8
40 55 51 60 45 37
47 41 30 34 55 23
43 1 12 29 8 52
46 58 38 3 11 22
36 12 53 11 48 35
51 19 15 37 41 57
4 1 59 15 44 39
9 2 36 33 19 7
51 42 17 31 34 59
55 41 18 28 48 36
36 37 17 14 31 30
44 45 48 34 57 54
14 9 13 37 54 34
57 13 24 41 46 8
6 55 3 41 39 26
33 53 27 9 4 55
40 60 39 49 55 33
29 59 56 16 31 20
26 3 20 37 34 36
9 4 34 32 19 43
39 32 6 34 53 12
11 23 21 52 9 26
1 8 13 23 54 20
51 38 17 8 34 1
51 39 28 2 48 35
7 49 19 28 1 45
30 22 45 12 44 19
44 47 46 43 15 22
23 17 24 16 34 1
15 32 12 51 26 60
18 5 26 54 15 51
19 13 37 56 5 38
58 13 14 2 39 12
15 24 33 50 19 30
2 34 22 52 7 43
17 25 18 19 24 56
2 8 6 51 55 44
1 14 21 28 58 60
35 54 21 23 45 44
31 38 1 5 55 21
53 2 18 15 8 36
53 25 51 60 14 29
3 11 14 7 2 50
2 47 34 16 56 20
35 58 18 6 49 1
1 42 12 53 30 49
43 39 28 60 35 22
45 15 35 54 43 38
9 51 5 53 10 15
21 14 2 34 41 46
10 6 50 23 27 24
19 38 52 55 37 3
34 2 31 20 26 29
2 5 41 34 45 48
32 48 26 16 38 52
26 28 22 38 24 52
55 42 4 41 36 51
26 15 23 9 43 20
10 32 27 28 21 7
36 60 27 40 35 12
17 57 31 48 41 22
36 39 60 12 47 54
35 60 7 38 58 32
23 35 21 46 57 37
49 13 15 32 22 36
51 54 18 43 55 49
7 18 50 13 10 30
37 39 47 19 60 49
1 12 58 35 14 47
26 29 43 17 31 18
16 49 54 51 10 20
35 4 53 34 25 32
52 18 55 36 13 4
8 4 54 52 19 18
40 6 54 21 13 46
49 19 48 45 4 26
45 26 59 27 38 31
12 59 54 41 20 28
20 27 37 29 8 51
22 29 60 51 19 50
2 55 20 59 29 22
49 19 51 7 59 13
1 41 16 31 15 35
6 48 59 19 15 25
53 37 50 18 44 17
17 57 35 11 58 10
24 58 39 3 55 27
35 22 37 46 27 10
17 54 38 25 8 23
28 22 19 54 58 60
37 11 60 43 29 51
22 46 40 28 58 47
56 11 31 48 53 51
13 52 22 59 39 20
34 3 59 13 19 18
5 31 42 54 9 52
12 35 45 7 36 33
10 2 46 5 33 52
19 9 29 52 28 18
47 54 45 57 34 30
5 35 26 1 51 25
31 47 18 12 26 3
12 8 25 19 14 38
9 53 17 31 52 50
8 16 44 18 10 6
54 38 11 2 48 3
32 16 38 15 10 47
17 40 58 13 37 35
20 58 9 26 32 10
31 11 46 22 42 44
58 37 29 13 7 25
57 11 31 45 16 39
32 33 1 51 47 17
28 60 51 24 45 34
46 38 50 23 33 41
35 28 33 3 60 31
21 10 5 18 27 13
36 17 59 13 51 23
4 32 30 60 23 34
1 20 47 9 11 31
50 25 44 49 4 41
6 20 11 55 59 16
18 58 33 41 9 26
2 23 27 60 1 50
15 39 55 20 35 10
18 49 52 59 4 19
20 60 46 55 4 51
45 19 29 53 23 3
36 51 19 60 31 37
29 14 33 58 19 36
54 45 2 25 58 21
31 24 11 38 4 26
29 7 32 42 57 34
8 56 26 59 27 43
27 12 28 32 6 46
28 25 31 3 58 19
40 14 1 23 48 42
8 3 45 33 54 4
58 36 19 1 6 3
31 44 15 7 37 26
32 45 29 23 17 5
30 31 10 37 8 49
32 8 14 42 6 33
42 51 55 39 8 9
6 36 56 27 38 3
46 39 5 29 34 57
58 14 42 38 32 53
50 3 35 6 45 2
38 43 2 11 24 15
2 30 10 12 27 39
26 45 19 50 8 6
25 40 47 49 46 20
45 51 10 29 40 27
56 23 16 5 11 2
58 22 30 45 44 49
19 47 11 46 55 4
19 40 29 15 20 11
14 4 7 48 35 27
17 32 29 37 8 34
39 45 4 28 53 20
5 22 53 49 27 38
32 17 27 51 35 42
27 23 36 49 16 32
5 10 12 52 25 35
26 52 23 42 58 20
48 55 34 57 60 56
1 35 34 53 44 41
33 29 59 12 6 25
45 26 55 13 23 22
5 17 44 32 2 4
31 46 36 53 28 57
39 18 34 26 52 12
48 14 55 10 17 2
48 58 57 30 33 43
8 55 15 18 33 22
36 47 32 46 20 43
33 19 4 56 28 16
25 21 50 28 59 10
17 42 59 4 54 29
34 5 52 57 3 12
27 43 34 49 52 39
32 58 17 4 24 19
27 8 36 19 21 28
15 38 40 8 2 35
12 47 42 15 59 25
13 56 57 9 16 59
32 11 18 59 35 29
25 7 21 49 5 59
19 13 3 10 33 25
34 36 57 53 26 7
57 47 5 4 30 25
22 16 47 3 7 54
34 4 1 15 21 20
2 53 49 46 60 34
23 14 12 5 26 38
52 58 42 16 15 31
52 3 38 40 44 53
36 58 51 52 29 60
25 56 34 15 12 47
52 10 57 24 44 47
46 59 23 54 14 35
58 47 41 20 11 38
55 60 45 23 16 49
33 38 47 35 58 31
37 40 27 28 52 51
5 14 15 35 24 2
35 2 14 9 17 56
20 49 31 56 55 50
20 54 3 32 8 59
47 3 2 60 41 17
14 40 33 52 20 35
52 58 38 15 4 48
33 8 38 52 40 16
38 59 12 28 18 47
46 10 33 13 7 12
10 54 45 43 36 41
36 21 56 44 59 12
2 54 9 53 22 24
41 42 24 21 46 37
34 58 4 57 49 60
60 51 13 54 20 28
58 46 30 42 44 60
19 24 23 13 45 30