227
21 53 43 36 25 28
29 11 22 41 32 43
26 30 47 8 11 19
10 45 28 35 15 2
11 23 54 17 53 24
27 12 40 18 17 44
17 52 21 13 47 59
9 56 39 46 11 28
9 6 8 21 56 3
55 39 29 60 12 17
21 16 48 27 47 36
49 43 29 18 57 23
38 31 42 34 16 9
58 11 57 36 55 46
42 34 30 48 39 43
31 2 54 29 58 51
60 51 39 27 53 54
9 37 24 53 13 60
16 49 13 43 25 15
7 11 28 15 48 37
30 10 11 2 46 53
57 2 25 1 19 9
6 40 39 27 44 19
56 50 54 43 42 8
34 3 35 5 10 39
23 37 5 24 44 42
57 47 55 49 35 40
32 38 40 36 27 22
28 9 11 22 16 49
40 30 24 32 21 2
55 3 9 52 28 24
22 52 12 17 34 30
53 30 25 48 44 17
18 11 49 10 9 6
25 36 7 28 39 52
58 2 44 14 15 4
49 3 14 31 38 53
6 32 11 58 38 55
6 56 37 9 50 36
29 48 20 56 8 16
58 51 24 9 60 47
17 1 35 52 18 60
50 11 45 19 16 14
51 34 58 18 45 28
16 21 39 38 30 51
45 26 56 3 47 13
29 14 17 47 34 20
12 29 10 14 57 18
31 38 33 14 5 54
13 28 6 16 26 2
41 18 40 35 28 32
25 29 9 11 24 55
17 30 56 28 8 3
40 4 30 57 27 55
52 18 35 37 22 13
24 10 22 15 44 29
10 60 8 17 9 13
35 29 19 41 24 11
36 21 48 24 49 55
56 60 35 34 42 44
10 49 34 26 48 20
7 48 20 59 14 21
6 13 33 28 52 40
2 60 11 17 13 35
27 6 46 47 39 33
17 32 5 35 39 43
40 24 48 57 11 6
38 12 4 53 20 18
49 8 20 55 7 1
35 55 47 40 1 58
4 55 42 30 14 25
53 29 31 16 42 11
41 49 14 32 12 43
32 16 40 56 3 34
51 1 58 10 27 16
24 11 60 7 16 57
19 59 60 54 55 17
4 8 59 18 7 42
11 54 26 57 10 17
36 35 24 9 58 20
29 38 28 55 43 12
50 59 17 3 19 2
26 57 46 37 30 8
25 14 45 18 41 1
50 32 34 47 37 39
5 14 4 40 32 51
42 40 52 39 20 5
51 33 7 30 43 8
32 41 12 14 60 53
17 60 14 31 6 47
23 35 3 7 33 19
10 45 24 29 54 49
46 22 36 29 8 40
51 21 40 57 9 42
41 45 1 21 17 4
34 12 4 54 18 44
24 54 41 8 51 32
37 12 14 38 22 6
20 28 46 4 52 57
60 44 56 53 54 18
11 7 52 4 35 29
28 18 10 24 46 12
50 38 1 30 22 7
3 13 2 57 35 44
14 2 7 41 44 1
20 24 56 9 23 43
33 60 35 3 36 53
21 56 58 54 7 47
8 31 56 6 12 22
45 52 31 47 2 4
18 17 58 3 42 46
8 49 60 27 33 5
44 45 54 43 55 57
41 21 14 49 2 36
20 60 18 8 49 40
57 8 51 34 19 53
29 42 18 46 10 27
39 17 45 28 12 46
15 20 42 50 30 31
21 17 59 34 52 30
4 26 43 2 60 9
16 37 50 30 39 10
7 12 59 6 16 26
36 38 24 46 53 27
1 35 36 22 51 52
60 51 25 56 40 3
3 32 2 10 30 55
25 60 32 18 34 43
10 40 57 23 13 4
34 39 12 14 41 6
51 58 22 52 36 14
38 37 45 33 11 35
23 43 60 31 48 11
46 39 19 49 14 56
59 13 60 11 17 48
29 28 39 26 25 22
37 58 59 34 28 40
10 60 15 16 41 42
54 17 25 34 15 11
40 13 9 1 23 50
16 10 5 25 47 52
26 43 52 23 28 14
53 24 55 56 47 10
26 23 10 42 46 4
46 35 50 26 40 41
40 14 2 59 45 19
38 25 6 31 4 60
21 35 54 36 20 8
42 57 38 5 56 16
18 44 8 43 31 23
37 30 28 5 16 57
34 58 44 47 11 13
10 14 53 52 26 5
39 43 33 6 26 46
7 2 60 35 45 40
41 48 20 4 49 59
58 43 33 14 53 10
31 3 1 23 2 30
26 58 51 53 40 57
35 24 47 4 15 29
11 33 7 32 25 27
60 19 23 2 39 29
51 30 31 7 57 19
10 30 12 24 18 32
25 20 9 54 41 50
2 10 23 25 15 13
13 36 45 51 11 47
26 44 30 58 20 45
50 18 22 60 16 30
56 14 59 51 24 11
52 42 26 6 37 33
18 30 6 22 25 8
10 52 12 37 43 28
45 13 24 18 49 48
44 7 27 38 34 35
56 5 28 42 23 24
33 50 24 2 3 18
1 23 14 4 2 57
32 23 28 43 1 17
19 5 41 44 29 12
1 18 60 8 23 9
26 38 20 43 36 37
16 27 41 48 13 30
31 42 24 1 33 35
46 31 36 14 35 10
28 50 54 35 47 34
43 2 13 29 23 33
17 28 37 58 14 25
48 52 22 9 18 27
50 14 9 46 57 2
22 13 33 43 32 36
40 17 29 50 32 4
54 28 14 30 27 18
59 54 31 10 53 6
39 20 18 47 56 34
38 22 48 27 17 51
33 24 57 1 47 26
11 46 33 29 25 39
8 52 15 21 19 27
22 27 58 34 16 56
18 32 38 31 41 20
4 9 19 30 58 48
34 23 15 45 49 28
8 25 45 7 50 10
34 10 58 36 9 16
53 20 31 3 5 52
15 46 41 30 21 17
41 15 33 10 29 5
3 9 1 8 17 24
59 52 39 2 41 57
25 48 36 14 39 59
4 32 35 59 33 24
18 19 16 47 8 39
55 20 30 33 45 21
54 14 32 41 29 30
10 34 51 18 55 47
8 5 11 6 1 40
39 46 57 13 42 21
15 36 6 18 42 20
20 13 58 22 39 25
9 1 13 33 23 43
39 57 35 49 21 33
25 21 16 18 14 49
41 8 25 42 17 46
3 10 44 38 7 23
32 6 10 1 45 5
7 24 27 2 46 3
5 25 15 45 27 47