292
22 28 55 24 26 15
14 37 12 39 24 30
53 40 47 55 58 25
20 52 50 44 56 30
25 33 29 37 42 44
10 57 20 44 24 15
9 26 38 17 5 54
55 38 4 18 21 3
41 38 2 29 49 59
11 27 44 15 38 10
13 3 21 39 50 28
15 4 25 26 23 39
59 33 21 13 26 29
42 59 22 1 38 48
31 8 26 12 4 55
10 51 60 6 27 23
40 20 56 35 9 38
10 52 39 27 55 58
32 3 33 20 47 6
16 56 19 26 46 28
54 9 18 7 25 23
59 5 47 7 46 4
21 13 8 5 11 38
18 17 45 3 9 25
29 15 60 33 23 51
28 29 21 22 49 40
53 19 22 1 25 42
16 46 50 60 13 39
60 3 23 22 12 8
58 14 48 30 22 7
5 50 7 54 57 33
28 54 14 46 48 7
14 16 50 58 57 2
3 56 8 54 39 6
1 23 36 21 54 58
13 24 46 42 18 49
18 17 3 24 7 46
24 27 48 8 20 41
28 35 16 12 46 34
2 57 59 3 32 1
7 43 42 8 20 12
20 58 16 21 29 32
8 42 23 45 50 29
57 16 22 15 11 44
45 48 18 2 28 39
28 4 54 53 30 44
16 19 50 51 52 4
45 52 48 49 17 33
47 36 35 13 3 33
25 44 24 37 1 8
22 9 16 49 40 7
2 19 12 8 29 38
59 52 60 22 41 29
41 3 46 7 40 6
7 46 17 33 38 30
8 21 46 60 19 12
2 31 7 22 38 59
3 58 37 13 34 31
38 39 16 35 26 2
28 16 47 57 27 10
54 36 2 15 28 58
19 45 39 25 50 2
14 48 6 41 45 4
27 23 4 16 18 55
51 54 35 23 37 28
16 48 55 35 37 13
35 14 23 47 45 44
53 42 59 51 50 37
23 12 33 5 28 60
11 41 43 12 20 6
18 52 20 28 16 1
7 5 49 56 11 26
10 14 9 18 33 52
45 56 31 13 34 27
35 58 31 44 46 43
22 7 41 24 25 31
3 41 8 59 25 27
41 43 21 48 39 45
37 20 33 9 24 53
43 3 59 21 9 45
46 24 5 32 12 10
48 21 10 42 24 13
54 43 23 48 13 25
58 28 48 2 21 22
57 46 33 43 13 35
20 26 56 10 29 13
5 23 60 20 33 18
20 25 3 49 57 22
8 47 11 58 6 43
43 3 2 38 19 23
22 4 14 43 53 20
33 43 12 26 2 3
13 15 24 59 14 42
21 37 31 8 46 25
38 60 18 35 33 32
23 54 51 10 13 35
53 3 22 41 25 57
30 59 12 54 15 36
57 47 16 5 26 14
38 23 18 27 50 16
9 13 59 22 43 24
57 22 10 49 29 48
15 27 16 12 36 24
10 50 23 31 4 29
46 25 18 52 16 34
55 53 18 1 38 43
25 30 24 28 50 40
13 47 36 46 12 15
11 14 26 4 44 6
59 53 41 16 3 55
45 13 8 7 32 22
55 47 46 56 40 3
31 60 38 8 27 2
16 60 51 43 50 27
57 23 59 47 34 25
4 12 30 49 55 29
40 6 5 13 41 31
11 39 20 55 8 50
5 59 7 6 37 50
46 4 5 58 26 23
10 54 41 1 43 13
30 1 33 45 35 13
38 25 57 44 40 10
33 10 27 13 51 3
29 48 18 15 21 57
10 16 7 55 59 20
54 36 41 42 8 49
14 43 39 13 60 45
16 7 9 37 12 56
39 5 6 36 18 1
54 28 21 19 12 41
1 56 32 20 34 13
21 44 41 46 45 6
52 43 17 3 7 39
19 38 46 42 25 4
4 48 47 35 24 2
8 54 42 51 2 31
28 32 31 57 50 26
21 1 25 30 23 49
6 21 28 13 26 43
36 55 46 37 3 38
24 40 32 25 18 31
28 48 2 27 57 26
53 9 45 21 51 13
28 48 31 42 35 11
35 12 30 32 37 6
52 2 41 43 36 18
37 45 39 60 57 9
40 12 8 4 1 45
5 2 8 48 19 39
1 42 29 22 43 60
51 17 31 21 55 10
6 51 15 32 27 60
17 4 25 36 14 59
20 42 10 9 35 56
19 16 43 51 42 34
46 9 2 43 5 38
12 40 28 35 33 47
16 39 33 38 17 28
23 47 22 20 39 49
40 37 16 19 39 31
24 45 58 23 42 32
27 47 44 9 4 42
19 21 51 23 47 54
41 49 56 2 31 18
7 32 18 15 3 29
3 13 58 34 20 1
51 45 10 43 2 38
54 9 19 34 29 18
2 40 60 23 25 26
45 60 5 46 43 27
45 7 5 50 32 21
1 34 7 42 46 45
58 42 60 47 27 13
14 25 27 57 33 60
1 40 30 17 36 56
23 52 5 2 42 59
35 44 36 50 32 54
14 51 27 17 10 37
3 2 31 50 15 24
49 22 20 33 59 40
16 25 37 18 47 7
36 15 29 10 5 21
1 49 38 5 50 60
23 20 12 36 2 9
13 57 55 44 25 28
50 55 40 45 23 10
59 35 21 32 40 55
1 15 60 43 26 45
34 58 57 40 33 52
14 45 56 24 53 26
50 43 48 30 17 2
17 8 9 20 33 47
50 57 33 31 14 58
26 38 16 36 27 56
18 1 27 35 41 45
7 20 27 41 33 36
54 4 52 39 12 53
29 16 21 37 13 60
33 35 38 9 22 19
18 13 56 36 3 42
7 11 14 2 49 15
9 47 54 6 55 22
58 18 30 16 36 46
25 47 11 27 3 49
44 41 53 52 30 19
19 60 38 45 8 9
7 33 10 53 27 23
39 52 25 17 12 16
23 12 13 14 57 56
15 18 3 52 58 21
36 32 54 24 8 22
23 7 34 20 37 39
3 43 55 28 50 18
42 44 49 16 29 33
46 23 47 59 2 42
50 30 60 5 1 33
5 28 8 4 13 1
26 43 23 46 3 59
25 2 17 49 24 56
56 43 6 1 17 8
56 49 10 4 31 44
3 47 51 12 5 50
55 37 27 25 31 38
24 57 31 11 6 56
24 28 12 9 30 40
24 57 29 54 30 22
8 26 28 58 45 36
54 32 22 48 26 59
37 48 19 20 12 21
47 18 24 19 44 59
29 20 36 16 26 24
23 36 26 24 2 51
45 15 7 49 28 46
31 2 58 57 36 39
17 33 13 36 18 48
17 12 21 47 8 11
30 33 56 7 12 34
8 4 18 31 39 24
43 54 3 40 10 6
12 22 36 43 34 18
30 45 51 4 17 9
7 33 6 42 25 3
3 1 2 10 11 19
35 47 16 32 57 8
46 50 17 38 58 16
47 58 41 59 13 4
1 27 50 23 6 58
17 52 26 50 51 35
53 59 36 56 26 39
58 20 11 40 4 6
26 41 20 56 29 58
17 1 49 57 53 60
54 5 27 34 46 41
11 43 5 30 52 26
39 37 52 40 54 58
59 27 4 20 32 11
2 53 24 41 38 6
6 29 47 3 39 19
32 38 45 9 55 1
46 43 57 17 41 4
32 57 54 53 8 18
43 8 47 58 15 54
35 26 59 28 12 4
33 18 37 46 25 59
3 14 1 60 24 19
8 15 22 46 58 59
39 4 18 23 55 50
14 54 35 53 42 30
36 2 38 1 54 28
7 22 30 31 35 57
30 57 9 55 2 56
50 45 57 1 4 13
14 9 4 16 11 15
30 13 39 10 32 50
24 10 30 59 28 37
31 12 4 55 48 58
14 53 13 48 33 18
52 45 56 21 59 17
10 25 19 24 18 39
57 1 38 56 7 42
33 53 25 29 42 26
1 44 30 55 20 29
52 37 18 56 39 12
59 47 7 42 16 37
37 28 6 31 55 32
10 24 48 25 57 40
56 12 60 50 6 8
36 15 46 58 21 11
12 2 17 36 56 37
59 8 45 24 9 10
34 12 43 6 60 28
47 57 18 14 19 9