401
22 57 47 15 36 31
43 41 42 34 45 44
35 57 44 42 5 40
29 12 37 14 51 57
27 5 34 15 14 37
53 42 41 5 54 14
8 11 1 18 38 32
32 25 9 50 7 53
20 1 9 33 28 16
58 38 31 8 1 29
6 60 54 17 9 12
14 46 30 19 20 49
12 24 53 58 18 9
32 23 39 2 50 47
2 46 25 38 29 11
24 3 40 55 16 54
51 49 34 46 27 35
4 19 45 57 43 11
53 9 34 1 45 31
19 5 23 46 25 17
29 16 9 60 7 54
10 3 5 42 31 43
17 35 33 1 5 27
57 56 52 9 44 30
1 27 52 18 24 16
43 20 50 53 45 1
40 41 22 37 50 45
34 51 35 24 2 47
55 31 25 19 22 41
53 39 35 31 48 20
45 60 40 25 3 46
13 2 3 32 15 17
55 39 57 14 17 45
19 28 48 10 60 14
44 51 24 32 55 4
29 11 2 17 30 56
32 53 3 4 34 9
8 37 31 3 1 54
13 15 27 43 41 16
41 21 13 42 58 10
19 31 46 40 13 1
56 38 17 47 35 57
38 2 49 44 32 54
53 32 28 13 48 59
46 44 24 50 21 15
23 17 5 41 55 13
30 34 57 32 53 24
11 8 58 56 9 43
54 7 19 25 22 46
42 39 30 3 28 49
7 53 51 17 48 18
32 7 34 24 23 21
10 3 30 16 2 39
48 55 58 56 53 5
45 18 26 56 47 13
16 60 24 50 46 34
10 4 39 7 46 48
10 48 39 29 46 18
33 51 60 5 15 55
7 23 19 4 35 59
17 35 51 6 7 47
32 7 11 4 17 60
40 6 38 47 54 18
55 39 6 57 47 49
36 29 25 3 40 31
51 47 3 57 37 30
26 39 52 32 31 28
3 30 42 50 17 24
54 14 40 30 47 57
14 37 21 40 53 8
13 3 56 10 21 19
55 18 42 22 46 23
38 37 60 51 59 34
57 14 40 25 27 7
4 42 60 9 52 7
50 5 34 16 55 2
9 53 42 17 29 22
13 33 35 40 45 5
12 19 39 26 52 47
27 26 30 60 24 13
13 50 26 5 38 11
35 17 37 50 34 47
18 21 37 33 14 3
54 40 49 21 35 19
35 29 59 54 8 55
5 55 44 30 39 31
52 32 36 56 20 53
49 32 28 18 57 45
7 8 9 10 55 17
37 22 20 47 60 34
20 42 48 56 45 24
48 5 52 44 39 8
48 4 56 17 19 14
10 56 35 7 18 21
22 34 55 35 52 2
54 59 58 52 20 56
1 12 40 45 16 59
22 24 16 27 6 40
35 41 43 19 12 36
33 21 43 29 26 30
23 37 38 12 28 18
30 48 43 49 11 23
38 36 30 8 50 59
43 32 30 27 42 57
49 15 43 53 33 5
6 22 23 59 55 42
20 18 30 2 17 36
20 34 24 51 21 18
7 53 51 52 28 46
3 24 29 49 52 56
12 33 55 58 7 3
1 54 50 46 32 36
48 60 27 21 34 44
23 36 25 58 40 60
36 11 29 3 13 28
1 18 9 34 45 5
29 45 23 49 33 58
21 46 13 42 25 12
53 14 50 43 28 30
55 18 16 56 13 4
36 19 8 46 29 30
43 11 17 19 29 38
2 37 32 42 28 54
54 6 36 20 52 24
58 57 10 37 48 13
11 1 56 52 37 51
37 48 34 36 60 10
58 44 12 18 46 28
58 51 33 35 14 27
19 4 37 8 23 51
30 1 59 9 17 50
17 45 60 11 14 57
9 33 45 47 37 25
54 2 27 49 32 24
26 56 39 57 17 38
59 49 57 33 3 21
48 28 16 10 7 5
21 3 15 39 57 44
6 45 1 35 3 31
39 54 30 28 24 3
10 30 53 31 5 23
20 4 45 17 60 51
59 15 51 10 32 11
48 34 29 19 57 6
24 41 25 54 3 33
58 5 55 33 7 2
12 29 13 40 39 42
9 24 60 1 13 34
55 54 12 21 35 53
1 16 34 58 21 22
59 14 34 29 38 56
46 40 53 1 37 2
14 25 33 39 35 6
20 54 5 56 10 16
5 3 8 54 19 16
54 9 3 47 58 25
41 21 55 4 14 7
60 35 26 2 51 13
26 8 54 59 33 52
7 41 30 29 26 59
52 46 55 42 4 27
16 48 39 34 51 9
59 38 44 19 40 34
54 18 32 1 6 44
34 44 28 43 14 16
25 24 4 49 11 58
20 52 18 55 6 29
49 21 48 20 13 34
52 16 13 15 47 43
56 50 22 33 11 7
10 17 25 51 19 47
19 20 28 48 25 41
52 2 16 50 53 26
19 5 3 16 37 34
51 25 22 36 31 46
44 3 27 55 36 2
47 37 60 10 55 48
17 47 7 27 4 20
46 55 33 31 17 29
42 14 12 32 52 48
44 37 52 19 22 11
7 6 38 37 33 11
20 26 27 54 31 43
54 32 48 45 26 4
19 26 46 11 4 23
32 56 27 50 47 54
54 9 8 26 28 4
22 40 10 27 7 17
44 32 52 14 6 54
47 32 33 31 50 38
46 16 35 24 32 49
22 12 40 28 50 23
25 42 11 8 60 56
40 32 44 9 34 26
2 3 55 60 19 7
59 43 32 42 50 55
60 46 3 47 54 43
43 33 10 5 42 20
24 49 41 26 2 9
43 5 40 37 59 60
11 30 18 42 15 48
22 39 19 49 41 47
37 46 20 12 48 2
12 6 59 21 45 9
51 45 12 49 60 14
14 55 5 18 3 17
34 38 37 42 13 6
33 39 8 2 25 4
19 36 15 52 22 33
6 30 12 3 18 49
26 16 35 59 28 32
29 49 52 21 25 38
50 2 46 33 37 41
33 50 49 21 30 12
8 23 49 2 22 60
48 52 23 56 59 17
57 34 40 38 22 33
44 36 8 7 51 15
30 33 55 34 14 45
48 54 21 15 29 31
51 3 42 5 20 55
37 2 26 45 40 33
7 58 51 53 56 35
5 27 50 22 29 21
35 17 39 26 3 11
11 6 47 56 24 48
3 44 16 27 52 40
50 11 33 21 48 31
30 8 22 23 38 60
17 46 15 50 5 57
18 2 34 42 15 26
35 23 29 25 26 47
19 20 18 54 34 36
43 38 25 22 14 1
58 12 36 35 46 15
42 43 21 47 15 59
26 6 17 43 52 30
28 7 1 35 33 59
18 35 41 49 47 53
3 60 43 54 28 29
38 14 35 26 36 44
3 4 28 37 35 10
48 40 2 34 8 53
32 27 3 13 21 34
52 42 20 36 28 38
38 14 6 58 29 47
29 11 39 53 30 56
58 19 20 33 4 24
47 19 8 3 50 5
54 17 40 28 31 4
12 54 22 24 16 55
11 54 36 33 45 56
6 59 4 29 34 18
43 56 39 26 5 19
47 30 2 17 32 23
18 22 1 29 6 24
25 56 16 15 46 14
50 54 5 59 18 42
18 33 40 56 46 1
35 36 43 54 30 39
16 54 31 36 38 13
33 14 53 2 22 20
47 35 46 37 10 6
52 60 39 34 59 19
15 31 51 7 25 41
15 60 47 14 11 41
40 34 8 44 23 52
54 47 45 32 16 30
25 31 7 22 30 59
33 30 14 5 3 8
13 58 17 2 38 19
22 42 34 13 14 54
2 13 37 4 24 42
35 56 39 21 13 58
36 46 1 27 43 3
5 33 1 25 20 35
6 35 16 32 14 4
58 29 13 38 54 25
8 14 52 46 57 11
18 59 15 3 17 53
32 47 46 55 56 41
48 60 19 2 10 14
60 51 40 53 21 22
59 40 16 17 47 11
13 8 28 31 17 25
28 13 36 24 6 46
33 28 21 6 31 17
36 12 32 6 51 59
31 56 33 47 44 19
7 3 27 28 53 43
15 21 30 44 54 11
8 41 36 56 27 45
43 7 31 26 41 51
49 24 25 34 47 19
17 20 26 48 42 19
59 28 53 17 7 35
27 28 54 57 38 18
22 23 55 39 57 5
53 16 24 21 14 29
30 25 59 3 39 56
5 47 6 20 43 1
2 47 16 27 53 20
30 36 2 37 20 27
35 15 34 51 59 3
50 57 48 41 49 56
34 14 42 46 59 33
15 3 9 37 57 51
15 51 19 60 45 31
1 46 41 20 27 37
1 38 58 6 14 30
54 13 15 20 32 23
27 12 14 8 2 31
22 33 21 15 18 6
36 28 6 8 46 21
50 35 37 20 31 46
32 8 31 13 28 53
24 52 38 30 35 20
28 44 45 36 16 2
17 1 50 52 30 43
55 56 12 8 10 47
25 26 24 3 59 27
7 58 10 24 16 45
23 9 59 16 56 25
50 34 2 20 36 56
45 52 17 39 36 48
47 55 5 49 48 46
30 31 10 51 47 4
30 7 54 1 57 41
31 51 17 19 59 56
32 30 8 19 56 58
40 6 22 14 19 60
32 51 18 53 10 29
48 17 49 13 58 14
29 48 21 41 24 45
41 14 54 23 29 49
40 49 45 43 52 46
26 5 23 14 17 41
32 47 35 20 7 43
20 26 43 21 51 27
30 41 15 11 35 51
27 24 2 51 52 11
7 11 21 9 6 52
41 58 43 38 14 28
4 53 26 28 56 12
1 40 52 12 55 56
56 24 13 35 43 54
58 27 24 5 3 31
42 11 55 5 36 45
52 42 13 34 5 32
15 18 16 21 55 54
7 53 40 3 38 52
35 54 20 16 1 51
31 19 2 11 38 27
3 32 41 9 26 33
25 53 3 37 22 34
30 4 19 46 55 57
31 6 39 58 12 7
45 17 19 33 52 47
28 45 31 48 60 46
18 19 15 55 29 50
31 30 4 14 27 53
49 54 9 12 27 42
38 42 44 22 53 21
55 52 10 17 46 20
36 52 28 3 42 13
40 32 16 28 7 48
50 15 39 36 45 44
43 39 29 4 25 35
27 11 43 44 49 52
37 27 50 47 38 60
26 59 12 33 55 23
18 60 32 42 58 51
38 42 24 23 44 28
48 8 39 1 44 50
59 58 36 5 16 48
15 42 13 1 40 54
23 19 45 56 21 3
35 59 33 38 27 1
44 50 38 12 14 18
25 44 6 36 7 40
11 56 2 12 54 40
45 33 35 11 43 44
59 36 57 48 27 22
32 47 37 6 18 53
49 27 20 53 55 35
30 35 59 1 50 38
36 37 58 54 33 7
14 46 25 27 18 35
30 52 46 15 29 19
22 52 36 33 29 6
17 49 35 23 57 25
60 22 27 9 50 48
12 54 50 16 60 7
46 21 27 55 53 22
49 38 30 26 29 36
38 37 58 33 53 8
39 13 34 47 37 10
29 42 27 48 60 53
10 9 24 38 20 18
51 20 31 48 34 40
3 43 28 4 36 26
9 31 43 33 15 13