423
50 13 47 41 6 29
26 59 18 6 39 11
2 29 8 51 14 32
12 16 43 2 23 31
52 35 56 8 27 59
16 44 42 27 38 21
30 5 45 14 6 59
47 31 44 6 59 45
44 36 6 3 29 11
58 42 22 17 41 30
3 24 27 59 15 17
20 10 19 39 3 28
56 14 1 57 15 11
31 6 39 60 5 24
52 12 56 58 17 25
57 17 28 1 7 56
16 4 48 56 58 22
55 15 37 16 8 31
42 53 27 40 13 23
27 39 52 40 32 5
21 53 18 16 25 13
51 26 12 36 4 30
50 28 30 58 44 11
14 58 45 37 56 54
11 20 37 35 5 4
29 17 34 2 6 59
56 55 9 41 5 42
3 31 38 34 41 30
33 55 24 17 59 32
55 51 7 24 40 50
16 30 29 43 24 7
15 60 20 45 12 3
32 9 53 52 36 20
52 53 4 3 49 16
35 29 54 46 18 10
56 41 44 7 8 9
1 34 29 21 31 58
8 29 36 43 30 38
45 18 33 42 2 4
14 12 54 17 20 51
34 14 10 54 18 52
46 55 27 34 37 2
19 59 46 43 38 9
34 16 32 33 47 56
35 24 42 5 1 60
24 54 50 4 22 9
53 31 42 30 21 43
45 13 10 5 15 16
36 52 41 59 4 6
48 7 29 13 55 14
48 26 47 59 12 10
60 41 12 1 44 54
32 53 12 34 9 2
35 48 20 13 36 19
31 33 35 19 58 2
44 30 32 18 12 60
15 18 31 44 53 4
9 4 38 58 40 20
24 3 15 45 11 49
54 50 17 45 51 6
3 52 1 9 34 41
57 23 11 41 42 21
51 9 6 40 10 27
31 38 27 2 19 39
33 12 22 45 2 20
43 30 55 9 52 59
8 40 20 18 11 56
3 28 32 29 60 50
36 2 5 49 34 6
9 36 55 58 16 40
29 19 41 23 32 24
37 31 29 21 56 39
50 39 11 35 36 20
60 59 24 52 32 20
16 6 55 5 42 24
59 57 10 26 1 41
29 48 49 44 14 36
18 46 8 4 35 31
11 50 49 57 52 46
17 32 9 40 37 60
31 4 45 14 51 9
26 25 12 4 7 43
58 39 55 9 6 31
57 3 8 50 19 31
11 18 45 35 23 15
21 56 44 22 10 17
53 6 29 33 44 16
55 8 49 25 38 58
5 56 11 44 1 15
45 10 44 30 14 23
33 12 22 44 9 7
37 49 10 5 52 7
33 50 31 55 60 49
32 12 20 49 22 10
59 37 41 22 42 39
50 55 52 40 10 47
25 40 2 23 50 24
45 32 57 37 47 54
3 60 8 48 15 54
2 8 21 41 51 55
58 9 3 27 31 30
24 8 34 45 41 29
45 25 1 46 59 19
47 34 8 27 53 24
6 44 23 57 52 10
36 32 43 12 2 9
49 18 9 56 13 22
52 27 48 16 4 42
54 15 3 34 12 55
31 10 56 52 33 13
29 36 37 15 21 47
4 40 9 34 29 38
8 31 17 27 33 25
26 11 1 16 19 2
60 42 46 45 34 37
54 44 35 53 30 27
20 39 54 47 17 7
33 20 7 5 26 54
28 52 40 15 54 38
5 29 32 9 50 35
57 17 5 6 49 24
8 28 30 31 40 57
27 46 42 36 19 21
32 15 36 22 33 46
56 31 34 29 53 40
17 46 35 7 31 59
36 33 23 52 13 27
37 49 60 10 45 28
43 34 29 4 60 48
12 44 24 30 6 31
42 10 59 12 28 11
49 46 51 2 55 11
46 27 24 37 16 6
60 52 18 40 43 35
18 19 51 29 42 25
25 48 53 12 60 24
44 27 15 54 39 1
13 50 59 16 23 24
3 42 9 57 21 48
9 23 1 2 40 6
33 18 26 51 17 1
32 57 21 39 2 30
28 13 55 35 40 21
11 6 27 59 32 17
3 31 17 47 44 52
28 52 60 25 43 59
3 50 13 20 10 34
23 31 17 14 53 2
4 38 26 30 7 22
30 20 3 9 36 54
19 31 25 17 2 54
31 39 49 12 19 29
49 9 42 13 8 12
20 60 41 1 11 40
22 10 14 43 35 19
34 52 47 54 26 10
23 29 59 8 21 44
56 60 52 47 33 5
21 29 52 56 26 60
48 42 38 36 30 20
48 31 23 33 6 20
4 30 51 56 59 32
37 21 13 41 36 27
23 12 54 53 47 41
29 5 48 58 49 8
14 56 12 36 59 4
55 48 49 33 23 31
50 54 44 4 51 32
28 54 40 49 30 38
16 34 45 53 24 17
2 52 6 60 15 32
17 26 23 24 20 42
46 47 34 35 7 15
12 26 44 46 42 10
20 53 59 45 5 16
5 2 43 45 1 34
49 30 22 36 9 43
27 14 30 55 29 24
15 21 24 39 37 13
39 52 38 46 2 28
34 23 55 38 28 36
28 43 15 39 30 6
2 43 52 3 35 23
40 26 16 36 33 51
43 50 48 20 15 7
34 30 39 55 9 35
17 26 7 60 25 22
28 52 7 35 29 12
40 46 22 3 41 52
36 24 25 58 35 44
47 45 35 53 21 27
14 42 20 51 37 3
11 60 50 40 25 8
6 58 44 7 51 32
53 40 16 14 23 49
41 23 47 46 5 49
35 24 45 37 55 12
13 28 50 16 44 8
5 29 43 58 39 56
59 48 45 5 44 27
60 46 7 50 35 36
9 15 3 7 13 11
21 51 1 58 35 32
25 3 36 8 43 51
3 39 41 47 58 57
37 19 34 21 38 25
8 15 14 23 48 30
55 45 58 11 24 44
14 10 38 27 50 26
52 9 7 44 38 18
56 2 3 53 9 11
39 44 38 55 17 20
7 58 36 42 53 24
45 28 19 46 47 55
11 5 9 56 49 21
9 56 23 4 49 35
11 53 30 57 36 38
25 59 44 56 57 31
12 30 32 50 17 2
46 49 25 51 18 9
27 45 53 37 18 11
42 1 38 2 40 57
21 10 39 20 43 44
52 19 18 9 36 35
2 44 37 1 9 57
38 23 53 2 44 57
42 30 60 25 11 41
23 10 20 36 54 5
43 4 54 24 2 10
51 4 19 22 58 30
16 56 21 17 1 6
12 10 7 59 57 38
21 26 38 24 19 7
47 43 60 17 20 59
13 8 24 10 44 12
48 20 8 33 9 36
38 20 16 32 42 15
39 34 48 11 59 42
36 10 19 2 11 22
17 40 7 6 33 13
10 45 54 52 17 9
35 18 16 51 47 38
41 23 53 27 5 9
14 43 41 6 39 35
47 49 51 20 52 19
47 32 38 20 15 55
16 41 56 24 53 57
25 26 15 52 42 50
50 60 14 15 35 51
58 8 48 44 55 52
52 4 42 16 31 15
55 17 26 59 57 36
57 38 17 49 23 32
37 59 35 60 54 29
21 3 6 25 51 53
53 7 28 29 44 6
10 37 8 16 22 52
23 11 10 49 45 52
60 35 27 46 37 31
36 13 42 52 5 46
30 45 43 18 53 11
5 42 15 10 9 40
19 53 47 55 56 20
29 21 58 24 54 45
26 31 7 4 45 32
47 38 53 30 48 16
46 31 15 7 20 24
11 31 48 60 8 41
11 52 43 1 40 4
15 9 6 60 59 18
58 11 29 57 55 27
34 9 16 54 15 24
40 37 5 13 42 1
43 47 32 48 57 12
18 33 52 32 7 14
17 45 53 13 24 23
33 59 20 30 16 42
6 58 48 52 7 14
9 30 14 3 23 21
50 1 60 11 27 24
52 35 21 51 14 37
1 53 32 47 2 44
57 43 16 10 22 59
44 27 2 52 9 34
10 12 51 19 54 49
26 49 28 34 33 44
16 54 30 51 58 3
31 9 38 29 19 35
10 5 2 31 56 29
6 32 24 60 45 14
22 4 20 6 49 1
53 2 16 38 31 10
35 13 16 20 19 42
26 12 31 16 40 46
19 16 48 58 24 13
13 20 4 55 45 7
45 55 44 33 3 34
12 1 53 11 33 37
19 21 20 15 6 40
46 37 39 1 6 36
15 5 4 47 51 34
37 6 54 5 48 25
24 27 43 59 15 19
35 47 58 26 34 49
45 46 53 57 33 30
5 10 55 4 39 16
5 60 36 23 29 4
39 18 33 6 32 54
38 40 19 33 25 31
20 6 48 30 26 36
3 15 10 37 32 49
17 54 60 51 21 27
36 56 39 26 49 2
33 45 60 38 57 4
51 34 45 22 39 12
29 57 47 41 8 10
14 23 53 59 34 31
1 60 27 12 57 50
1 27 13 24 40 52
3 26 35 15 23 40
48 34 3 35 1 44
43 12 59 39 18 15
4 12 54 45 20 18
49 4 3 43 13 23
3 17 27 44 28 15
8 51 58 12 5 52
11 18 46 39 6 29
8 13 32 14 12 39
47 15 41 48 36 42
19 36 33 31 50 29
25 3 32 19 41 43
36 24 10 48 7 55
26 37 42 12 44 36
9 20 19 3 49 14
10 16 37 51 34 14
43 35 9 5 31 42
16 36 45 13 8 22
36 57 6 41 13 15
16 21 34 53 1 57
50 5 13 8 22 28
37 40 24 22 53 18
35 54 58 47 6 20
10 55 8 54 57 27
21 32 34 13 28 46
31 38 10 26 56 7
35 37 46 50 44 34
49 37 60 55 26 38
41 17 54 49 30 9
60 53 8 21 56 1
57 44 23 40 8 7
42 18 7 13 35 60
16 55 2 37 28 43
1 12 47 28 45 27
1 8 17 44 20 19
44 59 49 4 2 48
17 57 40 58 41 36
2 40 13 58 28 35
24 56 38 59 43 31
60 41 58 19 30 52
23 28 26 30 33 3
11 2 7 47 58 29
56 37 48 44 6 17
31 34 50 13 33 38
14 50 45 55 24 54
31 17 51 12 46 25
26 22 35 31 27 56
50 36 47 26 42 38
28 39 9 50 19 4
34 54 42 27 56 18
9 33 4 32 13 7
3 42 50 16 11 18
56 8 5 6 16 49
51 43 47 19 54 17
55 34 52 60 59 45
50 8 47 43 12 53
32 7 26 56 52 48
17 22 2 8 7 36
18 59 32 45 31 47
8 27 47 1 53 16
5 52 12 56 9 16
13 22 49 23 31 57
35 25 7 36 49 33
27 1 47 55 45 15
20 25 16 44 45 54
32 3 16 52 44 33
5 37 21 19 26 25
31 55 20 36 13 50
25 38 10 42 8 26
44 36 20 22 48 2
1 43 40 32 52 18
58 26 55 47 28 33
30 20 36 38 53 22
46 58 12 26 24 54
46 9 24 4 58 55
6 5 7 44 38 19
4 48 32 55 14 30
15 52 37 12 23 11
53 33 54 40 25 5
38 15 51 6 24 44
59 41 60 9 1 4
31 3 1 53 47 33
48 51 50 11 43 12
16 2 45 49 24 6
57 43 8 48 47 52
48 54 23 31 38 60
45 17 29 13 58 39
54 13 5 56 42 45
19 58 7 17 52 25
41 60 21 39 48 19
43 34 41 15 54 40
51 10 23 17 37 2
52 30 53 17 26 36
8 58 47 29 12 41
15 52 12 44 59 47
45 47 57 9 30 23
11 52 32 53 43 16
34 56 39 22 38 25
43 22 10 9 41 46
52 51 19 26 36 41
60 1 41 15 58 51
40 19 7 37 42 6
12 39 41 7 30 21
56 28 45 53 23 3
1 6 32 54 58 27