324
34 39 60 24 11 59
54 30 23 5 41 53
23 17 38 42 15 53
42 22 52 53 11 19
42 12 21 36 33 37
12 42 36 6 52 17
39 55 13 19 32 51
56 2 25 41 19 48
21 27 8 52 37 36
47 15 13 4 12 58
32 19 18 30 39 10
56 38 33 54 51 45
52 18 19 26 34 25
58 34 29 54 28 33
43 42 17 51 45 6
21 46 39 60 47 14
18 28 41 37 19 45
51 53 35 2 44 10
30 39 23 11 27 21
56 12 33 21 41 23
22 32 19 26 11 59
19 33 30 48 41 42
34 22 32 53 7 56
25 38 44 37 51 49
35 24 49 53 37 26
52 8 14 6 23 58
49 52 53 3 40 45
4 2 37 59 6 19
2 54 55 31 52 3
1 26 11 41 18 5
37 32 30 13 55 49
1 45 29 14 55 50
8 37 54 7 60 59
18 7 8 10 3 13
52 56 30 34 10 31
16 44 47 31 21 6
26 13 3 20 19 40
49 20 15 55 5 16
38 21 32 41 20 56
23 56 47 26 36 5
16 3 53 58 26 5
55 50 14 15 1 40
39 35 56 1 52 24
20 46 59 1 2 26
23 54 27 53 57 52
30 34 27 22 48 15
43 8 36 26 57 20
16 52 25 50 48 51
28 17 27 41 59 35
22 39 31 21 24 30
53 11 13 15 34 23
52 41 15 48 44 26
58 22 56 20 38 35
48 13 60 1 9 11
17 24 38 41 23 39
14 39 50 11 18 30
45 40 38 56 12 41
22 13 58 43 31 1
39 9 14 32 22 46
25 43 36 31 55 20
10 8 48 16 55 23
26 23 21 25 31 10
18 27 1 25 48 6
11 53 51 23 9 2
33 13 41 35 40 36
59 3 42 13 50 40
5 1 11 22 40 12
18 33 55 27 38 29
32 10 41 21 26 39
23 33 45 37 21 19
30 11 4 10 3 31
4 44 60 41 28 18
5 60 13 22 41 16
40 5 56 49 7 41
3 59 27 15 39 8
31 29 33 2 34 60
44 23 58 57 50 43
19 21 26 28 52 8
44 19 31 20 18 21
42 1 25 27 26 59
23 20 46 54 38 29
13 17 31 1 54 20
21 25 31 12 47 16
7 38 35 36 48 44
41 28 56 33 9 29
15 20 55 14 16 52
5 49 40 25 8 13
15 42 48 43 34 27
21 49 47 48 7 44
58 5 55 50 39 26
12 6 60 54 48 50
18 28 27 21 58 42
29 52 12 41 25 46
12 34 1 25 9 43
58 41 59 1 48 30
9 51 58 53 41 42
23 21 26 41 10 44
12 34 53 22 46 2
31 33 18 32 20 27
30 38 8 15 7 42
36 3 42 8 47 53
59 56 1 46 41 29
50 56 38 29 39 49
57 37 30 55 58 59
56 20 48 45 21 10
19 34 25 56 2 3
26 14 1 46 24 22
57 39 28 18 8 17
28 18 19 43 25 34
6 49 25 29 42 39
37 23 47 59 18 57
56 18 11 17 4 44
5 6 36 10 37 22
17 48 22 4 14 57
56 30 20 25 33 15
49 16 56 54 19 30
58 29 30 24 18 44
31 36 46 16 32 25
17 9 36 59 28 4
4 26 56 25 47 40
3 1 5 59 12 30
15 18 51 59 40 58
18 30 10 24 26 39
54 56 60 10 16 59
53 48 16 40 26 36
39 22 36 53 16 6
31 36 56 43 2 47
46 48 30 59 8 7
32 54 36 45 7 16
28 33 15 18 23 43
12 38 1 54 9 28
30 51 49 33 24 6
22 23 2 33 54 40
15 60 1 58 48 20
46 43 41 21 44 12
52 30 38 17 18 54
9 8 10 60 29 46
34 22 15 38 5 46
34 37 8 3 24 13
47 26 16 24 15 17
37 36 47 59 26 19
18 32 28 46 53 45
26 4 46 13 47 55
12 53 18 26 1 3
40 50 8 33 24 57
59 48 22 11 16 31
36 32 38 12 50 19
34 47 39 8 23 24
13 4 19 17 35 3
52 42 60 43 44 27
13 3 54 36 8 2
7 45 57 55 51 59
23 32 19 22 20 35
32 29 38 5 49 57
15 25 31 48 58 2
29 45 1 57 31 20
12 6 4 42 41 10
15 33 47 4 30 36
56 41 28 36 1 23
42 45 39 47 34 41
10 47 52 19 30 3
4 45 28 30 8 59
38 30 35 16 40 15
24 27 53 59 23 20
34 19 53 4 40 39
1 46 3 13 26 10
58 22 50 39 59 42
47 15 38 2 7 23
56 2 41 3 60 12
30 32 3 47 25 1
10 39 4 8 56 49
59 60 1 28 30 44
17 47 7 35 27 4
47 22 20 56 32 37
51 38 17 28 50 4
60 18 35 9 58 39
26 56 2 35 55 52
42 2 38 44 60 51
8 36 28 39 31 4
46 22 55 15 25 11
51 43 46 33 24 18
22 58 59 9 51 31
13 50 6 9 17 24
41 4 49 3 24 17
25 47 55 1 14 33
11 17 47 53 28 5
5 48 30 38 37 59
7 58 1 3 51 5
33 56 39 34 15 16
12 20 18 44 2 30
25 42 19 52 27 6
1 20 47 22 5 4
47 11 51 20 28 30
41 24 2 44 43 46
48 32 40 27 49 44
22 12 20 6 46 25
52 17 50 1 13 10
7 39 29 38 20 35
14 13 41 24 7 9
17 30 2 54 56 10
30 23 31 3 25 52
56 41 50 11 26 8
10 38 30 2 60 34
11 46 19 2 41 9
27 8 32 59 47 4
41 53 7 2 40 5
4 21 35 14 15 2
54 52 24 47 39 31
42 2 36 13 11 48
58 27 30 15 9 12
32 53 1 9 3 50
29 40 53 11 39 31
46 41 49 26 13 47
37 59 33 41 46 17
13 4 45 11 8 43
39 55 56 17 29 35
17 58 15 14 19 2
44 43 20 41 33 40
35 36 1 57 24 14
44 6 27 34 35 15
40 60 16 34 39 23
7 20 16 34 13 37
3 9 22 24 56 43
43 60 18 28 34 27
30 39 32 35 51 4
19 44 14 57 59 45
54 10 33 7 15 55
39 8 45 17 3 14
1 15 27 56 42 38
23 19 27 2 4 50
26 57 32 33 52 50
18 40 5 34 29 60
53 51 1 7 57 44
59 42 50 22 44 28
22 46 1 23 47 32
9 31 43 27 49 33
59 57 2 60 29 13
52 19 21 31 44 59
17 10 52 18 56 37
40 28 43 25 14 22
20 41 31 14 7 21
55 32 26 39 43 60
4 28 12 11 56 47
28 27 31 43 52 59
56 53 50 7 48 31
14 44 56 43 25 10
33 38 30 48 45 25
23 39 27 6 48 42
20 55 3 9 30 47
25 33 17 56 47 44
21 50 55 37 8 47
44 6 5 20 16 32
9 59 31 50 6 18
3 50 26 14 44 8
52 54 59 21 1 29
21 58 32 56 47 41
55 57 17 43 56 60
51 5 46 16 33 54
4 12 7 23 47 50
11 32 59 22 60 17
43 24 7 25 16 41
44 30 32 60 14 28
15 31 28 9 6 57
10 25 12 44 55 59
59 25 45 26 4 27
18 31 54 5 45 51
30 50 33 20 55 35
7 34 54 38 25 18
53 56 58 40 15 45
12 33 32 48 52 37
35 30 10 48 41 39
1 38 31 44 42 10
48 60 17 36 39 56
37 23 2 40 25 24
12 34 59 28 22 25
53 27 46 14 51 1
7 25 46 23 4 20
11 18 58 9 43 40
26 10 11 47 8 51
31 12 16 30 40 51
1 2 18 40 8 4
11 53 48 34 41 47
4 18 25 34 36 27
27 50 30 23 52 12
8 12 51 13 47 25
11 30 22 53 18 55
14 58 27 4 26 43
57 12 37 5 46 47
14 25 31 24 11 4
48 28 58 6 5 17
39 21 32 22 15 56
22 32 55 45 46 35
32 27 41 60 3 49
50 35 58 55 11 45
31 60 41 6 13 48
58 32 2 5 55 26
6 58 34 38 20 49
7 43 39 11 45 47
42 41 56 54 34 46
20 48 44 43 17 50
37 41 26 12 7 33
41 2 30 27 45 3
40 45 23 13 19 8
21 22 15 1 54 19
30 15 38 58 37 50
8 40 21 36 30 59
4 25 53 32 39 50
38 2 11 1 32 55
9 23 34 22 15 60
26 18 56 54 55 40
59 50 11 58 24 31
30 50 12 31 33 1
15 10 46 1 35 30
59 51 53 28 26 9
14 28 34 13 32 39
58 39 16 54 42 44
25 10 55 7 40 2
57 48 55 5 37 3
23 2 39 60 18 10
37 24 51 42 45 10
48 54 1 28 26 21
49 11 32 5 12 14
37 44 15 56 43 59
49 28 54 1 12 11
23 17 24 30 2 43