114
49 28 58 10 50 26
59 30 49 34 10 4
35 53 11 32 59 37
26 47 13 6 55 37
26 16 28 33 54 14
5 9 42 51 27 6
30 14 8 36 9 60
48 51 35 42 59 20
28 44 10 18 7 33
40 25 37 28 43 26
48 43 45 29 36 3
38 48 5 46 58 11
14 44 38 7 21 45
42 49 33 48 39 47
14 30 60 48 1 35
50 51 1 29 8 54
29 26 45 60 57 56
40 4 16 50 28 20
47 30 4 56 42 5
47 24 52 14 3 4
26 48 33 6 60 41
13 31 39 50 27 44
50 47 60 22 38 43
51 28 23 2 48 25
20 22 59 48 25 39
46 40 29 28 30 36
36 12 56 14 35 26
7 31 25 17 53 10
39 44 21 57 23 3
38 55 47 26 19 8
13 40 51 7 33 49
8 17 3 26 60 48
8 29 49 30 15 48
14 24 58 57 3 16
22 23 25 42 54 43
26 23 31 48 60 34
54 42 9 29 51 44
37 1 10 46 3 41
23 50 16 59 2 35
19 26 38 2 42 18
5 28 60 56 58 45
4 48 10 12 43 44
41 38 59 51 49 57
48 35 17 58 50 15
56 43 6 16 52 31
58 28 27 49 40 22
32 8 16 27 30 56
45 57 4 16 1 48
39 31 44 18 22 55
35 16 7 57 27 43
28 32 19 7 2 56
7 12 1 35 57 52
32 39 38 44 49 37
31 34 39 19 7 53
10 43 19 7 56 28
16 20 6 57 8 19
40 19 17 20 55 10
43 46 7 55 8 6
19 31 8 17 9 54
40 25 57 16 3 26
38 56 55 10 16 59
29 25 53 49 45 26
47 32 11 38 1 52
48 51 12 15 26 4
1 37 29 34 32 27
15 22 60 59 17 28
58 6 46 39 55 41
46 53 31 45 32 28
53 57 52 7 44 49
7 4 55 24 54 35
4 44 36 42 40 8
30 47 38 13 37 60
57 13 25 16 51 10
10 2 22 21 41 44
15 37 45 42 18 23
57 12 32 1 36 3
21 35 13 52 22 18
28 26 7 13 16 24
50 52 38 54 23 26
3 8 43 16 60 45
16 1 23 40 57 22
40 30 20 8 48 4
59 29 22 56 3 9
23 22 27 28 17 24
29 25 15 49 33 28
39 21 38 18 12 27
56 43 3 57 58 21
24 40 53 9 59 32
28 11 26 43 45 57
17 28 23 19 13 30
48 57 17 25 40 36
37 4 13 33 58 10
20 39 55 48 46 5
26 20 11 24 12 52
13 9 3 21 59 57
37 19 56 22 49 7
42 25 5 24 23 18
9 16 58 7 35 10
6 22 27 51 4 47
30 9 51 36 60 46
35 41 42 59 53 49
50 25 35 49 46 38
2 5 48 43 23 1
56 1 54 60 31 53
32 57 15 50 44 16
45 11 48 21 14 46
22 49 5 51 11 37
1 59 55 47 22 10
12 14 45 34 38 46
11 16 20 45 6 33
49 25 8 2 32 44
29 11 55 21 23 59
35 46 29 15 14 10
59 14 55 16 44 17
25 52 54 60 44 10