54
25 27 30 38 54 4
49 42 28 30 45 27
30 58 16 50 39 7
54 55 42 8 37 2
60 40 5 51 33 37
56 12 43 35 55 59
1 10 24 46 16 23
55 57 31 41 56 38
20 36 28 45 44 58
54 42 19 51 60 38
6 1 17 35 7 13
12 1 51 4 17 31
16 3 25 5 46 48
22 40 43 38 47 58
36 37 5 41 7 53
60 45 46 26 50 51
17 54 3 30 57 58
7 28 37 26 17 46
43 20 4 41 32 33
8 24 56 41 34 16
24 13 20 4 56 6
40 31 6 53 42 29
22 6 21 54 24 50
20 35 28 10 34 16
57 12 25 43 2 38
60 44 52 57 10 6
4 18 46 31 5 36
56 47 5 40 60 13
28 18 40 38 8 41
26 40 2 7 12 49
25 5 59 12 42 31
15 57 22 36 40 13
2 26 58 48 21 42
29 4 40 25 56 1
44 18 8 60 2 11
22 37 2 34 32 1
48 43 50 58 53 12
39 54 35 60 1 12
54 18 41 34 15 6
4 57 31 47 18 23
21 51 33 52 6 49
36 21 1 35 25 18
20 33 21 19 13 51
49 10 50 8 2 47
58 16 26 17 6 41
51 21 16 23 4 50
56 36 40 2 43 49
10 47 2 25 12 19
17 9 6 34 39 26
10 60 58 12 37 52
7 45 12 26 16 25
54 51 6 18 20 1
16 13 43 24 42 37
37 19 30 56 38 52
58 27 13 14 4 29