63
51 41 58 25 14 29
41 7 28 29 39 50
21 7 18 11 19 27
12 51 30 49 40 48
36 17 57 12 9 7
28 45 57 26 3 52
24 9 17 27 51 59
42 5 33 53 25 4
20 31 24 26 14 39
17 56 58 12 51 23
36 29 56 37 14 15
33 59 47 31 16 49
45 26 21 35 13 56
25 55 26 12 22 24
34 49 24 53 55 57
46 37 19 22 16 54
56 28 58 22 38 21
24 28 51 29 45 17
55 44 31 54 8 5
34 60 53 59 26 20
15 55 52 31 39 36
51 58 33 57 4 44
10 53 23 19 15 29
55 49 28 36 29 44
36 33 50 57 4 37
32 24 56 60 26 36
14 53 23 25 19 27
33 40 23 24 21 36
13 39 6 36 51 15
21 6 23 37 36 48
11 2 17 34 14 36
10 3 53 51 32 20
23 43 32 60 29 18
42 34 56 26 14 18
48 44 9 53 28 40
35 45 36 33 26 3
20 6 47 23 51 44
38 2 37 39 7 21
12 35 46 18 3 25
5 3 57 16 26 48
13 3 34 22 11 16
3 22 57 60 23 34
26 55 3 39 17 43
38 43 53 12 37 25
37 32 8 2 48 19
44 8 57 10 38 5
8 2 59 22 19 4
14 9 53 21 44 18
56 11 52 1 45 7
1 52 51 11 47 34
29 55 32 53 22 40
7 6 47 26 12 14
17 13 20 28 2 56
3 44 9 42 6 47
39 33 30 43 55 32
22 46 29 58 13 17
46 10 1 29 57 36
1 10 13 24 2 41
35 21 18 2 5 59
28 37 54 59 42 2
11 57 28 55 50 18
49 25 19 30 28 23
25 16 8 36 34 51
19 24 2 25 57 56