284
3 53 42 40 57 33
39 59 7 21 54 16
57 49 45 41 34 2
58 21 12 2 25 52
2 47 28 55 9 59
19 41 10 43 28 40
6 46 13 34 38 11
26 24 32 35 37 6
60 36 5 22 26 41
31 1 7 50 57 51
19 33 51 46 48 8
7 19 45 51 17 24
33 14 50 60 47 30
20 2 14 56 37 43
59 17 58 53 25 10
11 47 13 25 21 29
28 52 49 6 51 2
17 11 35 42 43 38
36 17 7 32 25 1
43 28 50 7 10 45
20 33 42 58 39 56
51 48 50 47 24 33
35 36 19 44 41 12
42 20 41 48 31 24
40 37 24 10 34 8
11 13 29 21 35 43
59 55 30 32 26 58
54 46 33 14 22 56
52 20 41 28 26 1
11 28 45 35 54 19
55 54 60 11 56 22
4 12 1 27 59 49
18 26 17 24 53 6
13 23 45 8 1 41
44 31 24 57 41 12
23 8 30 7 3 47
26 30 41 10 37 43
28 18 24 29 6 34
40 41 35 31 43 27
41 6 47 25 57 31
38 37 50 36 55 23
43 2 58 3 31 23
23 40 28 22 26 35
59 35 33 56 25 38
47 22 24 46 55 11
49 59 58 23 52 47
29 40 41 6 14 27
28 50 39 19 13 15
47 21 38 2 11 42
8 3 21 60 33 39
18 42 4 13 50 40
51 38 26 34 2 27
55 9 7 32 29 60
21 30 17 4 2 23
51 39 19 41 16 6
55 24 40 50 4 29
31 35 20 9 23 46
15 6 2 19 31 28
27 42 32 52 45 25
13 53 16 35 24 12
36 50 54 26 6 22
22 60 4 7 40 32
35 12 18 29 56 43
10 59 27 18 16 47
26 23 59 60 41 28
24 59 30 43 35 1
6 18 53 34 42 45
14 10 19 54 28 8
35 7 22 25 21 60
40 39 37 43 44 49
22 44 30 59 60 35
39 58 12 29 22 44
6 52 34 54 19 10
47 56 15 52 14 54
18 22 60 44 56 32
9 58 23 30 27 55
11 25 51 37 16 30
30 47 51 41 33 1
47 21 18 38 14 2
48 28 39 34 37 7
20 59 55 60 6 58
3 13 25 34 43 48
28 17 18 14 34 3
29 51 40 37 11 12
10 40 25 39 35 42
60 13 2 50 22 27
46 24 57 6 60 58
50 49 60 41 6 30
31 20 6 44 40 30
55 12 44 26 28 31
53 25 22 38 19 59
46 9 4 42 32 41
30 31 60 58 26 53
29 30 58 40 23 17
34 55 45 57 23 5
46 23 48 12 37 58
43 58 48 30 1 8
43 48 31 18 3 34
56 60 1 38 8 11
20 18 48 3 50 57
21 50 44 48 57 2
29 36 54 26 16 25
23 9 46 14 33 43
35 17 51 47 9 27
46 31 48 40 55 56
39 23 55 34 53 46
52 37 54 46 2 25
53 5 17 34 36 37
35 54 39 32 3 49
19 17 3 8 33 20
24 20 55 1 13 45
21 39 30 27 49 46
34 13 4 21 57 12
18 35 13 17 2 27
25 29 57 28 22 37
6 13 55 52 47 46
3 49 10 30 23 7
51 53 5 43 3 45
17 6 13 11 25 45
10 56 1 11 39 32
56 25 24 40 8 45
51 50 4 44 54 25
59 8 60 16 5 53
57 3 14 31 42 5
57 56 23 50 22 48
8 6 49 33 51 27
44 38 2 30 34 51
60 48 57 30 45 31
29 36 60 1 41 40
47 3 9 6 60 35
16 52 60 37 42 28
3 4 25 21 23 39
4 23 25 3 49 19
26 3 10 43 17 27
16 48 35 14 44 59
5 48 58 10 12 57
28 19 43 15 60 51
19 50 31 6 8 17
6 40 8 2 28 15
58 29 32 2 37 47
24 57 45 16 23 58
40 42 9 53 33 1
16 14 36 58 18 2
28 16 30 44 55 56
21 20 44 28 8 38
57 49 5 25 42 4
41 38 5 53 51 58
20 55 58 31 7 2
28 38 37 41 25 33
2 24 40 4 27 23
59 37 41 39 57 49
17 42 60 24 57 16
50 58 60 26 7 53
19 8 50 38 40 54
20 31 36 50 8 25
34 46 30 16 7 60
13 4 58 59 26 60
43 13 47 29 14 39
34 21 59 29 23 16
53 17 20 58 16 31
40 59 25 6 32 23
22 32 39 26 42 45
28 49 54 37 19 45
5 14 52 28 53 12
60 43 31 13 48 28
7 27 40 21 20 25
19 46 18 45 17 35
9 43 24 28 6 38
26 27 22 17 8 41
51 43 46 50 7 28
2 50 44 49 9 58
55 1 17 52 37 56
31 57 10 54 8 25
25 26 56 8 52 35
39 19 45 14 52 42
34 23 26 11 58 13
1 51 57 17 7 13
17 56 49 4 16 35
12 2 22 56 21 43
49 23 56 3 51 44
27 2 43 57 55 34
5 28 12 20 3 50
20 4 36 44 14 57
18 12 34 23 41 60
13 55 23 4 9 26
8 54 14 33 45 36
44 34 12 47 30 2
45 31 6 4 35 53
42 40 30 35 54 22
6 41 55 39 52 25
59 35 21 10 11 37
40 13 37 46 34 27
17 49 50 34 44 21
5 16 24 42 58 56
19 23 32 56 33 20
44 50 4 27 8 56
49 59 33 16 11 32
8 7 3 21 6 26
17 4 47 37 51 11
51 36 55 52 23 26
22 35 57 20 3 2
16 18 4 59 36 5
2 51 44 56 18 8
25 33 15 54 20 36
19 6 50 8 1 34
26 31 38 28 44 4
25 28 24 34 50 1
26 13 54 38 39 29
18 48 36 49 23 6
52 28 55 24 16 42
47 33 30 26 34 57
55 28 29 43 45 1
19 32 52 30 41 24
17 5 24 32 49 11
48 27 15 53 18 5
58 29 57 43 7 35
5 43 33 46 49 41
56 1 40 52 10 35
19 17 2 45 3 52
10 35 22 40 1 51
32 49 7 11 37 51
37 16 13 2 39 14
6 11 32 27 20 51
36 23 16 50 40 10
51 35 37 41 52 56
17 42 12 56 1 51
56 15 27 4 12 43
30 8 6 1 16 29
32 25 29 22 52 33
26 14 59 31 49 34
59 5 46 52 51 54
23 12 34 11 21 26
15 12 41 45 27 39
40 4 41 27 50 2
48 24 28 32 3 43
9 13 36 2 31 60
3 33 40 43 35 50
32 21 51 11 40 53
54 43 17 32 35 55
12 51 31 28 7 35
24 7 55 13 29 58
4 7 60 55 5 45
40 7 55 42 57 31
56 52 30 59 54 20
24 7 26 34 25 59
44 42 60 36 56 48
3 1 9 39 22 15
27 2 50 11 33 20
35 37 3 42 21 6
33 22 50 49 44 18
17 51 60 21 43 7
2 36 27 12 46 21
56 12 10 13 45 28
25 23 21 24 11 39
17 9 37 3 8 49
35 4 49 60 23 28
37 24 29 3 1 57
29 11 19 42 41 16
58 16 47 45 26 12
14 10 35 25 39 1
16 60 6 46 39 40
55 21 16 33 23 40
31 35 41 8 36 32
46 12 54 18 38 5
21 3 27 14 38 36
17 50 28 14 4 25
22 29 53 60 40 43
39 28 6 20 7 12
37 58 24 10 1 45
33 45 51 39 60 58
11 35 51 48 53 45
60 20 56 3 15 14
11 48 42 23 27 21
12 49 38 52 44 2
21 53 13 50 37 51
31 47 18 33 32 4
58 30 29 35 42 28
28 49 58 59 44 37
21 14 18 3 29 54
27 47 39 57 43 46
9 49 56 57 32 16
54 21 59 41 57 19
31 11 36 55 51 22
3 11 49 44 13 40
40 34 33 8 1 53