104
47 46 30 1 25 44
24 3 5 20 15 41
6 28 16 35 34 15
32 59 39 16 45 38
35 20 25 24 14 5
4 3 54 20 6 55
7 60 40 48 44 54
24 35 44 54 47 18
20 60 17 40 5 31
27 32 12 51 59 47
33 46 17 12 34 25
25 2 59 44 36 3
6 25 48 53 10 51
12 1 60 34 25 49
14 52 28 2 54 58
11 31 29 9 33 36
34 42 5 32 2 40
33 7 44 5 56 41
39 28 35 6 56 3
13 55 37 46 23 2
56 50 10 2 9 27
23 2 52 49 18 59
14 22 12 31 16 32
40 55 20 54 44 21
58 9 57 13 40 7
44 40 3 37 6 7
49 34 15 22 12 21
13 35 42 3 8 55
51 29 26 16 43 9
49 40 59 14 38 2
30 54 34 39 19 17
56 25 23 33 32 53
46 60 32 57 6 51
34 14 41 35 20 52
41 19 48 58 37 45
15 8 4 58 10 37
41 5 51 3 59 21
13 12 58 7 22 32
18 47 49 39 59 25
57 39 33 37 34 30
19 2 6 49 51 40
4 38 3 30 1 19
33 15 46 48 1 21
17 4 51 45 1 46
10 12 44 40 9 14
23 24 54 12 48 36
36 39 5 38 16 9
16 17 36 55 14 51
18 17 5 46 25 44
56 35 53 8 32 23
9 45 8 32 46 39
60 48 27 51 29 8
13 19 29 14 34 60
11 40 7 28 22 48
7 40 26 49 54 55
7 22 20 24 26 29
14 45 37 36 35 56
35 53 30 21 8 19
9 55 3 10 4 13
25 48 24 7 54 58
15 20 22 8 37 32
15 6 16 36 11 25
10 9 27 34 13 17
46 53 9 33 36 18
39 19 24 12 44 43
34 31 1 26 13 32
60 4 30 5 29 26
58 42 33 21 6 7
1 45 16 7 60 20
4 56 16 35 19 6
48 15 32 39 36 23
26 33 30 8 31 3
7 21 53 49 57 58
23 39 7 25 58 49
17 41 15 1 16 47
49 45 22 25 26 53
21 32 4 48 54 37
28 33 26 44 18 2
7 40 17 53 29 37
20 37 7 32 14 18
48 37 16 31 6 5
28 21 53 5 24 8
32 48 57 43 2 20
42 57 14 33 37 1
56 49 42 57 3 19
52 8 24 45 58 54
59 7 42 5 47 38
25 54 13 58 24 29
7 49 19 2 21 4
38 30 37 24 23 47
13 39 42 59 14 3
24 10 51 54 16 25
28 45 57 56 42 54
26 47 44 34 51 57
51 47 59 34 35 26
52 22 37 7 3 11
22 52 41 21 49 27
58 53 32 31 43 35
51 45 14 44 56 24
4 34 56 59 57 45
55 42 4 3 53 45
7 38 35 25 24 30
51 40 32 46 55 41
57 12 32 48 11 22
30 31 50 18 34 3