465
58 7 49 31 1 19
39 9 37 15 1 54
47 28 16 14 4 38
59 60 39 30 14 45
24 34 52 33 12 35
33 32 46 60 37 27
52 38 46 48 60 33
20 27 23 10 9 54
27 35 47 12 37 58
46 16 17 23 57 4
51 26 10 46 54 38
10 25 33 44 21 43
54 11 27 15 16 34
47 37 40 50 35 34
55 38 52 22 20 46
35 23 44 8 17 11
5 12 24 52 28 32
19 2 6 21 27 56
13 44 21 57 18 6
44 59 4 9 55 49
39 42 12 59 11 41
59 6 29 5 27 56
57 12 21 48 9 7
5 3 34 58 4 17
8 20 59 58 35 16
57 29 19 21 15 42
16 22 33 28 47 30
44 28 6 14 21 48
27 41 2 53 17 31
28 10 49 40 20 29
41 51 49 35 36 1
13 52 58 53 20 50
3 42 54 52 16 26
57 29 18 36 11 59
55 2 9 57 54 7
22 29 59 24 37 19
4 44 8 32 34 55
38 6 32 52 36 31
52 55 38 51 6 2
43 37 4 22 23 5
50 41 8 28 57 31
37 34 7 9 55 8
22 16 17 58 60 27
26 22 32 20 60 5
20 45 36 23 13 11
1 12 51 24 49 41
24 33 60 58 21 11
6 55 47 42 54 20
21 59 43 29 7 19
58 24 21 15 59 55
44 24 30 56 35 11
54 31 2 16 48 21
40 23 51 56 29 49
47 31 60 28 29 20
53 37 10 41 13 28
54 48 46 41 44 1
39 56 58 19 25 44
2 27 6 15 50 36
4 29 48 15 56 10
55 13 52 40 33 6
18 46 26 1 10 4
13 60 19 22 49 38
2 3 60 59 56 32
38 47 2 56 13 26
7 55 59 5 23 29
49 51 50 46 52 29
7 20 55 56 22 2
36 7 55 8 60 43
31 9 40 30 33 4
1 23 57 49 11 9
52 33 17 41 40 47
58 2 43 24 16 33
24 13 60 8 35 31
27 4 15 37 22 12
56 53 4 19 30 11
33 15 41 54 58 10
12 22 15 57 60 56
28 48 3 35 52 31
45 8 27 60 18 48
33 29 36 37 55 9
60 35 7 1 57 9
6 11 46 19 12 42
35 42 1 22 26 33
8 42 33 40 34 2
37 46 18 51 35 57
13 34 23 37 51 40
21 44 4 8 1 29
39 32 41 23 34 8
4 53 37 38 25 23
12 13 50 31 19 51
9 43 23 18 56 20
34 36 51 48 30 17
28 45 29 44 7 40
23 43 46 8 9 41
60 42 34 37 54 6
11 26 18 46 22 60
60 26 49 8 4 23
34 44 8 33 60 42
13 43 31 37 46 44
50 23 29 16 17 47
37 5 34 15 38 13
49 51 56 18 9 14
36 6 51 13 44 57
49 53 43 21 50 34
49 1 31 53 39 22
33 55 56 40 42 18
8 27 53 1 59 37
20 35 32 54 57 37
40 24 23 18 52 10
41 49 54 17 19 43
15 52 54 56 24 25
36 48 44 4 19 52
5 36 7 1 32 6
53 25 12 3 35 58
10 5 24 42 50 38
22 7 31 4 41 26
36 53 21 32 4 57
20 52 50 19 28 55
22 3 57 36 10 42
31 5 9 22 2 14
56 39 59 43 25 55
3 43 34 44 24 53
47 23 37 13 19 32
53 60 44 11 24 40
20 3 22 30 28 56
46 8 17 19 1 34
58 15 7 19 2 8
7 18 48 13 20 42
25 10 29 57 55 13
5 13 54 25 40 57
7 53 35 2 59 44
56 2 1 13 21 48
49 34 59 50 54 8
47 23 59 26 58 14
30 52 32 54 6 3
51 22 54 19 5 26
28 40 59 18 19 27
10 15 41 21 45 39
52 51 46 2 25 29
18 33 48 27 50 14
9 48 59 32 47 36
47 53 24 51 36 41
45 37 25 42 43 4
22 26 51 16 48 37
57 28 8 9 15 18
24 55 29 18 28 6
18 56 37 4 20 36
36 58 33 2 54 12
13 30 53 14 21 54
45 15 19 44 4 35
23 56 6 28 4 13
7 5 27 41 46 35
58 47 9 49 35 51
1 28 37 41 26 44
30 42 26 18 7 53
27 25 59 40 16 43
35 57 16 23 43 14
3 58 14 7 22 13
52 31 48 42 29 33
3 12 7 33 55 2
48 8 49 3 57 44
10 1 18 45 6 29
37 55 41 5 2 26
21 24 57 19 13 58
36 13 18 7 9 37
23 6 17 40 57 34
23 26 5 37 24 32
17 21 2 56 18 26
46 49 14 59 7 56
12 33 10 9 48 28
41 26 1 11 45 57
32 5 30 25 10 20
34 40 19 6 33 10
43 58 14 55 21 59
24 12 58 43 55 8
20 41 5 3 26 6
11 26 44 21 24 31
30 43 38 56 8 49
23 22 59 52 31 25
57 52 8 14 21 34
1 26 23 55 8 18
11 30 56 40 41 49
54 57 38 50 42 14
31 21 34 20 60 29
23 27 10 58 4 6
35 24 20 55 15 4
5 26 18 57 29 38
57 22 8 14 23 7
41 58 36 14 47 32
30 44 1 36 4 7
60 1 36 16 28 22
19 16 23 50 39 3
14 16 5 34 58 55
32 28 42 18 35 34
44 24 25 47 48 8
26 40 22 39 46 57
37 52 27 47 44 58
32 30 8 26 47 17
50 52 40 57 33 18
46 41 29 52 16 27
55 3 42 18 31 28
11 45 17 37 56 23
46 42 19 5 8 1
10 47 40 4 6 36
21 43 27 34 49 5
13 2 47 6 57 3
8 19 34 25 2 53
29 30 55 22 23 11
4 7 28 1 43 20
53 43 10 54 42 58
13 41 34 26 50 24
53 36 1 38 57 40
8 50 25 33 16 26
55 10 41 14 26 21
44 14 33 45 1 26
34 45 23 54 56 26
35 6 60 10 17 36
44 32 29 49 8 53
4 3 36 50 14 29
35 10 25 21 36 40
57 40 56 17 29 39
35 14 24 52 12 39
36 30 48 52 43 37
54 50 44 12 35 25
46 39 32 14 33 59
40 41 3 18 43 34
60 47 26 14 22 36
42 33 60 56 16 28
25 32 52 58 35 39
27 37 32 49 24 1
1 26 18 20 42 55
19 26 34 57 15 10
18 26 55 25 56 21
33 21 34 36 24 35
48 21 3 15 14 56
23 2 58 12 4 20
35 6 24 37 59 45
40 38 19 37 41 56
24 43 36 50 55 26
34 23 3 41 12 14
40 57 56 23 9 39
42 27 52 58 22 10
59 55 9 33 23 16
9 4 53 32 18 59
41 18 17 42 30 28
49 11 2 32 27 25
60 36 8 12 47 51
5 46 52 55 6 3
2 15 18 57 3 22
58 14 40 33 48 9
37 32 5 29 57 40
24 41 5 51 33 36
44 41 20 37 17 22
9 46 52 59 29 32
12 32 24 19 55 58
13 30 20 25 41 38
38 2 1 39 4 51
14 52 19 44 10 42
37 60 5 33 47 29
6 9 46 54 26 34
56 49 8 39 4 40
40 33 15 3 41 44
57 55 9 52 23 49
16 8 6 26 55 30
51 12 16 38 39 22
44 51 11 27 32 42
30 3 32 9 10 56
44 15 7 30 11 8
59 36 39 17 50 16
13 57 3 52 47 25
33 47 23 43 24 56
11 33 5 49 6 54
3 41 33 25 48 38
16 28 35 40 33 26
54 34 57 44 5 3
53 4 10 29 57 45
13 35 5 48 57 23
24 7 12 14 11 27
32 3 26 2 1 35
28 21 6 51 13 60
55 52 58 51 57 31
10 43 32 49 48 53
53 55 49 31 56 27
17 34 30 33 7 54
2 4 50 15 5 51
12 20 41 52 13 51
30 22 8 4 52 47
43 56 47 59 48 29
15 11 56 30 14 40
25 10 8 50 36 4
18 59 22 6 2 38
42 32 18 19 28 29
29 27 59 56 4 30
22 11 39 49 10 55
57 13 56 59 41 45
49 51 8 53 45 13
40 28 45 54 47 51
28 51 5 17 18 20
58 20 40 6 46 1
5 40 16 32 38 6
58 32 43 4 20 22
47 13 15 59 30 57
14 23 21 30 33 24
3 27 58 25 22 46
32 16 42 51 24 21
12 5 48 58 3 49
29 9 28 30 38 34
57 59 16 60 36 33
20 22 39 49 11 16
45 47 15 18 44 19
25 5 52 7 53 37
38 20 59 42 33 60
26 35 10 17 38 58
23 19 48 57 18 30
23 40 15 38 36 56
33 37 57 23 9 40
38 41 27 46 44 11
6 50 30 54 3 10
39 48 50 11 25 54
25 1 10 9 6 29
60 13 12 44 42 31
45 4 42 41 12 19
3 24 57 48 41 7
37 59 47 13 14 34
37 13 51 60 33 25
57 25 39 26 22 12
34 47 31 40 30 10
53 27 59 30 37 21
3 53 35 50 57 5
46 1 28 29 58 16
49 19 56 44 29 3
5 36 20 39 50 34
59 50 60 47 35 56
59 44 9 48 21 56
41 24 15 4 6 59
35 4 30 21 55 1
39 9 29 3 21 26
33 14 31 13 55 59
25 46 24 35 50 52
56 46 54 38 27 43
9 56 3 12 7 54
15 54 11 36 37 10
22 40 8 37 55 9
60 36 38 50 44 43
41 29 30 45 15 22
38 1 11 25 45 5
17 48 21 44 58 18
49 7 11 35 57 6
25 4 40 11 31 37
37 30 31 48 45 2
46 23 22 37 45 38
15 31 58 28 26 2
3 13 30 45 5 54
48 23 14 8 27 20
42 5 18 50 28 34
52 14 20 26 19 27
31 17 59 6 10 48
35 50 33 37 2 48
12 56 4 16 24 9
28 50 38 33 16 6
52 3 59 9 24 7
2 54 25 29 17 30
18 40 31 51 56 42
49 21 45 6 2 59
39 55 6 26 51 19
49 38 5 22 54 7
39 47 8 28 1 21
58 49 27 23 22 14
45 53 47 28 8 39
33 40 3 4 59 27
30 43 56 13 34 40
47 40 54 55 21 59
45 16 42 18 23 15
47 15 38 7 11 27
4 2 39 11 44 7
45 9 16 35 46 3
18 45 13 48 14 31
47 27 6 51 22 41
12 38 18 24 19 36
45 48 35 27 36 21
39 48 52 14 37 56
1 5 21 26 11 13
29 55 37 1 59 43
53 7 15 17 55 16
40 17 31 29 9 22
24 25 50 26 45 52
53 3 20 10 39 33
31 2 11 27 9 43
57 46 6 17 25 28
54 8 24 16 6 41
34 33 57 21 43 1
55 56 13 42 3 37
49 47 28 2 17 51
40 34 39 54 57 24
31 30 18 40 20 11
36 34 2 47 33 59
10 6 29 57 28 40
17 24 16 44 1 53
7 33 40 50 42 32
26 22 47 1 8 5
54 3 17 58 6 2
29 54 12 13 33 19
23 2 35 36 37 46
21 6 28 29 17 45
59 23 14 44 9 7
5 37 51 60 10 29
46 49 10 40 33 32
42 22 45 13 41 53
29 26 18 45 30 56
37 44 9 16 4 18
31 39 16 3 4 8
16 60 44 35 59 11
7 46 10 55 18 16
55 54 49 20 7 22
57 18 5 44 15 13
21 33 13 19 30 26
12 32 22 20 59 23
5 2 17 10 35 60
4 27 7 49 14 6
49 12 16 52 60 41
16 42 20 5 45 2
58 41 2 13 27 40
29 32 14 20 13 26
50 6 4 35 3 14
19 55 43 44 28 5
35 55 43 4 7 28
21 1 24 55 60 13
43 55 26 50 15 47
20 17 52 1 28 14
46 40 1 31 24 37
35 34 58 2 25 1
48 28 47 27 49 17
6 5 17 27 30 8
4 46 35 58 34 52
49 18 11 30 44 24
35 27 42 17 22 50
20 38 24 51 28 31
1 49 36 11 60 25
22 51 39 7 28 60
11 13 53 47 10 43
43 45 14 6 46 55
45 43 34 20 51 4
19 25 16 2 40 27
19 34 31 40 26 5
1 20 43 32 52 19
55 23 45 10 22 18
41 4 42 45 17 54
2 17 16 33 60 10
19 46 10 14 49 45
1 46 35 52 59 3
20 40 28 9 38 27
47 3 20 8 2 18
47 29 46 55 16 21
24 57 3 16 5 4
48 2 29 52 5 17
33 18 8 11 44 42
41 46 17 60 49 37
3 14 27 34 20 31
7 40 51 41 36 16
26 28 1 56 51 31
40 15 33 27 4 32
36 24 26 6 5 13
11 16 2 24 31 9
43 28 44 19 35 45
16 41 18 31 45 53
52 51 45 49 39 60