86
34 30 26 36 41 24
37 35 42 40 2 46
49 23 16 50 5 15
10 57 34 52 35 21
30 59 15 31 1 42
49 39 27 21 30 18
57 58 43 16 37 31
18 50 6 20 2 36
52 27 47 41 23 45
7 52 21 14 50 12
26 13 33 39 14 30
57 36 17 1 41 12
35 31 37 34 6 1
33 18 49 52 12 46
34 50 8 11 54 21
21 30 32 35 6 26
4 9 12 48 47 41
37 24 54 31 7 29
30 31 25 58 26 16
32 23 10 22 28 55
37 30 60 12 13 21
8 15 34 17 33 31
60 28 24 43 50 14
27 54 43 60 45 4
22 26 33 31 25 10
32 10 36 13 9 59
39 27 60 59 30 53
43 47 25 9 27 36
35 34 26 32 42 15
57 5 59 22 11 18
54 28 30 16 6 35
12 23 24 2 10 50
10 24 4 20 25 45
39 43 48 53 47 36
29 11 51 45 39 37
33 46 8 18 40 54
55 51 13 58 16 34
44 29 32 59 16 57
38 3 22 41 2 21
48 37 7 35 9 36
50 10 20 41 60 42
54 21 8 37 20 44
5 52 10 58 6 17
13 53 15 45 49 31
30 26 33 52 48 9
8 45 50 24 33 30
49 57 53 16 17 3
18 14 30 26 6 11
47 29 28 5 13 43
47 33 20 9 10 52
60 6 48 51 33 58
15 11 48 44 10 25
24 23 32 31 1 35
17 27 50 16 24 46
50 49 51 38 2 4
10 58 56 38 4 36
44 40 41 35 5 11
36 33 55 11 50 57
7 55 26 42 44 53
11 54 4 49 35 20
43 18 35 1 42 16
7 36 22 45 57 38
52 40 51 31 57 46
28 44 50 8 9 43
20 53 33 35 23 34
26 51 6 27 32 24
6 55 60 31 29 7
15 56 50 47 3 32
59 10 51 2 45 19
8 5 42 11 39 45
20 13 56 7 12 53
26 16 39 15 38 49
7 19 24 39 37 49
11 4 18 34 2 22
3 25 21 7 48 37
5 50 6 10 18 42
52 37 6 30 17 44
37 39 41 49 10 32
8 46 11 34 10 41
36 25 60 24 55 18
13 33 6 42 15 59
7 45 27 31 50 41
27 1 32 24 22 9
2 57 52 5 30 45
49 3 10 20 29 24
8 54 53 13 48 17
36 33 30 55 9 40