280
1 55 24 32 41 6
20 47 34 54 45 18
30 12 7 46 47 51
41 30 22 21 37 40
52 44 12 33 6 43
58 23 57 48 46 49
54 46 2 34 22 50
56 55 19 43 44 9
60 38 15 51 4 9
39 6 4 16 55 34
51 1 3 34 59 4
56 32 3 20 38 8
5 19 34 33 10 37
39 6 32 10 48 36
57 28 54 39 56 55
30 4 32 47 26 28
5 35 31 32 18 50
13 40 9 32 50 35
33 31 36 59 45 52
43 39 45 56 25 46
46 15 14 5 19 29
42 44 8 49 21 54
55 17 13 39 59 2
3 14 27 45 44 18
48 11 3 45 25 17
9 25 40 12 37 60
25 47 13 37 54 49
13 17 29 31 21 39
21 14 9 54 26 51
15 52 23 48 6 14
13 2 29 17 59 28
52 6 8 39 45 21
43 13 12 21 22 36
55 14 24 18 34 33
29 30 27 31 60 5
21 7 20 32 29 25
52 49 50 25 34 20
29 4 23 33 27 37
33 46 45 2 17 51
6 53 30 48 37 59
31 29 37 3 10 60
50 39 58 33 48 26
46 56 37 51 53 22
52 55 39 42 46 41
52 33 4 48 55 49
45 55 41 4 37 3
31 22 37 58 6 28
26 4 34 38 11 16
31 34 41 4 54 46
26 53 39 7 21 51
6 2 27 30 54 49
39 12 33 55 2 14
10 9 58 22 25 24
24 50 23 7 42 29
51 17 10 26 46 20
47 10 52 25 1 50
43 35 29 16 12 37
49 43 51 56 26 28
54 12 39 52 47 24
20 59 39 42 18 2
54 25 52 39 41 19
36 45 44 9 35 39
51 19 21 56 5 24
9 35 6 13 33 54
29 8 17 23 11 2
48 9 47 56 7 26
16 1 5 54 6 13
33 59 58 30 38 12
46 21 44 48 9 6
58 23 50 26 4 33
40 59 34 7 56 36
48 54 24 42 1 45
29 40 3 56 32 5
43 32 54 27 28 29
13 15 29 23 22 51
59 3 35 51 16 1
14 40 42 2 35 12
44 23 3 13 31 48
58 26 38 8 17 56
58 47 52 15 1 50
24 57 35 28 5 50
47 19 58 21 49 46
48 3 44 53 10 40
51 52 8 7 14 50
42 50 28 49 60 24
20 42 12 15 10 36
35 31 15 22 19 25
31 27 23 45 41 39
44 1 59 45 11 28
6 42 36 28 23 52
40 35 55 42 14 57
19 48 7 29 1 23
57 38 41 43 20 2
14 56 57 45 39 25
6 8 4 22 57 59
59 8 3 56 50 9
13 38 23 9 18 24
39 2 14 27 12 54
20 51 46 55 39 12
53 12 6 41 42 27
46 47 28 29 58 25
45 48 34 36 7 12
1 42 33 7 57 37
45 12 34 58 22 42
10 25 47 34 13 48
29 56 27 37 21 30
29 9 50 13 15 43
17 38 42 40 21 50
34 32 7 60 28 59
13 29 15 28 48 58
57 52 32 2 40 51
5 33 50 45 23 58
59 2 40 1 10 57
43 46 44 31 47 14
2 6 23 45 51 21
43 21 55 28 42 48
52 23 32 49 50 15
33 16 8 25 57 52
19 17 1 58 4 8
34 46 22 2 36 25
8 41 3 46 43 44
5 35 16 4 49 38
34 40 43 42 39 19
41 53 13 15 55 3
10 28 43 7 32 46
46 38 1 52 26 22
42 3 52 49 41 40
60 26 19 47 15 46
7 9 11 48 10 38
59 15 28 36 19 42
45 30 37 16 33 12
17 57 59 44 29 13
46 33 7 42 16 44
37 17 22 20 1 9
6 27 31 17 16 32
58 37 56 42 7 8
49 34 30 17 3 26
29 1 16 59 45 2
14 47 37 42 49 33
32 53 12 11 28 37
49 13 33 54 55 31
20 11 36 60 29 2
5 30 18 8 50 40
4 42 23 14 9 40
29 38 27 24 40 26
12 43 31 40 4 17
17 25 11 12 47 54
18 44 34 16 50 10
44 13 46 7 37 26
57 18 6 29 34 55
60 47 39 15 24 56
41 51 35 56 26 34
3 18 9 2 59 32
22 42 27 34 16 43
29 55 21 53 39 50
48 17 14 53 6 38
43 24 22 38 54 16
51 6 54 17 4 2
2 43 53 35 30 13
21 26 49 47 38 50
13 42 59 2 43 33
1 22 11 46 40 33
30 15 1 23 35 45
28 30 37 1 3 29
4 31 7 37 49 30
3 48 20 38 55 35
23 53 20 10 57 42
51 7 32 53 58 35
31 29 25 60 53 47
38 57 25 8 54 41
27 15 17 2 12 39
13 39 24 25 29 56
7 25 35 5 59 4
40 43 8 3 54 26
34 8 45 32 44 26
15 38 39 6 44 12
18 34 5 58 17 19
43 19 8 46 27 51
44 42 38 1 58 46
57 15 38 53 13 37
47 35 27 43 19 38
21 52 9 31 53 4
10 17 55 20 14 21
36 35 57 55 32 58
60 29 1 41 33 11
16 15 2 18 34 25
41 57 59 19 20 3
13 22 16 34 47 58
41 11 14 47 49 32
6 9 40 38 59 60
39 21 51 2 40 25
45 25 56 12 59 9
49 19 42 18 27 5
53 43 50 24 28 20
48 19 15 52 31 44
26 28 11 36 46 42
8 27 58 21 51 35
31 30 1 21 5 8
29 21 31 2 32 26
51 43 1 20 46 53
8 4 46 60 53 2
37 7 54 30 24 27
21 49 28 44 60 42
11 59 34 50 28 30
11 7 45 28 9 42
22 11 37 8 52 54
31 53 38 25 14 51
21 31 42 48 22 13
21 25 54 36 57 45
11 3 23 34 53 8
4 12 21 28 59 40
7 34 43 12 41 47
33 15 11 6 60 29
40 25 59 42 35 20
32 18 49 2 15 45
38 50 37 25 39 12
36 17 11 25 43 47
40 35 2 33 60 49
17 3 9 57 50 7
35 59 31 12 44 6
43 1 49 25 30 14
59 10 31 18 36 48
25 17 7 27 28 35
58 19 14 21 50 23
27 55 24 52 44 43
58 33 7 2 48 44
22 15 49 48 2 34
32 31 2 38 48 28
35 55 16 24 25 50
44 9 4 38 7 12
44 53 3 33 24 27
35 43 4 52 40 30
31 33 44 41 54 8
42 19 31 29 43 52
8 53 10 59 29 13
36 18 32 2 16 54
6 48 59 25 56 20
42 7 36 53 6 10
53 59 50 58 56 36
39 41 32 12 60 10
27 28 17 52 30 2
9 46 27 16 14 1
25 57 6 35 8 19
45 49 29 58 16 33
18 47 7 45 43 9
28 17 51 6 21 22
7 52 9 44 2 49
40 30 36 28 41 22
58 14 34 38 50 52
9 22 1 17 58 35
54 1 44 43 42 58
28 9 7 44 53 27
11 55 51 32 59 25
6 39 57 29 12 2
55 19 23 32 13 25
37 55 43 40 21 32
28 39 43 53 20 60
25 34 46 28 55 2
17 26 34 59 13 31
26 59 6 53 58 30
25 11 40 14 38 21
59 52 18 28 58 32
55 38 35 10 39 18
15 25 55 21 58 20
45 29 37 31 3 2
12 49 10 48 2 53
39 6 30 17 41 8
5 30 7 48 46 4
51 50 33 15 16 59
55 56 27 22 38 47
59 48 53 16 26 9
32 22 28 56 26 40
3 52 37 44 53 19
49 27 6 52 38 51
26 22 50 30 41 51
15 27 11 4 23 52
53 21 56 10 41 57
17 29 4 46 56 52
47 41 14 12 8 13
5 14 22 48 24 13
23 9 31 29 18 41