339
50 14 37 1 32 56
13 29 57 14 31 35
3 21 17 35 18 55
35 12 38 40 47 26
38 20 6 31 49 33
31 16 40 12 59 6
22 32 12 4 50 45
29 44 16 41 15 48
44 8 22 18 7 10
7 34 36 60 46 50
46 27 59 53 58 5
28 4 53 27 48 18
2 47 36 49 45 55
5 39 29 3 41 7
45 55 47 56 43 27
25 13 18 53 21 52
7 36 26 12 49 51
35 29 19 26 7 9
12 10 29 22 58 43
40 12 52 10 14 31
16 51 27 3 26 55
32 59 15 13 38 42
19 13 50 1 49 24
16 5 12 31 30 60
37 11 54 3 4 9
17 21 6 7 34 23
57 53 48 24 42 5
33 35 32 37 31 19
34 36 48 52 22 11
40 37 49 3 41 9
46 32 54 8 1 34
60 21 20 13 33 14
6 27 12 59 53 45
28 10 36 50 31 33
19 7 1 39 18 6
2 33 32 4 54 8
44 59 52 30 56 11
55 42 7 4 48 54
39 23 40 3 14 30
60 1 59 14 26 23
45 15 41 46 48 57
13 60 20 37 46 17
9 20 27 55 5 36
42 16 7 37 48 34
32 31 25 19 26 28
7 22 32 21 24 16
55 11 37 48 36 42
8 46 36 40 7 60
11 2 44 14 37 9
30 15 42 35 21 46
30 33 9 31 46 24
8 16 15 56 11 18
8 33 7 22 9 42
45 9 18 26 20 22
32 43 29 57 14 28
60 18 21 17 9 54
38 52 40 20 22 56
39 32 15 38 58 12
42 51 52 4 50 5
14 45 55 33 43 39
37 55 28 52 57 1
23 24 13 26 48 31
32 11 37 60 24 57
46 42 48 55 26 1
38 50 60 12 59 57
46 35 42 45 39 59
57 33 38 30 50 25
60 46 36 15 24 43
49 46 5 52 43 36
50 7 2 58 25 36
56 44 29 39 41 43
20 8 51 1 21 7
30 55 44 11 3 21
58 21 12 55 37 11
20 33 32 21 3 6
13 19 35 12 1 42
37 39 50 31 1 43
55 28 17 60 51 41
10 38 50 23 33 34
3 2 27 31 15 17
6 47 34 41 52 42
35 58 30 22 52 25
58 3 43 46 48 45
57 15 11 23 16 47
27 53 24 50 19 58
49 25 17 16 50 13
15 46 38 18 10 59
36 16 23 50 34 7
34 20 40 35 26 46
50 18 15 19 6 51
16 51 7 4 15 55
50 55 13 8 19 59
16 55 54 7 19 33
4 33 46 29 15 52
12 51 31 1 26 59
41 24 29 4 1 46
45 21 15 9 16 18
59 35 24 46 16 55
11 16 36 58 41 48
3 57 14 44 45 9
45 47 8 10 39 60
46 10 29 28 57 39
27 4 1 41 56 7
52 50 56 59 14 58
37 32 8 48 20 9
52 18 57 32 20 54
41 49 17 53 8 50
47 3 35 28 49 42
45 35 14 23 52 44
33 60 37 36 52 39
50 43 12 7 6 19
6 48 54 40 57 31
33 43 55 27 7 35
34 31 25 46 58 55
27 56 33 54 41 30
26 34 15 48 8 17
1 51 45 28 21 53
18 56 43 41 58 35
10 33 29 49 17 42
16 58 56 60 34 25
13 38 44 45 57 1
36 33 28 15 6 41
51 44 45 36 26 24
7 1 11 58 43 29
45 10 39 57 27 28
3 36 15 29 13 41
20 54 6 23 13 35
44 53 29 41 26 21
14 38 11 10 33 59
29 39 11 45 26 10
46 38 53 42 27 30
14 47 43 54 11 24
5 27 54 37 21 48
37 50 21 44 41 36
3 14 12 38 48 50
8 40 19 26 5 53
48 21 20 54 4 11
37 56 49 8 3 11
59 6 23 5 7 56
42 33 39 34 30 51
40 17 18 38 39 9
9 7 16 58 32 3
35 53 5 29 25 8
5 41 46 24 33 37
2 40 56 17 59 36
23 57 47 52 55 54
25 10 13 18 28 36
7 13 43 42 44 2
22 5 52 6 29 15
54 42 52 49 35 38
54 49 7 13 53 8
32 14 3 9 16 34
19 51 50 54 2 57
48 19 58 2 25 53
35 9 19 57 40 5
44 29 2 34 13 53
22 44 12 6 45 57
8 19 24 48 6 14
34 28 30 14 12 16
15 19 26 18 34 49
27 26 34 59 42 30
41 25 11 47 45 34
35 49 54 7 42 22
8 55 4 19 37 33
43 13 12 24 28 19
26 39 7 3 32 20
44 52 55 19 49 2
28 12 38 24 15 60
6 60 32 12 24 2
20 27 58 12 55 26
41 44 24 50 60 1
57 5 22 56 58 9
19 48 39 43 38 25
32 56 54 43 57 44
17 43 1 15 40 21
44 36 40 38 35 37
35 60 12 6 19 8
11 40 55 57 18 29
48 24 45 2 42 50
7 32 5 33 58 16
58 12 41 55 38 39
36 2 10 35 4 32
56 38 36 46 50 8
36 22 3 56 54 60
12 32 1 56 27 51
54 30 35 6 24 43
45 10 20 29 17 40
29 11 7 39 34 15
22 53 26 35 30 5
32 33 40 50 5 19
17 28 5 12 58 54
59 27 36 6 46 17
16 48 29 57 52 5
24 47 31 53 4 23
41 60 48 18 28 54
28 6 37 17 43 44
45 8 50 33 55 13
53 41 26 54 16 12
2 7 13 18 41 4
8 10 54 5 20 43
50 56 29 42 17 60
33 42 59 23 48 2
53 60 33 47 52 12
40 59 28 31 47 17
28 13 59 18 11 55
56 34 1 10 36 40
37 4 17 55 57 43
55 13 24 44 18 19
30 27 28 4 20 18
16 37 42 14 25 48
40 29 60 39 42 50
9 25 35 58 19 44
25 45 39 48 31 42
8 46 41 34 59 33
31 42 19 13 6 24
37 48 19 15 11 27
28 11 31 29 53 35
54 60 40 49 59 51
39 24 32 40 18 33
18 3 7 57 51 59
25 55 41 50 38 7
41 21 27 50 7 17
37 7 49 21 39 38
18 35 58 53 10 5
39 19 37 51 38 34
12 26 7 33 58 11
47 30 48 57 22 19
35 50 11 12 38 40
50 21 8 56 44 52
14 21 43 46 6 25
53 35 29 33 23 1
41 44 45 12 30 33
54 2 20 1 24 45
36 58 52 38 21 11
50 20 52 3 22 47
55 20 17 10 27 49
49 47 52 48 22 17
39 7 23 38 28 24
1 54 52 33 9 13
27 7 17 18 11 52
21 39 34 30 51 11
32 50 6 34 48 46
30 3 47 55 6 36
10 20 9 38 24 3
12 28 27 13 11 48
30 16 26 25 36 21
18 7 12 19 53 36
33 38 53 37 5 27
20 51 18 48 54 11
16 9 22 42 45 38
39 54 35 19 20 42
40 44 18 9 25 60
47 25 49 23 19 7
41 45 50 18 49 37
26 13 39 29 14 59
34 24 48 17 4 51
33 24 25 17 16 26
19 56 8 20 27 22
27 9 52 51 17 50
6 9 24 39 4 44
58 1 21 16 57 29
13 34 60 15 1 39
34 51 47 31 3 29
33 21 57 29 5 53
29 50 40 56 54 48
41 4 42 14 7 54
25 15 39 60 5 49
35 53 13 55 52 56
41 28 1 52 7 4
16 33 60 36 15 1
43 52 58 11 48 3
2 38 8 44 39 52
11 12 53 47 13 22
42 32 27 12 20 6
16 30 33 40 38 27
31 54 19 48 40 13
17 28 19 32 58 13
51 47 35 29 30 59
15 39 54 10 51 57
34 29 51 36 53 57
7 24 17 58 31 53
8 16 49 7 37 5
8 2 21 58 31 25
49 13 1 37 47 36
33 34 15 45 5 31
3 44 2 52 11 34
16 22 23 49 18 53
17 58 46 37 60 22
22 34 31 53 30 28
12 30 1 11 29 47
57 9 38 25 35 23
49 6 1 9 31 50
57 31 51 40 32 26
30 9 24 46 26 58
27 8 60 12 13 45
6 25 59 5 57 21
48 25 44 51 26 49
17 29 36 3 16 1
60 14 27 52 13 58
18 17 25 49 20 19
24 45 3 14 5 36
19 41 48 5 16 47
14 13 59 35 51 23
50 37 49 7 43 45
32 6 43 2 27 21
49 50 13 5 27 11
20 17 32 53 42 35
45 58 30 6 13 42
10 56 7 15 48 18
25 44 59 47 39 56
25 44 6 57 1 16
3 6 4 7 11 17
45 7 12 17 42 29
51 5 39 48 12 34
58 34 1 21 20 23
50 55 21 34 60 44
41 28 10 29 22 2
23 18 57 51 59 21
11 7 45 59 51 26
13 19 39 35 49 28
47 22 8 15 31 6
31 41 33 7 13 57
39 33 5 58 35 19
9 12 34 43 20 1
31 26 53 43 13 45
50 8 18 3 55 27
14 26 13 22 50 42
23 35 49 13 53 52
33 21 32 54 17 35
26 36 56 48 34 16
5 24 27 43 13 46
58 1 39 5 19 44
22 53 8 25 41 32
4 7 28 27 14 50
38 44 20 45 29 27
50 28 42 45 16 53
40 39 60 15 25 51
7 33 56 27 16 21
41 3 2 30 5 13
14 1 54 12 20 18