38
29 37 42 21 51 31
44 57 6 9 26 30
43 23 20 60 31 10
50 20 49 33 14 45
25 19 10 1 34 36
40 46 49 27 56 15
54 30 8 40 24 10
57 11 46 45 8 35
3 8 32 60 4 48
31 44 19 18 5 32
44 54 12 27 18 45
14 24 48 58 34 45
24 4 30 5 12 58
34 39 45 30 51 29
47 19 34 18 17 28
30 55 42 12 52 32
18 55 16 50 3 38
5 42 46 60 17 59
10 25 2 20 8 41
9 41 10 12 46 5
14 38 23 34 35 55
11 9 29 1 43 25
42 30 1 58 31 3
29 25 56 60 38 13
57 33 17 31 53 45
44 45 14 21 39 47
3 12 39 23 52 31
33 8 47 54 35 41
52 13 9 50 8 6
11 50 17 7 9 52
49 12 4 52 16 10
44 17 29 8 59 13
44 3 46 54 26 7
13 20 56 31 46 14
28 53 51 10 41 49
24 19 42 15 21 22
4 26 9 51 16 32
16 42 23 10 27 28
13 58 18 51 23 30