64
48 12 2 18 19 15
2 54 36 7 21 50
30 26 57 44 9 24
6 29 18 48 50 38
21 33 57 51 48 16
3 21 13 8 22 54
11 53 58 27 54 23
13 3 33 1 42 48
27 8 60 9 4 55
52 58 39 45 44 43
43 56 40 17 1 58
21 54 49 53 7 10
41 50 36 53 44 24
8 35 27 17 9 1
41 49 28 7 53 30
52 30 22 15 23 1
27 24 41 42 32 52
40 51 52 12 60 31
30 22 9 21 39 10
23 21 13 29 44 42
23 54 13 52 42 35
44 47 20 3 45 31
45 35 51 7 36 25
26 22 47 42 7 10
34 12 18 1 32 42
58 54 57 34 8 21
12 44 13 15 21 24
22 45 39 23 24 33
10 4 41 45 20 13
59 29 10 32 57 42
33 38 59 55 50 8
48 1 20 47 18 58
7 56 52 31 47 34
1 2 58 33 27 46
13 6 24 49 40 20
35 13 48 18 24 38
22 58 20 26 8 19
23 32 47 33 44 55
45 56 12 26 55 19
59 5 41 32 25 4
17 30 1 45 33 8
25 56 52 26 8 23
25 40 60 10 26 35
29 19 11 36 59 7
26 38 17 8 13 7
1 45 15 3 27 50
32 2 5 19 51 47
12 1 52 28 3 36
28 58 7 29 45 6
42 37 50 15 26 19
3 8 40 52 36 5
56 55 19 36 6 39
18 7 47 8 27 34
27 25 41 38 18 19
47 43 7 23 21 22
7 27 53 26 48 47
35 43 40 31 46 13
29 48 4 37 5 21
47 25 13 52 41 6
3 23 6 60 27 7
32 53 55 20 39 58
7 44 41 56 20 40
11 45 47 51 20 14
43 24 44 8 32 59
42 33 56 8 44 36