138
49 42 20 44 43 5
3 56 41 25 34 33
12 48 2 55 15 37
1 44 40 26 12 24
2 36 26 28 44 19
19 16 45 46 25 44
22 9 5 53 41 57
12 38 45 4 20 1
33 29 1 51 12 18
39 50 51 8 27 1
35 56 24 14 46 39
4 17 58 31 30 10
28 59 3 7 47 49
2 26 36 8 58 25
41 25 24 40 2 42
57 30 13 46 35 23
11 30 28 47 43 52
12 60 11 32 41 26
27 33 9 56 17 47
45 24 55 35 29 9
43 49 6 45 7 54
28 59 2 57 38 12
5 34 49 37 31 58
18 14 60 34 53 55
54 24 36 57 16 41
50 57 36 39 16 13
10 23 56 8 14 30
26 1 33 12 18 10
39 44 45 16 51 22
41 37 25 55 6 60
28 26 49 10 11 19
33 34 38 51 43 10
41 30 33 11 37 15
37 5 57 54 21 20
29 39 21 22 52 17
25 24 53 52 56 33
51 54 27 1 40 15
53 51 28 46 16 39
50 40 1 31 55 5
31 57 39 32 34 41
40 25 14 2 32 15
36 9 45 11 39 23
6 1 50 47 3 7
23 53 57 52 43 19
59 21 52 58 10 2
58 44 29 35 12 32
59 11 18 35 22 31
50 1 8 55 54 36
7 42 40 1 12 43
19 37 58 8 22 27
42 25 28 6 11 27
12 57 11 6 25 29
42 34 6 4 13 51
33 8 15 41 49 42
57 1 56 35 10 18
55 18 12 24 7 60
60 20 12 57 58 51
13 7 37 27 60 10
48 46 31 36 60 58
5 11 18 58 23 46
4 36 43 50 33 16
9 8 21 1 12 25
46 42 52 32 48 47
48 40 23 18 41 33
32 26 54 37 47 25
37 33 32 19 48 17
31 57 32 52 18 12
40 41 54 33 23 20
52 8 58 17 53 33
29 56 42 8 10 47
31 32 11 28 4 7
26 31 43 59 20 27
38 56 13 16 52 25
48 17 54 32 44 60
11 16 37 53 44 60
34 33 30 40 38 37
26 54 29 30 49 48
13 3 33 32 2 25
26 17 30 56 16 14
44 5 17 34 39 30
14 8 29 49 15 39
52 50 3 56 59 57
7 19 12 34 40 21
40 43 37 48 3 20
37 21 55 13 32 49
49 23 9 39 59 24
16 15 33 53 18 59
37 4 2 5 30 41
6 60 33 4 10 23
38 22 3 45 49 31
7 6 17 14 47 31
12 24 38 32 19 49
9 13 37 10 18 23
11 10 7 27 4 1
58 7 23 13 30 24
44 19 34 59 2 45
31 49 8 23 1 6
44 51 23 16 53 39
27 24 28 26 20 11
17 8 3 50 57 18
41 34 42 28 27 39
12 4 22 39 3 19
39 50 30 43 44 53
54 60 28 47 58 2
12 55 34 48 50 13
54 1 9 17 6 3
49 17 23 46 34 19
25 8 30 41 7 43
13 47 41 21 8 18
31 12 14 16 28 20
30 23 20 57 27 44
54 44 13 14 38 17
24 53 4 3 54 11
40 48 36 47 58 32
50 57 23 36 48 46
17 20 35 10 21 9
31 37 9 59 23 10
55 49 37 33 1 11
8 59 36 3 13 30
15 5 7 8 49 9
32 52 10 43 2 34
29 3 27 7 50 4
20 59 23 15 56 31
20 40 43 49 46 29
9 54 18 2 31 43
32 3 11 36 43 13
11 19 2 12 34 43
37 54 23 7 31 13
38 47 22 31 59 4
1 58 34 22 28 55
48 13 28 33 23 36
10 25 49 50 40 37
57 27 4 28 11 38
13 17 43 45 58 20
60 46 6 41 10 51
15 40 47 45 18 9
5 31 33 7 58 54
35 43 56 45 13 55
5 39 25 52 58 7