103
27 58 42 32 19 56
6 4 31 42 38 54
58 9 34 17 31 47
21 15 45 55 60 41
36 55 43 15 20 21
51 31 46 13 18 59
45 9 21 1 14 20
23 58 20 38 43 47
59 3 19 51 43 15
47 48 21 18 3 15
22 31 46 19 44 40
48 26 22 30 56 17
13 52 18 5 47 9
35 43 14 47 60 32
49 18 60 11 25 10
20 13 24 50 10 60
29 45 5 51 41 20
58 53 17 11 12 41
28 15 2 35 6 23
32 27 20 48 1 15
48 30 58 9 23 22
27 29 6 60 52 2
31 10 13 35 48 39
48 10 3 50 20 49
24 58 37 26 14 36
60 28 47 34 33 48
35 9 27 37 44 29
7 52 34 58 44 15
59 48 21 8 60 32
7 29 14 39 27 32
10 53 29 48 14 30
14 17 54 24 5 49
23 39 14 57 48 34
11 54 41 19 57 56
16 22 3 21 54 42
14 49 42 15 11 21
2 8 23 44 1 55
22 60 10 4 20 37
27 35 30 57 25 9
57 40 14 5 58 50
42 21 17 29 11 36
7 28 31 38 50 54
2 29 16 54 46 37
16 9 57 40 60 59
8 31 56 39 45 1
12 39 46 31 9 38
11 21 15 51 16 53
36 11 52 48 33 12
16 33 43 28 8 44
16 43 30 19 24 3
11 22 50 38 27 35
32 25 31 29 48 33
26 8 19 51 45 42
20 56 35 3 36 18
56 36 5 31 6 10
4 42 30 28 15 45
29 1 37 13 40 43
9 30 7 4 45 32
45 54 35 39 29 49
34 40 46 59 2 47
55 56 11 31 41 39
26 12 53 20 33 54
36 10 52 58 15 56
51 57 32 4 56 23
33 37 53 6 15 55
1 6 39 11 13 50
34 21 58 39 23 54
33 49 19 42 41 18
29 3 8 37 55 56
38 35 5 57 27 45
47 35 6 57 58 21
42 19 18 12 8 5
54 25 52 13 14 43
4 47 11 42 30 31
29 16 52 49 28 46
42 12 27 28 40 45
41 57 19 31 12 5
10 52 55 45 2 49
5 58 24 25 59 51
31 50 46 11 44 26
45 25 37 59 26 32
18 25 7 58 31 6
3 2 6 31 47 32
22 37 35 31 44 23
46 21 53 18 27 23
10 20 23 33 8 29
41 53 45 29 8 56
6 14 58 23 8 34
8 58 19 36 2 41
2 21 48 18 13 6
10 35 11 14 60 36
3 35 20 9 14 26
36 24 25 8 20 2
31 26 47 54 17 6
2 4 57 5 11 39
27 4 8 37 29 14
44 40 12 24 23 55
56 14 5 16 36 60
51 44 10 42 59 47
7 58 28 51 3 35
6 30 58 24 26 21
14 38 47 42 17 25
56 52 42 15 23 34
21 34 59 43 24 29