498
41 3 59 42 8 44
4 47 43 54 17 40
8 40 53 6 17 25
6 36 52 30 5 3
55 16 48 40 24 53
58 3 9 2 51 15
50 27 53 10 29 18
52 44 23 36 49 33
39 55 19 17 24 28
6 50 13 38 59 56
52 40 2 60 11 5
22 16 6 36 4 47
4 56 24 9 38 16
8 21 28 30 4 44
45 41 1 24 28 20
55 30 44 8 29 59
20 54 29 53 23 21
5 28 33 32 48 50
49 52 12 57 38 4
50 53 51 23 30 19
2 47 16 46 60 58
2 46 38 15 26 6
42 8 10 53 48 51
4 10 22 18 46 52
15 21 11 5 8 17
20 55 51 36 29 8
7 12 52 37 1 42
48 40 39 28 42 24
1 20 35 10 60 45
46 60 19 34 20 3
21 45 41 7 33 27
18 37 39 26 33 6
11 31 34 49 56 39
15 20 1 48 57 34
6 30 17 42 26 35
49 14 44 25 5 3
47 54 44 60 55 25
58 39 4 45 10 60
37 27 21 2 43 8
17 12 50 28 18 47
19 60 1 48 47 35
20 15 11 10 56 54
41 52 6 49 55 16
10 42 6 49 24 4
50 36 54 2 22 46
2 28 14 36 60 8
35 39 5 45 53 31
60 37 35 55 36 25
52 51 43 34 13 31
21 58 4 20 57 7
35 52 36 27 38 51
38 33 23 57 32 49
42 36 59 29 31 25
33 56 25 15 49 28
12 28 15 2 57 31
15 54 46 55 29 59
48 37 5 29 6 11
55 21 26 52 18 10
17 25 16 11 55 3
49 1 57 31 39 50
58 56 35 21 24 47
55 29 28 33 51 8
13 32 24 10 33 15
9 2 21 33 11 13
33 31 47 20 23 37
3 40 8 2 32 55
53 20 43 45 56 39
12 56 52 20 25 41
19 38 21 16 29 23
43 15 2 31 21 14
53 35 15 34 11 17
30 20 39 12 9 41
22 29 26 16 46 58
12 14 20 7 24 52
32 10 20 6 26 16
7 28 15 53 11 49
54 22 23 12 9 28
46 33 55 7 22 41
57 39 9 37 7 22
45 33 16 56 7 54
15 9 54 20 11 53
18 36 57 10 5 49
31 49 44 59 38 16
41 16 56 32 27 51
53 33 51 16 22 17
5 57 48 39 46 20
18 7 57 4 14 11
46 55 29 56 11 38
17 46 49 39 60 24
52 10 24 41 5 14
41 60 9 32 1 11
49 23 22 13 58 60
58 44 15 4 60 13
55 53 22 59 20 36
22 54 36 45 37 13
32 15 36 51 53 54
29 9 13 57 15 6
50 16 10 7 37 52
2 37 57 39 46 58
20 7 42 57 38 48
26 11 44 55 45 28
39 34 26 14 41 35
59 55 57 51 5 49
35 37 12 39 43 7
9 36 3 38 55 11
30 37 38 17 9 2
4 9 22 33 58 51
27 12 38 50 52 6
50 25 20 6 33 42
12 48 38 37 45 7
41 59 7 39 4 56
42 13 47 43 3 23
6 9 20 17 39 58
42 7 35 11 51 3
20 52 30 54 53 36
45 40 41 56 8 20
32 42 10 23 40 53
28 26 14 46 54 42
34 7 2 60 3 4
30 23 11 54 27 56
57 55 35 2 50 9
47 25 1 15 46 17
21 57 13 39 1 7
26 58 10 40 27 6
53 34 47 49 1 20
60 25 28 58 1 51
17 23 32 1 59 4
19 55 20 26 59 9
57 15 3 53 19 46
35 21 16 47 19 3
23 13 60 14 24 50
27 19 3 59 29 47
16 52 58 8 3 30
21 22 23 50 15 38
9 46 54 38 31 33
57 55 44 24 12 50
2 18 8 27 46 51
50 7 14 30 53 20
33 50 8 13 43 55
4 24 48 59 17 14
56 58 57 3 29 54
13 6 18 59 42 10
30 50 40 33 8 60
19 48 34 38 39 8
35 26 15 18 2 46
40 4 17 10 42 41
47 35 36 11 45 33
60 21 19 45 58 30
9 3 52 18 42 55
17 27 15 34 52 44
51 28 47 41 50 32
13 14 5 34 48 30
60 37 15 53 5 46
32 24 19 31 14 53
51 15 19 30 5 42
14 23 4 48 51 3
39 12 28 16 40 30
47 31 1 60 15 46
24 3 14 48 46 5
27 59 52 9 46 17
56 32 27 53 11 24
17 19 59 7 26 58
38 24 41 31 19 36
23 29 60 28 19 46
49 50 8 35 5 31
57 37 48 25 26 24
5 11 59 15 58 20
26 16 7 44 17 10
27 48 8 21 40 20
1 56 16 51 32 14
15 19 59 51 47 57
37 27 46 6 54 3
14 56 12 34 29 46
55 37 32 3 21 43
36 26 1 27 40 9
1 18 31 53 21 6
31 32 44 41 50 33
16 26 41 25 28 47
14 27 1 46 6 30
8 46 34 57 1 6
22 18 13 11 1 36
48 47 60 41 22 1
2 30 11 15 13 46
52 1 20 11 25 7
54 51 8 20 41 55
60 22 5 45 31 34
5 37 58 4 39 31
19 21 48 44 32 36
45 58 25 35 59 15
49 58 9 35 29 15
1 30 59 41 57 55
18 58 54 27 6 13
46 19 31 2 27 26
2 13 56 44 26 58
42 18 27 17 3 57
55 29 50 56 58 52
29 25 60 31 16 50
39 5 27 4 21 40
6 51 38 12 25 5
12 35 53 45 24 21
15 13 36 51 16 9
33 8 24 15 17 44
10 7 41 38 5 60
17 48 7 14 41 25
35 53 60 4 38 25
36 10 43 28 9 31
59 34 52 20 23 36
19 56 49 25 60 6
59 29 35 15 17 20
50 45 21 3 60 38
42 53 52 48 55 41
44 7 29 59 39 31
5 33 20 24 13 25
9 25 59 48 55 57
57 15 44 3 32 45
4 56 14 48 16 59
28 3 58 17 59 4
21 3 38 16 9 48
49 58 17 57 39 6
44 17 7 21 16 55
57 1 52 36 55 32
60 55 23 43 9 45
50 34 6 4 52 2
34 45 3 52 49 46
39 34 4 17 14 41
50 24 20 31 5 21
43 54 4 11 50 49
7 31 53 25 38 45
4 21 20 6 5 56
3 17 4 2 57 23
4 41 5 28 8 20
34 28 2 47 50 4
6 56 36 26 4 29
24 59 32 27 12 15
18 9 37 22 1 56
14 10 15 9 25 20
39 23 19 26 41 5
46 59 45 13 58 11
35 9 18 37 17 23
56 60 27 24 12 30
50 4 27 53 15 60
22 10 38 31 3 55
8 35 17 56 4 25
44 5 7 11 14 30
44 55 21 56 42 29
60 54 5 53 35 12
13 12 25 37 53 48
24 9 7 47 31 30
44 19 53 47 45 22
41 46 4 10 8 34
6 4 46 2 5 26
1 19 15 28 47 27
1 51 17 47 54 30
14 17 1 58 49 26
53 34 11 19 1 25
18 51 8 44 31 30
23 26 47 25 6 7
7 41 54 31 58 38
1 50 38 5 58 47
35 21 58 36 37 31
34 58 36 30 9 42
57 7 37 19 43 26
7 36 28 8 22 9
47 8 48 36 4 51
24 45 41 59 40 11
29 56 21 24 22 14
20 42 19 24 51 13
40 39 48 51 14 5
42 44 49 15 16 5
39 24 46 41 12 54
56 19 41 22 52 6
18 60 45 10 6 58
51 24 19 8 18 55
12 14 49 52 28 43
55 4 27 30 44 33
28 59 37 9 3 46
54 32 35 42 23 31
18 33 46 5 27 48
43 54 50 38 10 11
36 3 54 48 42 8
4 28 58 43 14 46
19 35 34 11 20 27
4 55 28 40 54 36
10 18 46 1 36 24
60 55 20 9 43 49
42 22 27 60 47 53
57 10 42 20 36 22
26 3 13 18 21 46
35 32 55 47 4 15
38 2 58 10 29 3
52 12 38 53 8 22
3 55 49 20 54 39
16 30 32 23 25 53
38 59 27 39 26 15
43 60 18 9 52 19
29 51 18 41 7 12
21 49 51 53 25 44
44 7 36 19 3 8
58 30 46 36 34 39
57 47 37 27 42 43
13 55 49 9 12 30
38 3 23 15 2 33
35 12 6 2 1 43
16 27 41 58 39 55
24 3 37 9 20 28
41 44 16 29 6 48
30 39 55 56 16 54
44 30 9 26 23 27
11 57 3 27 7 25
37 52 28 3 24 43
10 54 24 31 46 28
24 32 42 39 3 7
59 17 44 23 38 60
27 29 21 41 2 4
3 26 44 40 50 49
35 54 23 28 60 58
5 1 43 37 27 35
48 23 47 4 35 19
42 4 36 32 45 60
18 56 41 4 48 26
17 29 35 56 50 34
56 55 25 53 46 26
5 19 13 24 6 10
28 40 57 53 23 38
56 10 24 46 41 53
56 19 53 54 22 21
24 35 3 29 22 50
51 5 56 32 17 16
13 44 37 22 23 11
5 22 49 48 21 4
10 59 42 46 6 18
30 54 45 28 5 40
18 34 35 55 60 37
59 52 30 32 33 54
10 15 12 18 28 24
58 6 59 7 3 56
36 35 29 16 15 54
7 9 39 59 40 31
43 6 41 12 3 46
49 27 4 53 28 3
43 13 16 33 6 56
39 41 15 33 58 34
6 55 45 22 29 3
32 11 51 2 29 20
28 26 2 35 52 18
49 53 3 45 47 28
7 60 10 49 31 1
5 20 23 32 19 33
18 54 60 46 3 49
4 7 1 59 42 17
40 1 17 4 10 42
6 35 17 37 31 28
19 2 14 32 43 31
31 38 26 35 37 8
30 26 6 52 57 36
28 39 30 54 4 58
56 35 33 6 50 49
33 54 40 10 34 32
6 52 16 50 51 7
18 44 31 16 35 55
33 60 5 46 32 44
12 16 44 49 28 41
35 50 33 59 57 30
32 55 21 58 12 57
51 18 43 14 58 11
14 21 50 39 13 24
43 25 24 47 50 17
37 58 14 19 25 26
8 45 18 50 11 17
28 58 24 7 27 51
57 35 6 30 1 56
41 3 20 58 1 33
19 18 22 21 59 45
54 53 10 5 57 26
23 12 54 35 53 5
52 45 48 18 54 16
53 52 9 22 43 11
25 26 45 15 57 11
4 50 8 51 48 52
30 26 56 46 33 49
43 37 7 23 49 12
14 28 9 12 33 18
15 58 31 22 6 59
22 30 18 15 41 53
55 27 33 35 47 48
9 11 31 28 40 42
21 52 10 3 44 50
45 26 55 19 30 35
11 57 19 56 35 58
36 50 38 35 3 12
42 15 46 30 55 21
36 45 17 4 40 19
27 45 50 7 33 15
25 41 2 24 55 46
24 47 54 10 35 23
49 50 6 28 22 26
26 24 9 30 22 42
20 19 10 39 30 14
1 56 48 36 12 4
27 4 15 17 1 2
34 7 40 6 54 56
27 12 57 56 34 46
17 11 51 12 9 20
10 26 1 27 2 56
25 12 26 30 53 29
12 14 45 48 13 21
37 22 3 38 9 16
13 8 45 25 41 52
25 30 28 23 7 21
44 22 28 36 45 11
55 51 30 56 36 39
28 8 19 15 24 52
54 3 15 7 44 19
15 53 25 60 3 31
23 50 60 43 27 8
19 55 49 4 28 23
27 8 4 54 17 24
13 12 41 32 54 24
53 15 47 25 24 60
17 11 41 21 5 46
45 20 43 56 21 33
44 31 37 14 23 29
47 13 41 36 21 34
39 55 19 45 17 20
17 1 27 40 31 53
21 51 6 18 53 46
43 50 45 26 51 46
35 50 38 41 44 7
13 35 60 45 5 4
19 34 26 36 1 51
8 37 13 42 51 45
22 53 1 3 45 37
39 4 56 43 16 38
44 1 34 7 14 21
1 5 53 36 40 37
47 44 58 1 37 59
11 16 7 48 15 27
4 16 48 60 21 58
28 2 1 58 23 18
25 60 23 47 52 53
57 44 32 59 26 16
12 52 45 7 35 55
34 57 39 17 11 59
10 19 46 1 24 36
44 17 36 12 23 8
21 22 48 26 17 31
1 16 2 38 33 7
31 39 2 8 15 42
2 40 25 28 50 37
19 45 40 13 12 46
10 58 21 38 1 5
54 1 36 53 2 13
54 39 33 31 34 50
16 22 32 2 10 6
8 17 47 49 5 15
21 26 25 40 55 42
21 49 42 46 23 50
18 28 56 29 11 19
20 5 37 27 10 25
9 8 23 50 41 27
15 40 45 2 24 54
41 10 5 52 25 48
52 5 50 42 45 38
20 56 15 35 60 42
60 38 33 8 18 58
43 46 30 34 56 57
46 2 37 49 39 45
4 7 59 5 28 56
8 11 36 21 53 59
42 59 60 11 44 57
36 34 4 17 45 15
14 42 22 43 19 45
15 16 42 44 3 23
51 8 33 2 48 17
39 44 14 7 6 42
8 52 19 18 35 13
14 32 21 50 55 33
58 30 57 8 42 22
16 57 22 28 18 44
52 3 8 60 41 29
20 21 23 35 19 60
19 43 54 13 10 7
4 27 41 14 23 59
27 35 52 11 59 23
19 16 12 54 5 56
1 28 21 24 56 59
15 28 45 59 5 46
52 7 49 44 55 39
9 25 37 3 23 57
22 2 47 20 1 50
25 6 36 58 40 12
47 25 50 10 32 38
60 50 39 29 42 6
60 20 55 29 14 17
45 31 1 27 41 19
59 11 46 31 48 37
52 14 5 18 35 58
20 54 26 41 25 34
5 32 16 34 59 8