448
8 24 13 57 41 9
18 1 27 8 24 60
12 18 54 50 7 37
36 6 56 21 9 49
5 32 52 49 16 24
36 5 35 59 2 1
35 42 18 56 38 14
11 47 28 17 39 43
27 35 37 23 16 36
53 55 18 50 12 29
6 21 38 39 58 48
51 36 28 41 44 16
16 56 39 21 41 58
37 4 56 29 13 27
2 30 14 10 11 21
49 20 29 48 24 22
58 34 2 38 42 59
34 42 20 58 45 21
21 11 48 18 32 23
17 18 22 45 16 19
36 44 49 22 20 9
16 25 36 33 1 3
57 46 37 31 28 30
26 59 23 27 9 48
42 2 10 7 51 4
27 45 9 53 33 30
11 39 34 57 35 45
1 18 46 41 34 9
45 41 17 30 13 25
1 7 55 4 3 9
43 37 55 39 19 52
31 44 45 23 57 42
56 4 44 50 15 55
1 41 36 20 5 56
55 19 23 20 1 52
59 25 38 2 28 50
18 4 26 47 9 60
8 12 24 6 10 19
32 33 29 11 21 17
54 34 59 24 29 31
47 30 56 6 34 20
55 2 10 16 31 18
9 41 60 11 35 54
43 13 36 23 17 52
19 12 22 35 46 15
55 7 36 41 40 10
58 6 23 4 32 2
20 18 2 9 17 41
7 31 11 14 24 27
49 51 3 43 8 56
36 29 3 50 25 39
27 46 21 12 30 13
56 6 24 47 18 36
23 28 55 18 38 9
56 6 50 30 28 32
3 47 20 22 35 54
2 11 20 32 10 15
10 35 1 56 43 55
19 46 39 18 10 44
1 52 2 3 31 34
27 29 2 37 11 18
34 20 53 32 28 60
25 27 4 52 30 50
3 13 9 51 52 12
42 32 60 10 45 24
1 23 27 49 16 30
22 11 25 9 5 31
17 13 25 1 57 36
18 11 20 37 38 13
45 7 32 38 50 52
9 31 41 15 20 42
56 40 35 34 52 41
33 26 43 34 39 18
2 14 24 13 50 22
33 1 55 39 50 27
18 54 34 11 26 30
37 8 59 9 7 46
10 4 16 56 33 46
11 17 57 32 8 16
38 8 49 35 29 36
22 15 17 10 51 37
50 60 39 58 40 48
39 45 28 43 38 56
41 49 13 52 48 46
30 42 55 3 32 10
30 27 10 24 33 2
31 19 11 14 60 13
22 49 47 1 20 60
17 9 49 5 8 45
5 57 59 9 54 21
35 51 38 24 29 9
15 23 37 9 45 14
60 11 9 20 6 29
55 49 12 19 11 25
32 21 20 9 44 38
23 49 33 7 60 48
7 9 30 23 29 47
42 1 5 16 49 40
9 5 25 21 47 49
7 15 13 3 2 38
51 11 6 55 54 46
7 35 12 52 13 36
42 17 8 1 33 6
5 52 49 24 20 19
40 36 48 16 13 41
11 49 24 41 21 29
34 15 1 35 24 51
20 15 14 32 21 18
37 17 48 16 3 49
34 1 7 46 50 27
24 46 14 60 42 4
58 5 21 36 41 56
28 57 36 13 48 59
19 47 48 56 11 50
34 11 2 9 48 24
2 30 60 28 29 33
3 9 15 40 31 59
11 25 3 40 15 9
9 15 41 36 21 8
17 25 54 22 47 19
18 15 36 39 45 59
46 55 25 37 45 20
8 26 42 52 10 35
21 4 56 18 26 8
7 16 33 5 38 27
54 45 44 51 19 26
31 34 46 41 12 15
25 8 10 44 23 37
17 51 16 11 25 2
17 49 58 40 31 19
48 21 33 44 3 17
43 56 45 40 50 30
30 52 6 55 47 5
18 5 31 41 51 9
10 55 59 43 34 16
21 45 25 57 36 49
6 43 8 42 53 14
52 28 39 3 14 7
22 11 58 3 18 44
38 31 12 5 4 35
59 12 40 20 17 49
20 15 6 53 24 52
53 44 24 56 15 14
2 18 29 48 41 31
19 7 58 23 9 54
42 54 24 28 9 29
21 39 37 16 49 18
14 41 25 34 27 31
57 6 39 3 1 7
37 21 40 15 41 5
1 53 33 40 21 16
38 49 32 39 18 5
49 38 5 8 10 48
20 23 3 46 32 31
8 59 4 12 60 52
6 1 60 57 24 16
28 47 43 17 51 8
50 22 53 52 1 27
10 33 58 55 23 56
46 9 43 25 7 38
54 11 44 28 49 3
40 23 3 33 37 26
60 24 29 19 33 17
3 9 8 16 49 41
12 42 6 55 7 29
22 35 2 9 4 28
52 1 43 27 18 9
48 6 4 32 50 3
34 54 10 8 1 48
55 41 46 11 43 16
26 34 17 1 56 3
26 53 60 39 8 51
11 49 57 7 5 40
2 19 45 20 22 50
14 8 13 11 48 25
17 38 58 21 54 31
13 38 16 10 42 32
18 24 17 30 3 57
45 43 37 54 9 59
41 31 14 26 35 53
2 35 16 28 17 33
15 53 35 36 29 41
56 10 35 39 29 4
35 37 44 3 6 17
2 22 45 9 54 17
48 59 11 21 54 28
24 49 3 16 36 23
50 51 48 3 47 13
43 25 48 27 47 53
7 21 13 29 35 3
1 25 27 51 15 53
3 49 40 16 58 11
16 19 2 22 39 29
13 38 29 42 45 32
3 39 30 10 37 23
14 56 30 53 57 15
19 24 50 16 43 39
60 46 30 33 5 45
5 3 4 19 11 25
23 8 30 28 26 12
8 15 46 51 40 10
35 29 53 9 51 24
55 12 26 46 10 33
54 4 3 46 48 60
29 16 37 21 45 7
22 33 55 36 8 39
16 3 30 2 26 48
12 40 55 59 29 13
56 9 4 35 11 13
31 55 52 41 33 19
32 28 27 30 6 34
32 39 10 18 17 53
29 21 36 17 5 43
35 57 7 41 36 59
15 31 44 32 53 9
59 6 46 9 31 36
53 52 23 15 43 48
4 8 60 36 29 43
29 32 45 39 12 30
45 7 31 27 52 28
20 37 26 6 1 5
50 17 30 49 37 44
53 20 41 47 4 19
47 57 7 22 11 60
1 47 33 16 13 11
58 3 26 56 29 12
39 15 35 40 18 8
43 22 34 15 14 11
41 12 59 9 36 31
50 24 16 55 32 54
54 48 33 56 4 16
28 11 12 18 51 59
49 45 48 39 23 51
60 49 10 59 43 1
15 25 49 58 19 10
16 15 51 29 11 50
45 5 17 15 50 52
11 26 53 45 21 55
1 25 56 28 51 23
41 32 8 7 47 46
42 53 12 32 34 50
17 10 27 55 51 15
16 23 24 20 50 7
21 8 6 15 45 42
33 56 13 28 3 27
60 2 27 7 42 9
6 45 23 27 57 56
54 22 3 34 19 35
27 4 26 30 56 31
25 3 15 57 59 35
6 39 8 60 1 55
43 54 51 3 44 47
36 26 21 6 58 16
9 6 54 30 42 35
20 17 51 52 26 54
42 10 41 20 30 49
8 49 1 14 60 41
1 16 44 51 27 45
19 12 39 42 18 23
20 56 30 3 60 59
1 52 2 57 38 13
30 22 9 50 7 29
12 15 40 60 17 19
49 14 40 47 54 27
39 30 3 7 56 46
10 5 12 22 18 53
28 47 11 41 38 8
30 37 6 56 2 3
52 12 6 21 38 30
37 14 47 42 8 53
38 33 18 56 42 21
45 31 35 57 15 51
34 49 44 18 10 8
9 59 7 10 22 60
15 12 13 25 19 27
42 14 35 39 29 19
40 28 50 29 9 45
3 48 13 54 29 59
30 3 47 7 42 1
52 33 23 25 20 45
38 20 26 17 10 39
8 5 21 14 58 60
50 27 21 35 60 36
9 60 17 13 57 21
57 2 4 55 21 12
49 28 53 11 2 4
56 25 29 51 36 34
12 2 15 57 21 35
45 56 10 9 52 32
41 4 3 28 45 12
18 8 20 30 4 10
25 48 39 9 55 17
51 29 56 41 58 1
35 39 32 57 59 44
41 10 15 18 19 7
5 52 35 10 55 25
40 6 22 51 4 1
17 52 59 2 8 45
41 27 60 23 44 6
7 51 41 3 36 49
40 13 47 39 9 25
24 14 20 27 30 35
52 32 15 37 5 58
41 23 59 38 43 27
24 7 53 20 52 46
29 47 54 28 25 2
23 58 28 11 38 26
9 59 45 1 25 40
6 34 12 3 51 39
34 35 50 30 58 42
34 21 25 36 59 2
54 39 8 44 37 32
12 17 10 49 33 41
60 23 41 55 50 27
23 19 44 46 28 37
5 48 6 54 29 9
21 22 27 18 52 59
31 3 15 56 55 46
51 31 56 45 27 1
41 10 38 36 42 29
12 11 24 21 26 16
6 47 25 32 22 14
18 9 60 57 19 3
60 58 56 37 7 35
11 38 18 19 36 17
41 7 5 14 58 59
27 9 35 47 51 39
16 20 34 27 18 25
38 47 3 29 2 48
17 10 21 29 12 51
50 25 2 34 8 41
11 54 35 58 38 30
3 11 25 8 17 43
16 14 46 48 56 3
14 51 60 44 41 36
16 45 22 11 26 29
12 2 52 27 14 36
59 60 6 37 27 36
7 43 32 18 37 12
8 13 3 15 24 57
5 48 24 3 58 1
2 12 48 3 28 41
17 23 48 37 13 16
42 60 23 9 17 12
52 14 27 29 40 53
17 16 42 54 48 38
8 46 5 49 39 6
57 35 44 34 52 3
18 33 57 30 49 38
26 19 40 51 39 25
55 40 44 38 43 26
29 3 43 22 51 26
45 41 38 31 8 27
36 49 24 40 4 19
50 46 35 6 60 3
14 37 41 13 48 42
46 19 25 1 21 6
4 54 20 15 47 22
13 11 27 58 4 36
34 44 55 29 28 50
43 22 59 29 3 27
46 28 21 54 17 18
47 25 57 4 42 53
14 54 32 44 49 23
60 54 14 13 3 44
33 56 58 9 47 15
12 47 30 56 44 27
57 14 9 43 2 49
3 28 11 19 48 17
54 60 15 8 17 20
32 40 1 15 3 11
38 59 23 31 36 32
2 3 52 6 31 16
12 43 48 58 19 6
41 13 55 18 1 27
2 53 4 49 28 37
57 2 32 40 17 41
15 58 40 45 22 46
26 43 13 37 29 21
24 53 41 56 50 59
30 36 58 31 54 25
30 40 5 51 15 6
23 48 40 16 14 12
44 60 50 51 56 4
49 14 29 36 13 31
55 31 17 41 23 60
35 59 46 54 2 55
32 8 10 28 46 49
58 6 5 38 8 26
40 14 22 20 28 52
23 35 11 32 59 26
3 1 54 34 7 28
38 1 16 40 9 44
53 47 59 21 19 17
4 20 58 49 3 28
21 16 42 53 54 55
59 7 47 39 10 52
12 20 31 57 14 35
2 14 34 58 11 24
6 27 55 57 12 46
43 31 52 27 41 14
9 44 38 29 50 16
16 45 12 58 13 50
43 28 31 8 26 5
54 6 39 16 37 17
15 41 44 43 11 23
37 21 13 25 20 35
5 22 40 46 1 4
33 55 59 4 49 52
18 54 57 45 8 14
51 15 31 24 55 29
45 13 29 56 60 59
20 56 9 43 10 47
19 52 7 39 31 29
27 58 13 17 19 29
39 54 48 20 51 55
18 39 3 33 7 52
20 56 40 47 45 1
7 43 17 21 5 53
24 38 44 19 10 33
57 40 26 49 51 7
13 12 14 5 49 43
13 37 1 3 20 17
31 22 21 56 45 27
47 52 41 35 10 22
57 24 40 23 8 9
14 5 8 20 44 19
30 41 33 13 16 14
40 16 27 54 33 53
7 23 44 56 13 55
8 41 58 9 34 47
14 28 7 22 36 52
54 6 36 29 50 24
46 52 36 48 17 37
12 48 7 33 26 51
23 44 28 57 17 9
59 19 42 38 35 29
39 26 20 13 3 17
10 13 52 22 14 56
50 36 4 40 6 15
15 55 13 16 22 17
58 39 8 31 24 29
8 36 11 14 57 49
6 31 1 47 12 7
32 13 26 55 50 2
9 39 24 22 48 59
23 13 39 9 29 26
9 6 39 56 51 47
54 1 35 55 38 49