334
11 57 27 41 30 16
44 43 54 23 29 11
26 5 27 51 57 28
15 3 6 8 45 44
14 28 25 54 8 35
7 13 41 32 26 2
47 8 27 13 41 1
12 52 47 7 43 44
6 23 13 36 55 22
48 19 27 25 55 43
35 43 12 37 38 32
39 48 17 3 26 16
41 60 40 1 18 22
24 58 31 5 46 32
27 48 30 32 5 54
45 53 50 37 23 27
49 9 36 12 35 51
54 20 5 58 57 45
20 54 33 6 42 28
35 55 28 29 2 3
55 29 46 60 43 26
16 7 21 17 4 39
16 7 60 17 15 21
46 45 19 28 33 37
43 12 20 4 33 49
49 27 1 23 59 60
54 55 9 26 1 58
29 12 11 53 39 22
25 2 3 46 11 59
2 58 36 32 30 40
24 33 48 12 1 15
20 43 30 49 37 21
32 27 52 24 1 31
59 33 51 17 12 19
27 59 23 10 1 46
24 15 35 25 36 16
1 26 31 8 34 11
34 53 56 43 19 31
24 28 35 17 49 23
21 22 26 28 16 47
3 16 36 22 47 38
1 34 38 15 51 19
51 40 36 4 57 53
42 14 22 9 20 28
23 19 22 45 10 38
19 2 10 15 53 40
3 8 41 13 2 32
33 32 8 7 19 55
8 41 6 20 21 26
46 38 24 25 37 39
51 2 27 9 7 43
12 19 42 50 58 56
51 54 35 21 53 13
13 35 16 34 55 54
16 48 42 2 50 53
36 2 4 44 45 3
31 44 60 33 48 23
58 39 5 1 6 14
4 20 43 33 11 47
46 60 55 59 23 39
52 19 2 3 59 6
19 5 12 10 3 47
8 57 24 45 12 50
53 5 58 29 20 46
26 44 2 37 50 58
36 59 32 58 30 23
3 7 8 55 21 22
45 30 38 22 34 23
53 27 55 52 42 45
37 46 5 9 24 17
25 58 48 49 31 11
32 22 47 34 4 27
50 60 53 33 43 1
39 33 59 1 30 32
12 15 25 32 49 1
59 22 20 39 32 10
51 10 11 29 16 4
10 40 30 12 17 11
26 59 35 58 60 2
12 49 27 1 59 38
21 34 57 23 10 6
39 60 54 58 52 10
9 50 40 8 20 57
3 57 4 13 38 32
28 58 12 36 15 27
2 11 15 7 21 40
57 48 27 9 25 18
56 41 52 60 58 12
28 9 36 57 31 40
36 35 16 22 4 47
18 25 58 23 1 28
43 1 11 28 21 37
25 44 51 8 43 54
41 46 8 35 33 49
15 23 32 14 16 21
41 14 25 39 8 42
42 45 27 53 10 38
49 17 6 27 38 14
7 24 29 38 46 35
52 30 54 37 17 36
44 18 59 43 40 24
53 47 2 41 59 29
57 26 31 25 1 37
41 5 24 51 22 20
30 16 52 58 51 50
37 43 28 58 56 17
4 44 21 1 47 52
54 8 35 56 27 51
9 35 13 15 50 23
42 18 14 46 37 53
46 1 37 43 17 57
37 44 36 30 53 21
40 39 28 41 10 36
60 22 45 12 39 46
27 17 36 48 12 20
22 28 58 43 8 15
27 46 6 45 40 8
41 54 27 12 14 58
13 19 17 34 48 41
31 21 13 1 54 26
39 3 8 34 48 41
18 40 10 1 42 4
12 9 42 26 24 55
37 56 4 6 59 10
51 7 29 10 17 43
3 15 28 21 12 18
38 24 4 58 54 28
59 25 19 11 18 29
47 26 2 17 50 44
34 6 35 20 55 38
55 8 39 3 41 7
37 10 49 6 36 59
35 40 8 59 9 55
5 48 23 44 41 37
9 26 51 6 40 34
41 30 22 5 11 40
59 6 25 3 27 7
28 46 44 30 35 25
23 52 56 35 58 43
56 49 8 26 23 55
8 33 41 38 53 48
47 52 59 11 38 50
48 27 2 37 3 46
57 26 19 32 36 47
48 10 37 5 36 2
10 25 2 19 12 21
24 3 21 51 13 1
47 58 11 1 56 25
28 29 54 19 45 48
55 5 7 32 51 12
44 5 7 20 11 60
21 22 30 36 9 11
23 21 60 12 10 3
33 24 41 48 19 44
21 59 43 1 34 28
47 57 28 18 4 39
7 25 38 5 60 47
6 11 31 57 40 10
17 51 31 34 26 3
49 54 33 7 23 44
22 55 45 33 53 21
29 43 50 25 49 19
42 56 57 39 9 3
41 43 55 38 12 34
13 15 34 5 50 58
46 54 58 44 29 42
40 26 42 52 46 4
4 42 51 31 47 46
15 54 1 52 8 18
27 51 55 3 59 1
10 5 19 25 35 30
53 13 24 15 55 46
1 20 7 41 60 26
60 16 58 44 6 5
11 56 18 49 39 2
11 20 45 13 49 46
45 27 10 37 9 5
29 12 6 53 20 22
21 11 51 25 1 38
22 27 53 15 39 57
18 52 53 12 43 37
3 46 60 11 2 10
48 41 2 22 52 7
57 34 56 30 21 7
46 22 10 13 44 35
29 60 33 41 10 3
22 18 1 29 35 26
59 2 52 58 50 11
9 4 29 15 6 59
18 37 27 26 57 41
11 51 21 37 9 22
28 9 56 2 26 14
34 13 39 43 40 54
19 50 53 34 20 31
13 2 58 56 10 11
16 43 47 57 24 60
12 43 52 10 58 40
28 57 60 9 45 33
35 42 5 46 54 38
14 35 23 41 19 45
12 58 33 60 39 40
35 6 57 18 9 8
1 13 22 46 57 52
45 4 15 35 44 19
7 33 21 14 39 51
54 58 56 43 30 17
25 19 60 35 37 7
44 10 20 52 48 59
9 12 44 58 60 57
36 45 47 37 38 2
58 44 6 48 13 57
20 52 7 44 29 55
14 30 15 29 31 49
11 52 38 35 20 13
19 38 44 27 43 53
43 23 25 7 50 51
17 16 21 50 15 26
9 27 57 35 39 44
23 53 58 36 56 55
2 44 35 32 16 13
60 41 51 36 30 52
18 19 47 31 22 43
60 20 15 28 21 40
31 20 25 7 16 11
53 2 43 30 16 54
35 37 57 46 53 43
4 36 51 23 8 55
22 36 19 13 54 9
53 23 48 46 19 6
22 5 47 56 58 20
14 58 2 15 5 8
18 12 16 52 5 10
50 21 58 28 10 31
4 28 57 56 29 36
39 35 52 33 34 20
3 25 45 48 33 59
23 56 28 52 10 13
37 57 49 14 4 35
2 28 45 11 44 31
20 51 31 43 11 17
22 23 50 43 59 12
52 7 2 10 28 1
42 47 56 53 4 8
41 10 16 24 2 5
31 26 22 16 19 45
35 52 3 32 45 29
41 24 47 7 19 31
33 56 58 48 11 16
27 9 40 47 56 55
10 33 30 53 51 22
31 9 48 29 60 3
60 9 41 44 49 21
57 6 45 58 19 51
59 33 38 27 53 16
54 21 35 34 7 47
16 26 21 9 12 39
37 44 52 2 19 54
7 20 31 25 13 41
30 26 54 15 10 31
26 27 22 16 6 45
51 11 18 36 55 43
49 28 4 54 18 48
16 29 5 58 15 39
12 27 16 60 5 57
11 40 23 2 60 51
41 10 17 47 44 53
13 49 8 14 46 24
16 26 29 4 58 56
1 8 14 37 48 44
8 43 52 30 26 33
59 58 53 41 25 14
22 12 58 30 21 2
37 12 16 33 49 2
24 10 27 18 53 17
6 33 28 49 55 50
16 45 10 43 28 54
11 23 12 28 3 18
57 48 2 24 50 28
43 23 28 46 31 47
9 57 21 22 24 6
10 21 15 45 19 35
20 33 49 7 17 43
15 49 59 5 42 41
48 35 39 42 13 60
15 7 11 56 37 42
36 28 15 27 58 5
39 11 36 27 48 31
59 39 53 14 45 47
10 59 43 22 4 5
36 2 13 4 1 55
39 60 31 16 46 37
13 22 51 9 21 43
39 32 9 13 59 6
45 31 18 51 10 5
50 11 53 30 45 9
10 24 36 29 1 11
4 38 42 16 40 23
3 60 14 10 20 52
47 56 52 51 10 26
27 6 14 22 34 60
4 17 24 26 37 16
3 24 32 53 14 38
24 14 27 7 12 38
51 37 40 47 3 39
53 17 42 32 37 35
1 13 17 21 31 10
2 34 52 41 40 26
2 6 55 28 38 32
19 54 22 15 1 47
7 50 38 47 36 31
25 3 15 52 4 9
23 59 18 20 22 28
43 36 57 40 14 35
22 59 19 32 27 54
30 23 50 14 41 57
46 50 54 52 13 8
27 10 37 15 41 57
18 4 12 54 20 44
24 53 22 13 54 9
54 22 42 58 41 36
45 42 39 43 50 13
53 46 22 26 9 41
1 42 31 23 53 15
14 31 17 25 60 24
44 20 40 1 58 30
17 7 13 10 21 4
12 46 23 58 43 18
2 12 30 50 45 10
24 16 15 47 53 49
46 14 19 51 56 10
20 12 33 30 7 6
1 30 33 6 24 38
21 25 26 58 37 50
24 6 8 41 9 43
25 2 51 47 23 8