494
17 52 15 6 59 7
7 11 18 21 36 42
7 40 42 19 37 49
15 20 55 58 57 1
26 49 46 1 45 35
43 16 39 51 50 56
54 57 24 4 41 3
2 41 14 54 47 29
24 54 5 49 28 7
19 54 4 40 38 41
27 41 43 44 12 45
14 53 3 25 37 21
36 5 41 39 42 22
32 39 49 43 19 41
24 20 30 15 33 39
53 36 35 8 32 58
40 32 5 47 31 15
58 38 8 4 28 17
43 46 15 41 11 52
48 10 14 26 7 47
33 20 12 31 60 51
48 57 58 22 27 18
7 20 9 17 24 3
56 39 20 31 7 10
40 32 17 58 15 10
31 10 13 17 39 47
15 54 24 26 21 49
38 2 40 58 23 11
30 50 29 60 19 26
47 1 53 39 27 38
36 29 21 4 59 42
30 26 45 40 12 36
35 2 17 34 59 3
14 1 4 7 33 42
22 43 1 5 30 34
42 49 15 41 57 11
13 37 57 11 31 38
3 31 22 9 39 56
29 54 17 9 44 48
47 20 32 9 49 25
24 57 39 37 35 18
39 51 49 12 42 59
11 46 23 34 38 51
29 53 28 38 11 16
60 3 11 20 17 47
40 24 21 34 50 2
55 38 54 9 15 36
1 29 40 9 27 44
12 54 33 25 4 38
44 25 60 39 36 10
22 11 15 50 51 25
13 11 58 4 44 19
51 40 4 20 41 42
37 35 16 29 34 47
25 33 5 56 1 58
53 37 6 45 26 19
53 10 21 20 18 46
10 6 17 45 51 18
59 52 53 60 54 23
38 16 7 6 58 60
42 47 20 15 13 10
35 40 37 30 10 28
46 42 45 27 58 29
30 35 55 6 38 50
4 25 17 34 21 56
47 12 51 14 43 37
37 46 16 58 39 7
9 47 41 51 26 17
47 24 29 12 42 55
40 25 58 48 20 24
25 54 17 31 36 45
48 5 8 3 34 51
23 42 12 31 16 57
32 44 4 3 38 5
27 25 45 2 31 60
19 24 43 57 53 37
11 33 54 57 43 29
25 13 46 1 22 18
23 54 9 52 21 6
5 1 27 51 15 11
38 35 24 8 7 46
12 30 5 49 31 52
25 33 43 8 24 54
17 32 37 57 44 42
49 22 42 25 31 27
40 54 5 46 27 52
15 28 58 57 54 8
34 55 5 48 4 11
29 36 56 14 25 34
38 22 19 53 28 56
39 43 32 30 59 44
51 5 21 2 6 14
44 53 14 57 32 55
53 46 47 57 58 36
8 41 13 35 48 3
10 56 35 9 3 19
31 11 21 57 30 55
10 54 30 15 41 59
52 29 9 20 27 34
15 8 20 43 56 37
20 48 45 34 55 18
19 30 32 14 60 55
38 30 17 27 43 5
4 7 42 43 3 15
40 17 58 34 16 25
7 54 50 36 41 22
12 20 33 4 10 1
45 25 47 52 23 36
36 40 26 39 55 50
19 31 52 14 49 43
56 18 33 19 53 8
32 19 21 20 46 40
59 16 10 33 57 49
6 55 40 25 21 56
25 52 57 22 17 18
41 50 7 57 48 21
36 53 18 5 39 33
24 57 16 47 26 30
22 57 43 6 24 40
26 32 34 24 44 42
7 5 14 33 30 28
40 41 27 46 21 58
52 47 43 23 57 51
22 36 59 30 7 41
44 45 48 19 43 35
28 32 41 34 14 57
19 35 9 26 45 17
48 31 40 25 49 53
29 43 2 14 28 13
39 47 34 35 36 17
16 3 23 17 29 34
60 26 12 44 46 43
11 19 33 3 42 60
52 22 3 19 59 20
55 28 2 43 39 22
40 50 30 3 43 23
48 47 50 57 46 11
40 54 1 29 44 18
21 20 49 53 42 58
47 40 51 5 18 49
60 21 43 34 57 12
28 56 33 4 12 2
45 42 3 12 50 33
15 48 35 32 60 44
18 45 34 25 37 28
5 26 14 34 56 16
6 50 56 8 39 60
13 39 17 16 19 32
35 31 25 52 5 27
5 38 2 23 37 7
45 18 55 7 8 46
9 40 46 51 31 2
12 47 18 43 37 55
4 28 44 32 35 55
34 19 57 2 48 56
34 10 5 32 1 49
43 40 18 12 57 38
53 18 44 21 36 40
2 58 12 53 22 1
7 13 38 12 27 54
42 41 59 56 4 30
37 11 38 49 22 31
1 14 29 18 31 55
30 51 25 47 26 45
45 37 9 53 3 28
55 16 29 5 30 17
16 45 55 56 51 24
19 44 27 49 7 40
54 48 52 60 24 5
55 20 44 17 4 42
55 48 60 3 51 1
48 49 43 54 25 53
50 48 20 47 2 18
57 29 21 46 56 12
11 40 38 22 8 4
45 53 38 21 43 55
36 7 31 10 29 11
50 53 8 55 28 26
31 14 45 59 30 22
32 7 8 56 36 60
12 11 47 20 15 4
53 52 16 1 49 12
37 54 26 6 32 53
29 55 20 1 33 35
8 2 22 5 60 56
5 16 9 10 13 20
8 46 19 49 17 10
49 20 28 12 34 25
41 44 5 18 27 49
48 55 33 29 43 26
18 4 31 55 7 42
1 19 7 40 16 23
1 25 60 9 21 43
24 59 35 45 34 43
43 25 34 2 8 37
27 43 57 39 47 1
1 46 8 47 42 34
59 29 45 11 10 2
35 11 20 33 39 1
38 56 5 19 59 21
55 45 34 11 16 52
31 41 16 49 14 56
34 10 35 57 31 29
53 3 17 45 33 48
47 56 27 36 22 30
45 56 51 8 18 43
5 27 38 3 54 13
7 6 18 4 31 12
29 21 9 3 18 26
8 50 49 52 19 37
13 45 48 27 15 58
50 26 46 31 33 42
20 11 27 53 59 1
46 18 8 38 42 30
5 20 22 18 13 50
4 18 52 10 26 27
6 16 55 45 52 50
36 46 30 44 48 33
31 14 41 2 7 18
11 46 53 4 22 5
17 10 44 59 40 9
32 34 26 54 38 47
43 51 39 50 31 57
43 45 42 27 56 31
47 14 51 21 58 22
22 33 26 43 47 52
1 27 40 59 57 42
11 28 39 57 56 21
36 2 53 15 7 9
41 38 46 13 37 25
57 47 6 27 14 58
37 24 6 45 11 32
19 35 11 37 20 38
4 50 2 60 42 15
29 14 8 49 39 30
29 32 43 16 27 18
51 33 35 29 3 32
46 22 12 8 29 53
28 19 10 31 2 30
49 16 14 51 6 56
60 7 13 53 52 34
60 1 3 15 20 58
51 50 36 39 45 1
49 52 32 60 26 22
6 21 51 8 19 40
52 14 32 34 21 40
59 57 21 17 1 4
18 27 9 15 11 40
7 1 11 25 18 10
28 17 3 7 33 15
23 22 51 58 14 26
42 2 59 49 57 29
36 53 52 59 3 49
10 3 27 25 37 13
4 9 8 23 42 26
17 40 43 44 57 27
52 36 1 55 58 51
28 52 12 18 41 43
43 29 23 24 26 36
19 57 33 4 46 9
38 33 41 50 56 45
60 50 41 24 35 44
41 43 59 29 38 18
8 3 49 32 57 25
37 19 22 32 47 38
32 4 17 13 1 5
1 34 60 25 7 33
33 55 5 43 3 58
13 19 17 25 20 28
45 57 54 5 7 50
20 36 30 45 60 41
50 13 17 52 30 39
2 36 19 12 60 42
2 59 32 13 42 40
58 52 59 27 43 50
51 6 44 60 20 25
11 35 2 3 31 30
4 36 33 42 5 19
48 49 25 29 4 20
17 30 48 57 41 10
23 54 21 22 29 34
59 55 22 46 15 24
59 46 22 35 9 30
20 60 28 2 40 50
26 4 45 35 27 55
42 53 37 25 36 60
54 31 33 2 5 58
14 18 9 51 34 2
47 38 11 57 12 52
21 29 56 23 26 50
59 27 31 3 48 33
43 29 47 6 8 19
6 8 10 14 23 7
37 34 7 17 30 22
29 11 7 13 47 27
2 46 36 28 12 35
50 30 27 15 8 49
57 32 45 21 36 14
13 49 19 38 20 58
1 23 12 14 20 3
18 21 2 27 16 5
53 30 16 26 58 25
20 26 38 58 5 47
11 46 19 30 47 26
38 22 28 53 46 31
57 18 60 27 22 56
54 59 27 29 4 8
52 17 45 27 44 5
35 34 55 25 23 49
58 32 44 35 15 40
15 41 19 24 33 39
18 11 3 49 48 5
53 59 21 10 43 39
50 53 32 8 7 16
60 23 24 2 41 47
25 59 26 27 10 30
50 5 48 8 51 23
35 28 14 13 9 36
29 48 28 53 24 13
43 30 42 2 4 51
57 11 16 52 38 19
59 36 13 31 2 47
39 25 40 1 21 8
51 19 22 56 1 41
17 15 48 57 54 14
8 44 5 17 46 22
22 26 42 18 35 28
7 32 10 34 54 35
21 46 39 7 53 2
31 23 56 53 45 48
50 22 35 19 1 16
12 46 59 9 31 33
30 24 49 2 50 41
3 1 36 17 11 14
21 23 48 1 18 12
4 9 32 29 3 41
34 51 1 3 38 54
26 21 6 34 46 15
42 5 48 13 34 1
14 18 35 9 26 8
9 11 47 53 29 58
37 40 4 3 51 21
22 38 33 5 42 15
52 2 55 58 30 26
6 13 38 41 40 9
4 32 39 47 34 44
45 10 7 59 16 52
38 39 9 28 14 51
41 24 31 19 50 33
2 12 4 41 46 34
48 39 21 50 11 53
31 19 44 39 60 57
9 16 15 27 11 32
7 50 2 21 4 53
43 60 51 49 13 7
50 27 33 14 35 39
18 5 3 40 4 44
12 59 8 51 45 2
43 8 42 18 56 45
52 22 44 26 29 33
23 24 57 40 33 30
55 17 39 4 54 16
60 26 30 11 28 2
3 18 17 24 8 14
52 51 23 13 5 40
23 44 53 4 17 48
19 14 9 21 56 28
52 18 36 19 5 33
27 33 38 39 43 53
13 44 11 31 7 41
27 60 35 39 32 29
11 59 4 19 20 29
10 31 27 57 35 21
23 45 29 13 18 56
6 10 45 8 57 23
37 22 13 26 59 17
13 11 31 20 41 17
35 52 16 34 25 7
51 58 33 14 9 38
7 12 2 51 41 55
15 42 32 31 33 21
10 28 16 52 59 55
40 18 3 11 41 54
39 50 21 51 7 16
12 6 56 17 48 21
40 32 37 57 38 47
52 8 46 50 27 37
16 11 19 26 33 34
55 24 54 47 29 7
58 15 38 6 42 9
21 54 48 44 6 9
29 33 51 23 31 52
40 50 14 41 10 34
21 9 52 28 38 10
22 29 42 12 50 54
50 34 4 43 23 30
37 13 39 57 14 34
12 1 9 37 29 38
49 12 43 16 57 23
12 24 47 32 44 28
60 33 24 2 9 34
57 41 4 28 47 52
4 59 60 1 19 58
55 18 15 51 17 41
21 14 47 8 24 26
57 23 44 28 60 52
18 38 23 31 3 20
58 17 51 38 35 26
35 29 17 14 54 51
15 45 25 9 27 19
2 22 29 15 50 3
47 35 24 23 56 37
47 25 54 46 15 7
16 4 53 27 8 18
21 54 31 7 33 44
35 41 7 3 25 40
10 40 43 9 30 29
7 39 43 16 13 26
42 5 21 54 52 55
51 5 12 32 8 1
49 46 60 34 39 59
21 7 38 4 27 34
40 24 5 55 33 49
58 37 1 10 35 16
31 12 8 14 1 23
5 52 27 28 2 25
1 54 9 38 47 35
16 42 35 20 47 41
28 33 2 7 34 21
11 48 22 50 9 52
3 50 41 19 13 40
51 35 8 31 58 60
55 13 56 41 14 34
47 45 26 21 9 28
18 21 14 33 41 1
15 30 46 14 50 51
3 35 6 44 38 37
1 28 8 45 54 51
19 45 28 52 15 20
10 47 24 56 16 30
8 19 23 3 40 21
18 56 54 51 48 6
57 54 22 49 23 6
20 35 4 33 59 1
50 4 2 11 35 32
16 60 25 21 11 4
34 16 37 5 23 32
6 39 19 20 10 3
10 60 34 48 8 50
4 34 54 26 31 29
49 27 48 25 18 12
1 10 45 37 9 51
7 14 33 8 60 38
50 10 37 46 45 43
35 54 40 16 59 18
6 19 40 57 59 2
41 58 49 36 21 20
26 18 20 40 53 39
37 3 40 18 24 10
50 56 38 53 46 35
6 47 31 1 17 22
55 28 43 38 45 6
51 22 31 10 12 37
14 10 29 16 5 12
8 24 58 31 25 2
14 11 52 19 15 9
37 42 54 10 56 24
55 15 8 2 1 34
32 31 16 39 53 11
51 27 19 13 43 39
56 40 45 31 26 12
50 56 20 5 47 45
3 60 26 29 11 7
53 42 26 51 39 23
13 32 14 18 44 48
59 30 3 28 44 1
51 42 47 34 43 36
53 51 42 41 19 12
39 35 58 42 18 24
25 22 45 23 5 50
49 16 41 12 43 35
46 28 18 24 49 21
48 7 34 1 32 52
6 14 27 50 5 36
59 27 45 51 19 31
25 17 26 59 46 56
43 26 16 9 57 56
2 58 30 33 41 10
18 10 3 4 8 23
60 46 10 12 59 9
17 42 27 39 54 26
27 41 58 8 49 60
47 21 12 38 53 55
34 8 59 44 33 48
59 44 12 25 41 16