54
43 54 42 16 31 59
50 36 40 28 59 9
17 39 50 38 30 42
4 17 18 33 46 11
22 25 49 9 17 50
48 10 37 15 31 6
28 47 24 52 32 10
20 8 28 46 55 23
15 5 9 32 21 25
19 13 34 18 25 56
44 16 5 41 37 3
3 9 17 38 30 57
52 60 53 55 51 33
34 35 55 4 26 43
12 29 39 28 30 6
13 41 34 11 2 9
4 25 20 59 51 6
44 16 15 32 43 13
40 19 51 31 33 6
58 41 49 40 33 46
14 25 15 36 39 11
25 10 15 38 58 54
23 42 53 24 40 28
51 14 37 29 58 41
9 12 51 24 5 32
52 8 43 28 60 51
57 17 58 49 47 35
15 54 10 17 58 38
22 42 53 18 31 40
35 13 8 57 31 33
45 39 12 29 11 54
35 5 18 25 45 34
18 8 44 58 50 14
35 13 23 39 33 19
53 2 56 30 15 12
23 15 10 17 11 22
34 22 5 9 58 37
38 46 15 11 26 28
34 18 33 21 53 26
23 60 48 11 39 59
58 15 4 1 30 9
55 27 39 16 57 60
21 16 39 56 23 12
35 9 7 22 53 24
3 5 42 52 14 13
14 15 13 7 8 36
26 41 43 33 55 42
28 20 12 15 4 11
45 18 46 51 40 19
46 32 12 24 33 27
12 57 23 10 44 36
49 30 36 44 35 9
37 20 24 27 13 60
54 37 8 19 40 20
6 16 35 7 60 11