292
17 34 51 29 41 45
12 39 54 43 34 47
28 16 43 55 12 40
51 43 28 26 32 42
45 36 1 60 33 24
33 57 5 18 59 21
2 37 35 26 45 17
55 25 28 57 4 46
22 53 57 6 27 40
9 35 43 11 54 31
57 15 27 35 28 55
20 59 46 4 48 9
59 56 47 3 21 27
46 28 36 10 41 15
22 39 43 7 40 59
9 32 11 47 44 58
28 40 6 33 56 17
38 3 30 23 50 32
25 39 46 8 4 13
2 19 11 59 53 36
58 25 15 4 10 35
16 46 6 5 21 42
7 11 48 44 9 26
12 20 39 32 40 25
7 57 9 60 34 36
6 14 38 17 28 37
38 5 16 43 9 24
7 46 58 41 44 10
33 11 12 34 5 15
36 51 41 58 6 52
26 1 52 50 55 40
21 14 56 48 49 52
38 7 11 36 14 4
46 60 39 28 13 22
52 26 59 13 60 8
25 47 55 45 24 17
3 44 15 29 27 56
33 49 3 47 23 9
41 31 49 11 55 18
38 37 34 47 55 43
37 11 53 54 48 58
17 15 22 57 26 35
19 55 22 15 44 23
35 51 3 53 24 27
25 9 37 27 13 10
55 17 34 58 13 30
5 44 59 43 42 3
13 27 41 51 8 5
26 4 7 43 52 18
2 1 14 3 13 16
13 21 3 14 32 43
46 32 36 43 18 40
35 3 1 38 8 29
40 55 59 26 6 54
12 21 58 23 40 60
38 17 57 15 43 46
19 41 60 1 50 15
53 36 41 31 44 6
24 28 13 39 60 59
16 26 18 49 33 46
38 18 14 46 15 54
57 14 15 8 6 29
47 58 11 39 22 27
20 11 60 2 48 3
41 19 59 24 56 42
58 25 26 57 34 55
13 20 60 52 31 34
49 58 8 2 7 33
59 40 54 21 28 12
6 20 3 18 17 56
52 37 33 49 35 24
31 41 58 44 4 50
13 51 8 47 33 56
7 44 40 42 12 38
28 47 1 57 53 9
29 18 50 39 31 43
14 39 38 6 5 4
16 11 56 51 58 12
40 55 4 21 54 30
3 39 48 37 9 19
38 55 56 12 59 7
44 60 29 15 21 11
30 46 16 59 57 20
19 38 25 22 50 2
13 34 27 44 11 8
37 33 1 43 49 4
57 33 46 2 24 42
31 58 48 16 55 45
8 55 58 33 11 3
13 47 40 9 60 24
49 8 30 36 37 4
23 54 31 25 58 12
53 50 39 26 40 5
19 8 52 29 53 22
48 11 21 34 24 39
18 24 35 11 57 8
49 13 34 10 19 32
6 11 10 13 22 52
5 34 38 58 13 19
16 7 10 54 27 59
56 44 13 10 38 36
47 13 58 17 4 11
15 14 16 45 34 51
12 21 38 6 41 20
59 37 44 20 29 7
29 5 55 4 23 26
45 32 46 47 37 41
22 57 29 59 49 48
23 13 7 21 33 43
47 54 1 4 3 11
11 50 44 38 19 40
52 3 44 10 60 2
47 37 8 12 19 54
18 29 21 53 14 7
53 31 49 58 2 19
4 22 45 7 59 3
25 12 7 5 60 23
15 54 21 60 58 10
50 60 47 12 7 32
10 52 28 8 36 3
38 26 19 45 1 6
5 3 33 50 49 53
37 52 18 58 39 25
1 53 21 55 4 45
13 40 59 17 14 58
38 32 50 48 40 13
32 58 13 8 55 34
6 55 14 41 15 18
12 47 34 58 2 37
6 39 46 1 13 57
56 36 14 42 48 6
14 9 51 40 42 24
40 47 48 4 5 18
45 56 17 34 37 35
45 16 48 43 44 7
14 21 54 52 6 46
34 14 4 22 56 58
7 58 12 24 49 48
58 34 46 26 42 50
29 11 37 22 59 57
55 7 28 9 56 5
46 40 37 20 33 3
21 53 42 34 32 12
51 22 43 32 25 34
50 15 51 42 16 52
1 32 19 30 6 12
9 53 13 5 50 8
51 7 1 10 24 38
59 52 3 34 38 41
25 31 15 7 12 3
38 10 55 2 30 1
24 36 33 47 32 31
23 17 5 28 47 22
14 54 59 30 10 15
14 36 15 16 10 42
26 17 10 43 40 1
60 54 14 32 39 20
29 58 50 1 48 15
8 21 36 20 27 48
37 3 25 21 7 50
51 20 47 35 49 9
31 17 32 50 26 13
31 10 4 49 51 37
6 1 49 50 45 31
56 46 45 38 12 51
15 26 17 48 4 9
55 9 20 37 45 43
56 52 1 60 25 12
7 41 39 28 52 11
55 43 59 20 48 21
30 41 34 18 58 24
11 19 26 48 12 13
8 36 56 38 28 34
37 40 3 15 54 48
35 57 28 7 19 50
17 36 29 41 37 8
3 45 31 1 53 18
40 58 26 37 11 34
28 60 52 53 47 32
52 55 7 12 59 60
27 14 45 49 25 9
39 24 59 8 28 51
22 36 40 56 32 15
57 27 50 52 58 47
49 27 46 60 33 1
20 1 30 21 49 18
26 25 52 5 60 22
45 3 37 43 20 17
56 18 17 32 12 38
33 11 60 21 35 1
16 33 37 17 19 30
2 56 15 29 43 50
45 11 21 7 57 28
57 7 45 56 24 1
54 5 31 59 19 34
37 17 41 32 39 9
10 27 33 28 56 55
10 6 14 16 20 59
5 35 42 50 59 8
48 37 60 14 28 44
50 35 47 36 8 2
30 57 14 33 29 8
9 31 16 1 15 42
24 6 52 9 3 19
15 40 11 46 54 35
45 43 21 11 6 26
16 18 23 35 20 4
38 12 39 32 48 41
25 55 26 52 49 38
24 47 29 10 17 45
19 23 5 56 42 13
33 56 39 35 49 23
60 28 35 12 30 50
11 4 26 14 31 10
9 25 27 2 17 1
56 17 49 25 13 41
16 58 48 14 10 22
22 46 10 25 59 45
21 56 34 2 51 40
27 14 43 30 23 6
17 31 22 25 46 55
34 56 45 2 6 53
39 16 30 36 8 58
34 49 27 54 44 12
60 8 33 28 10 57
31 8 12 5 39 28
9 31 17 35 60 27
23 15 14 35 9 22
54 16 9 23 22 37
34 3 33 9 8 39
30 17 42 35 3 5
54 50 40 28 15 53
35 27 22 21 19 55
43 29 36 19 9 22
9 8 45 13 41 6
59 21 38 17 35 48
27 56 60 18 16 1
50 28 54 21 56 5
41 40 25 52 60 53
21 49 48 40 23 52
41 36 35 52 51 18
33 45 42 54 37 48
53 55 35 58 9 4
60 13 5 36 44 18
34 48 26 17 59 8
7 17 21 15 59 23
28 9 40 12 33 27
2 1 48 33 39 54
49 31 29 1 51 16
5 29 28 15 59 2
44 58 20 38 2 13
52 21 35 18 14 43
24 1 8 58 51 46
23 49 17 25 22 28
2 17 49 48 23 54
25 42 16 28 22 49
60 29 52 46 41 44
18 2 29 5 58 28
27 8 19 55 7 48
3 9 15 11 23 39
40 42 4 11 47 8
14 39 10 26 36 25
55 12 8 1 31 57
36 31 52 50 45 22
17 16 4 54 45 42
44 12 3 11 24 33
56 35 24 45 8 49
29 43 14 15 46 42
17 25 30 29 58 41
52 17 48 8 47 9
58 18 25 45 20 48
35 25 27 13 37 8
22 1 35 51 21 20
50 46 56 51 22 28
15 30 50 25 5 3
21 55 56 15 51 17
43 47 56 37 10 57
3 10 19 56 33 20
7 34 42 18 19 27
7 17 6 49 15 30
12 44 55 42 16 6
16 57 56 39 14 24
59 44 22 34 5 60
31 51 17 4 20 27
25 55 22 11 15 26
49 39 45 6 9 51
21 46 27 37 24 56
18 27 41 26 35 12
26 16 43 57 36 41
34 53 57 17 50 47
53 30 14 37 51 9
34 42 2 20 1 15
19 2 40 43 35 32