290
31 51 10 50 38 32
45 4 50 44 35 49
41 4 33 6 15 56
5 51 50 18 54 15
54 2 39 4 37 17
31 41 19 47 1 30
60 49 30 29 35 31
49 14 39 33 15 52
55 3 12 42 19 13
32 53 49 24 59 43
6 43 56 57 3 1
34 45 2 29 15 18
25 60 18 45 16 33
59 23 7 40 58 43
2 28 52 49 31 8
30 21 31 42 33 23
18 25 38 21 37 33
58 21 28 14 24 51
24 58 40 32 44 47
40 13 51 15 31 60
5 59 57 39 4 24
49 2 26 32 29 4
28 49 25 22 42 17
57 31 5 1 45 54
18 32 9 6 39 35
35 19 34 47 60 59
42 4 20 17 23 50
4 6 7 49 10 14
42 22 25 23 54 6
59 26 36 27 50 35
16 55 50 60 21 15
32 39 60 44 45 42
20 7 8 5 55 39
37 31 48 28 41 18
8 17 20 47 37 14
42 10 19 4 59 48
15 45 10 23 20 38
40 6 9 49 55 39
28 15 11 41 38 30
20 35 29 7 9 59
57 58 18 44 40 52
6 53 31 14 44 49
12 44 36 52 60 13
5 10 6 1 59 46
54 29 2 12 27 40
31 28 17 30 27 9
20 51 16 13 19 57
2 33 60 23 25 40
4 37 21 33 20 38
43 33 16 42 12 2
60 32 16 11 21 28
4 2 56 48 59 18
1 25 40 14 55 7
28 6 18 50 23 39
34 21 17 24 39 59
41 36 13 11 25 60
57 20 17 1 34 5
33 18 7 10 51 38
32 50 10 29 27 41
51 60 30 25 9 33
46 27 26 47 41 57
23 58 57 21 55 7
4 19 22 29 27 12
6 58 34 38 10 30
51 32 25 52 33 47
43 30 22 51 29 55
15 58 10 60 19 44
9 21 27 55 33 2
26 13 12 33 20 22
17 7 20 10 14 30
36 12 20 27 3 24
2 38 31 15 26 22
10 32 43 53 17 47
5 2 1 3 58 43
3 5 41 59 40 29
19 29 27 21 37 11
2 17 50 24 44 8
37 57 17 60 29 19
30 36 49 22 56 19
2 15 27 48 40 60
8 27 49 32 26 9
41 16 5 2 31 9
31 32 48 37 7 44
46 40 53 14 2 22
51 11 26 3 21 35
40 53 13 45 14 54
9 7 51 41 49 30
5 43 16 37 53 36
31 7 3 53 58 23
37 5 36 45 26 52
11 1 50 33 19 24
53 29 57 34 11 56
9 36 15 12 4 27
3 18 51 20 29 6
37 25 19 3 1 21
23 13 10 3 50 41
4 45 50 24 15 26
5 19 7 24 58 29
55 15 25 29 53 32
24 45 25 11 58 51
3 33 9 4 29 25
4 55 40 33 38 18
8 28 36 21 10 41
39 17 25 58 31 21
5 47 54 18 32 13
45 58 30 28 56 52
9 10 7 48 26 3
60 22 46 5 21 59
47 60 32 30 53 21
16 24 10 58 32 29
48 7 29 45 21 17
53 48 44 36 41 21
26 27 22 35 19 17
32 4 39 44 17 34
23 41 49 33 57 31
41 30 56 54 22 7
8 2 46 56 29 28
49 14 45 46 30 39
7 22 55 38 59 58
60 2 6 54 50 17
59 8 9 44 28 57
57 17 59 10 56 33
21 5 38 42 3 11
2 43 31 44 51 23
29 9 11 3 37 30
25 15 35 49 16 59
17 37 4 56 1 35
40 21 44 56 15 19
11 45 54 27 2 14
29 47 38 30 12 57
47 29 24 60 31 20
25 5 1 55 34 23
10 52 31 51 11 16
16 35 31 59 4 21
9 29 30 58 48 32
15 13 56 44 17 53
6 25 43 51 8 4
2 59 52 16 60 46
32 59 48 46 42 38
25 6 42 14 44 50
55 41 44 35 3 52
8 4 58 14 48 50
35 20 59 57 28 7
19 29 35 18 60 50
47 27 35 4 34 38
29 3 60 37 23 56
30 53 40 36 29 12
26 19 27 32 21 4
30 50 21 29 28 7
48 52 41 23 46 56
45 60 43 6 32 30
54 11 24 6 57 32
33 7 9 40 12 26
35 52 5 10 25 28
56 40 43 39 22 45
6 25 20 57 22 53
56 31 54 49 39 1
39 33 30 59 53 46
18 21 22 12 26 43
20 10 33 7 50 23
1 14 12 13 38 47
14 10 41 45 56 37
58 33 38 22 27 14
14 51 49 13 43 16
36 9 20 46 37 3
37 35 15 18 46 14
9 58 36 24 43 39
43 47 46 48 58 49
4 38 18 24 32 60
36 31 46 19 58 11
23 41 5 7 50 34
32 10 14 1 50 45
21 15 44 41 30 31
30 29 43 19 39 18
57 18 35 17 34 21
13 52 5 17 32 29
29 2 17 25 20 40
54 6 43 9 34 22
54 27 14 12 43 57
14 16 54 15 11 28
59 3 54 38 28 10
23 7 14 18 21 45
56 10 28 31 55 2
27 20 16 44 6 32
17 22 19 12 50 51
46 4 40 20 3 59
47 31 45 60 28 44
57 4 41 34 11 5
13 55 6 16 38 24
35 47 4 27 40 8
2 52 8 56 12 40
22 15 49 13 2 27
40 44 1 8 41 22
25 27 40 53 33 20
6 44 3 1 46 13
26 52 25 58 13 50
31 23 26 12 38 11
43 6 10 33 26 4
50 28 5 59 34 23
5 43 38 1 36 57
2 10 30 14 26 7
32 60 48 43 58 8
57 43 3 22 31 37
47 11 22 35 56 5
25 32 56 35 6 37
56 10 4 27 53 49
28 53 42 44 11 12
33 37 6 49 52 55
14 23 56 12 43 36
21 40 58 50 5 39
34 56 54 28 20 53
58 60 42 6 28 12
9 6 53 17 3 55
24 1 6 42 34 2
43 34 22 40 44 1
23 50 47 5 39 19
55 12 40 36 23 42
34 4 53 21 44 17
2 26 37 16 22 47
7 32 29 46 18 57
53 21 32 38 8 45
60 4 29 16 58 45
7 10 11 47 31 24
16 7 11 19 39 34
22 49 57 35 31 5
12 55 22 51 58 40
30 3 50 34 46 59
41 30 55 57 1 16
5 35 7 27 20 25
22 47 52 23 38 10
42 1 38 4 43 31
59 58 44 39 19 22
9 10 17 6 25 51
24 41 38 57 12 46
36 34 40 8 15 53
17 48 56 16 12 35
47 8 57 40 41 36
23 19 15 41 60 26
51 43 36 29 12 56
20 51 54 55 48 22
49 12 1 23 11 30
29 5 58 32 6 43
26 54 23 25 46 1
32 21 51 41 55 30
34 27 51 17 56 55
41 60 1 13 4 22
25 14 34 36 1 16
42 58 54 12 34 57
3 42 60 28 27 55
55 58 6 5 21 24
5 58 18 21 33 44
41 40 49 38 25 28
34 9 12 10 50 26
42 21 54 60 33 35
24 39 34 11 48 56
13 19 6 60 1 24
10 27 18 6 38 53
44 45 48 50 23 8
54 28 2 44 50 19
35 38 46 53 14 16
37 3 56 40 36 15
22 32 30 53 60 20
31 6 26 48 55 21
52 47 17 36 2 45
26 23 40 14 27 4
18 31 58 26 54 16
56 35 52 54 25 44
34 57 24 27 5 59
4 10 29 34 11 25
56 26 60 59 4 40
26 50 41 59 54 24
15 1 46 35 13 50
1 51 48 9 2 35
50 17 54 28 60 58
50 24 46 47 19 4
42 47 35 59 49 4
25 47 53 16 30 19
48 15 4 31 58 60
40 55 15 35 34 30
12 19 42 54 28 24
10 51 22 14 45 21
9 41 25 27 60 47
28 36 26 4 47 37
29 12 57 2 46 47
57 5 59 10 29 38
25 47 48 56 8 1
1 2 53 9 30 49
13 38 52 57 12 49
60 54 56 47 42 48
18 40 57 41 55 16
23 44 46 33 13 35