385
12 43 39 59 8 38
50 38 12 30 56 44
7 19 9 16 39 40
22 57 21 54 29 30
8 45 21 10 15 55
48 58 37 9 24 52
44 41 46 24 10 52
59 13 46 22 12 24
50 57 13 44 45 58
29 3 10 48 8 59
48 49 57 50 53 15
32 50 59 25 23 27
26 56 22 41 28 55
58 39 43 1 33 28
52 11 57 31 18 55
51 41 30 50 12 52
51 24 29 35 46 6
2 33 29 32 36 18
20 5 16 24 3 39
41 28 30 35 7 44
8 50 9 33 27 40
37 18 56 46 31 21
41 8 44 34 47 55
54 18 60 33 39 29
54 30 3 1 11 50
28 41 32 47 13 42
22 1 12 21 29 25
44 8 20 40 47 23
44 48 4 31 21 14
54 23 53 16 1 58
57 9 58 19 4 18
7 18 14 29 41 30
16 54 20 59 36 15
27 14 43 46 24 33
2 13 26 34 52 55
57 18 21 45 20 27
23 38 33 14 26 8
7 36 40 56 60 53
18 42 16 55 25 24
10 34 11 54 56 22
59 2 25 1 53 26
26 56 51 39 47 50
60 52 19 14 21 31
7 9 24 37 57 58
37 26 1 58 17 11
44 59 36 55 35 43
6 58 48 21 26 4
13 44 22 45 1 25
28 41 9 19 21 31
1 45 11 28 17 54
59 13 17 47 14 44
1 20 28 8 3 17
19 43 50 7 51 37
9 53 13 21 10 26
9 14 43 15 30 44
29 57 25 2 32 50
9 19 4 14 12 26
16 28 29 45 11 50
18 2 3 15 13 47
20 59 60 40 26 21
42 55 12 50 53 9
33 19 2 10 54 23
38 1 8 49 37 30
37 10 54 27 32 48
18 32 58 50 26 60
17 38 27 6 11 10
58 33 55 41 16 2
59 33 11 36 18 31
8 60 55 7 29 38
24 8 28 43 57 22
56 10 34 2 21 14
37 2 51 47 14 60
19 11 52 6 5 18
17 58 2 43 54 6
45 34 4 5 58 39
41 40 47 13 10 56
35 23 38 32 50 41
56 25 24 29 17 14
52 34 27 26 15 14
7 43 53 25 34 9
23 2 37 20 9 16
30 26 50 34 57 25
59 43 11 21 10 25
2 44 31 59 37 41
43 55 52 21 24 31
19 55 18 29 50 45
29 38 27 11 37 57
12 60 43 48 16 7
6 45 4 58 59 51
57 39 21 34 44 20
15 33 55 21 8 29
57 36 12 49 4 29
16 21 29 53 27 36
18 20 29 56 58 33
38 21 5 24 60 35
55 48 57 26 10 25
3 31 34 21 49 48
1 35 50 37 13 31
46 48 50 52 10 21
9 57 21 43 22 31
36 19 53 51 15 29
26 32 29 23 49 15
19 12 54 8 40 44
59 2 11 44 51 6
26 4 23 42 32 18
17 25 49 23 60 46
58 2 40 1 38 18
27 18 38 52 46 21
44 46 24 54 30 35
50 46 27 52 55 16
20 10 13 25 23 30
36 39 58 55 16 21
6 32 33 47 27 22
17 29 14 32 31 40
3 50 5 46 12 39
6 17 11 26 20 4
39 31 15 49 42 29
34 29 41 59 25 15
19 41 6 27 17 21
26 20 23 10 39 29
22 30 40 16 36 34
24 53 7 21 49 57
53 25 19 41 59 26
49 14 11 25 4 6
12 31 16 55 35 38
17 1 44 7 8 51
32 21 45 57 13 48
32 23 38 46 15 27
39 46 54 45 13 43
46 6 16 35 42 34
43 36 8 29 42 12
11 30 29 53 5 27
59 34 22 10 12 9
22 4 7 39 44 58
55 36 58 39 6 26
45 23 22 25 20 28
55 1 39 47 52 58
39 24 54 2 48 56
36 16 44 59 22 53
45 7 24 48 46 8
20 26 14 55 5 3
21 9 1 57 2 39
39 3 12 20 43 55
21 1 6 23 12 8
7 32 28 15 19 12
37 4 47 44 26 30
60 56 54 4 13 22
1 57 17 23 14 53
45 22 38 50 33 49
54 19 4 50 59 53
8 29 13 12 56 21
36 60 54 58 41 1
53 50 15 35 8 26
57 26 19 13 21 34
15 16 52 59 19 44
4 47 33 45 2 6
35 26 13 9 44 39
9 2 43 49 53 4
46 32 21 31 24 19
56 22 48 3 31 26
37 11 55 20 36 52
17 56 39 25 60 8
60 30 48 27 40 46
32 25 52 46 20 57
28 55 34 37 33 12
3 60 42 17 26 55
31 48 24 38 40 35
30 42 17 15 54 55
15 23 29 31 10 9
34 60 26 28 27 23
27 49 1 53 42 20
6 4 33 29 18 59
38 46 59 60 21 25
6 23 33 38 2 32
20 26 22 13 9 24
49 36 44 17 57 3
54 59 12 60 45 42
11 22 10 29 35 50
14 33 46 57 52 40
16 48 53 47 58 30
54 10 31 42 9 47
5 32 9 38 60 29
39 14 12 41 59 55
49 30 6 51 33 35
18 30 34 52 28 11
19 45 41 50 32 60
30 44 52 47 48 59
27 49 54 24 14 4
56 51 12 11 18 38
30 14 21 26 27 46
25 13 54 50 9 17
9 60 23 34 49 25
30 24 10 40 38 46
30 54 47 7 43 25
58 23 26 11 35 1
45 15 12 36 60 34
60 13 58 17 15 49
3 44 50 20 12 59
40 44 48 5 47 36
16 42 53 60 27 9
2 19 56 6 26 13
23 34 52 43 14 48
30 57 25 46 14 28
15 17 5 53 21 14
50 40 16 57 31 47
45 33 46 38 41 9
1 46 53 58 35 30
10 59 47 33 44 38
60 24 50 18 37 46
2 21 53 38 56 12
28 23 49 38 16 33
15 43 37 14 31 6
37 33 14 4 39 1
5 42 14 48 39 10
30 47 1 59 17 52
10 43 35 56 59 60
6 41 12 32 38 4
11 26 52 2 4 23
17 23 53 33 56 51
46 26 47 37 52 13
40 21 45 9 11 46
6 58 18 43 37 30
60 36 5 55 10 42
41 44 23 7 25 35
6 28 8 27 53 43
20 27 14 38 37 17
5 48 13 41 39 20
2 52 32 55 35 51
35 44 23 22 13 51
43 29 33 19 53 26
33 36 3 57 18 46
56 4 24 39 46 43
51 46 17 58 27 52
34 49 27 6 45 39
45 39 19 38 50 48
52 34 6 32 19 56
33 41 9 31 24 32
41 13 56 52 60 32
18 38 5 34 37 53
17 49 5 48 27 38
1 23 49 11 43 6
20 26 45 25 9 44
11 24 59 51 28 39
46 59 23 6 28 41
11 19 44 57 15 37
54 28 4 51 39 16
14 38 3 47 9 44
23 6 15 21 45 36
20 17 42 29 43 32
24 31 40 52 32 42
2 14 23 10 17 37
20 11 13 10 59 2
43 21 57 28 19 49
11 2 60 50 52 21
8 37 48 33 17 52
28 12 32 42 3 24
16 52 55 15 38 48
48 14 42 49 55 29
4 41 46 47 13 36
46 5 54 48 1 12
24 3 5 6 56 4
38 11 45 16 13 42
47 39 32 51 4 19
21 57 44 7 49 37
27 3 6 15 36 17
14 31 33 4 49 27
46 4 2 22 11 49
48 44 21 2 34 45
59 26 31 55 27 32
51 18 16 12 47 37
52 60 12 30 50 6
53 14 55 2 27 50
21 54 25 33 1 3
34 49 38 30 29 4
47 31 44 32 15 35
56 10 22 43 38 34
27 36 21 48 35 55
14 37 50 54 1 42
58 36 13 30 16 3
43 38 19 2 49 51
49 36 52 30 60 31
16 4 3 19 12 24
22 52 57 36 2 27
18 6 48 32 38 15
40 1 15 33 24 42
37 50 53 23 3 30
24 19 14 23 33 6
51 57 20 59 8 37
56 1 57 14 45 24
34 46 42 16 28 60
36 34 15 29 42 47
6 27 32 13 24 3
48 9 42 3 46 31
10 34 36 22 37 38
14 21 59 44 24 40
53 24 15 2 45 56
45 59 29 19 4 1
56 16 24 26 43 3
19 46 26 44 33 13
59 15 58 30 38 7
8 1 36 10 40 54
58 9 34 13 3 56
59 13 58 10 31 9
52 6 25 32 12 2
31 22 37 46 14 20
23 49 45 47 26 32
31 54 56 30 40 43
38 35 27 46 12 13
30 51 45 18 57 17
30 47 35 37 1 18
35 3 25 22 6 8
35 4 39 52 2 3
33 46 29 34 50 28
4 53 8 56 31 5
40 46 7 31 44 10
8 32 6 58 40 1
44 55 23 4 35 36
50 29 23 31 44 16
26 56 57 12 1 55
50 19 28 38 7 43
48 15 43 19 59 16
13 21 5 46 12 28
28 22 32 46 3 14
14 44 5 58 35 59
11 51 29 10 46 25
52 36 32 55 27 12
42 49 7 14 41 10
41 5 45 50 60 17
30 49 58 60 20 38
56 58 22 38 53 2
5 38 17 7 59 47
31 27 14 2 33 40
23 44 17 54 60 6
43 13 20 31 34 8
15 19 29 20 36 45
6 19 29 57 25 17
20 12 59 44 35 42
29 46 37 25 39 2
60 40 16 29 51 56
51 5 54 43 34 23
52 22 27 23 37 60
21 35 14 33 48 43
37 11 45 39 9 46
26 49 40 36 9 59
20 33 36 5 10 27
35 20 47 12 16 18
50 12 43 20 29 22
5 14 45 56 31 34
14 27 7 44 15 1
36 19 35 20 46 33
19 42 38 13 48 6
8 6 14 17 51 32
50 41 10 27 7 32
34 26 54 23 45 7
37 30 5 15 46 9
9 40 17 33 27 46
28 41 35 19 12 13
7 59 41 2 26 34
13 56 14 11 6 17
60 50 49 38 16 31
14 27 39 53 51 36
21 6 54 46 5 13
51 28 20 59 2 47
10 6 21 45 47 9
5 45 44 54 47 32
34 15 51 1 7 27
47 42 12 60 44 8
37 1 58 15 47 38
23 56 43 22 33 39
44 11 21 5 35 38
45 59 29 50 38 58
48 52 25 35 12 41
45 9 40 25 42 33
29 14 35 32 55 33
59 32 8 43 28 39
34 2 15 60 37 53
41 13 26 6 9 45
59 57 42 41 25 16
32 60 27 55 7 43
10 8 5 20 3 4
39 60 26 7 27 37
55 16 58 25 59 21
50 15 31 27 40 12
35 47 39 32 44 4
58 37 47 53 56 32
20 15 9 2 21 60