46
39 7 48 45 33 29
29 26 43 5 48 17
9 25 14 2 37 44
58 22 41 44 45 14
40 31 24 33 55 34
5 44 35 48 25 19
17 47 1 8 58 43
13 34 15 32 27 46
24 16 45 33 25 29
56 25 33 55 32 3
30 27 25 29 35 38
13 23 27 8 5 18
44 5 11 59 27 48
3 2 39 13 37 6
8 43 35 10 32 20
2 45 54 22 33 16
12 34 54 46 59 31
41 40 17 18 31 34
10 56 33 17 50 41
53 24 10 38 5 50
40 54 45 26 2 8
42 43 30 29 20 4
25 60 50 49 13 45
52 13 33 17 19 49
13 17 59 46 29 51
8 39 56 36 58 18
58 7 38 3 53 27
37 55 57 60 41 27
24 22 35 11 8 52
17 36 9 33 40 52
22 37 12 50 32 55
34 27 3 52 24 41
35 36 33 52 50 17
59 29 14 37 26 55
13 44 25 17 32 57
44 46 35 42 58 6
30 2 29 31 53 23
26 53 12 29 10 56
13 8 35 3 31 46
34 12 10 43 44 45
14 34 39 10 7 46
14 15 59 49 6 48
54 20 15 40 11 30
54 48 46 11 59 3
18 35 60 1 57 50
2 59 37 55 40 15
12 40 42 11 3 14