223
38 24 43 44 51 1
18 44 50 52 47 35
1 39 24 56 34 32
59 5 27 12 23 21
40 19 57 1 11 20
54 50 52 3 30 34
15 7 25 34 14 8
9 32 6 1 41 4
58 40 5 43 42 34
22 43 17 6 12 45
47 56 1 13 60 54
11 30 43 28 33 27
42 33 3 22 45 14
33 15 41 54 56 27
20 51 21 26 39 19
19 46 5 53 39 16
21 30 35 16 22 23
5 29 45 2 28 23
45 18 3 44 58 5
33 56 18 44 5 15
35 24 30 20 31 28
9 33 54 12 58 50
58 45 38 42 29 37
51 47 42 55 23 56
39 50 46 31 55 34
14 55 45 3 32 33
39 42 41 33 34 56
51 43 16 14 13 60
6 49 11 4 44 21
37 5 9 31 43 11
39 34 50 10 59 44
1 20 8 14 53 57
20 56 37 17 48 51
5 3 50 23 20 49
41 55 29 11 36 25
28 22 43 25 17 40
48 30 26 49 34 37
48 41 24 59 18 11
55 38 47 46 53 9
56 25 18 1 22 42
43 48 18 31 16 36
38 2 52 39 54 51
34 25 52 36 7 42
60 24 39 6 31 22
4 57 52 46 26 45
6 15 17 20 2 30
18 41 15 59 39 48
4 41 31 29 49 11
20 46 2 38 48 30
59 57 10 3 36 45
29 17 18 36 9 45
31 15 28 51 39 42
45 38 21 31 18 30
23 28 24 54 31 25
11 46 55 15 34 21
33 38 53 48 31 50
49 16 52 39 34 32
12 32 33 42 56 49
2 33 7 43 16 27
57 52 47 21 42 35
23 58 5 7 22 52
2 5 17 15 38 11
46 21 38 5 29 45
22 41 14 11 16 60
15 29 55 40 58 10
49 40 8 51 22 12
48 45 10 23 58 6
39 27 26 40 1 60
17 11 36 44 16 15
50 7 27 8 35 54
30 49 11 6 32 28
46 43 17 16 38 25
58 11 23 40 46 44
58 31 35 39 8 3
8 24 11 43 18 4
4 36 57 20 42 30
56 60 51 35 41 49
56 45 7 44 12 33
23 40 31 17 48 45
29 20 48 10 24 53
52 10 21 6 42 9
45 8 57 1 26 32
12 51 54 24 39 53
60 45 24 23 15 54
45 31 2 30 10 55
58 37 43 52 28 4
48 25 11 52 36 26
22 31 40 36 51 15
41 22 43 2 35 15
23 50 47 14 44 22
8 31 58 3 39 13
41 45 48 34 26 24
41 36 21 48 7 19
36 53 13 51 60 41
44 41 49 1 38 21
26 10 2 51 4 23
36 11 46 12 29 9
22 1 2 53 9 41
27 14 57 18 54 24
26 7 35 49 42 41
52 15 33 3 30 56
13 48 17 23 45 4
40 16 20 44 23 34
14 16 54 3 40 50
6 33 28 49 44 34
43 56 36 5 22 1
26 59 12 16 21 23
34 21 20 48 33 2
41 14 33 35 32 11
50 18 31 11 24 37
19 29 50 33 53 47
12 14 16 13 36 22
49 16 60 37 13 56
28 47 1 53 58 12
15 35 10 34 47 44
12 54 57 5 58 14
27 34 59 37 57 14
1 40 47 51 8 17
28 5 8 30 45 24
58 46 45 39 41 53
6 7 27 26 24 18
26 60 48 9 31 59
50 9 20 2 38 47
16 49 18 58 51 25
2 50 34 10 3 53
22 53 21 43 42 27
51 25 40 10 22 50
4 36 22 39 1 6
23 58 6 14 30 21
39 20 42 25 26 19
18 52 15 32 28 14
35 32 43 57 52 27
41 8 45 39 11 55
25 5 42 2 24 36
47 28 50 20 19 6
49 23 35 15 14 32
20 41 56 22 38 54
56 4 10 54 50 27
51 25 36 13 26 22
26 8 38 13 47 12
52 15 20 12 40 31
44 43 5 40 13 30
19 58 22 30 20 31
26 13 14 59 20 48
33 17 5 56 25 44
52 2 42 16 11 31
41 40 4 38 47 25
42 58 35 33 2 48
42 27 26 22 56 25
25 43 13 45 4 46
60 41 53 9 31 52
4 11 15 8 13 35
25 2 13 58 16 11
21 1 14 59 27 24
47 57 53 35 37 12
50 9 28 11 30 56
3 18 59 29 47 37
17 50 18 56 54 31
17 46 56 54 52 49
5 34 12 14 19 24
15 48 45 42 59 35
45 28 53 57 49 22
56 37 27 39 36 11
2 31 16 18 51 30
7 50 9 12 18 3
25 1 41 22 57 11
49 48 5 27 40 41
19 29 52 51 16 28
52 19 37 10 35 59
6 3 8 9 54 21
32 55 57 4 58 3
25 44 46 49 56 34
48 21 36 3 55 10
24 18 19 2 48 35
47 18 42 43 55 3
34 57 2 51 48 27
22 21 43 14 13 30
48 43 42 26 29 56
23 19 4 53 48 50
11 43 47 32 20 26
59 55 52 48 50 56
21 41 32 25 20 23
56 35 6 1 26 49
41 20 30 15 4 1
37 39 7 20 54 47
34 45 59 1 35 19
24 4 44 3 51 12
11 5 34 60 45 32
15 48 34 56 49 20
9 17 56 16 10 47
42 8 52 2 6 32
60 31 16 57 41 1
5 17 16 22 26 56
47 49 43 52 29 6
22 57 23 4 6 19
24 15 18 47 2 48
35 12 33 46 13 23
30 54 42 38 22 35
34 18 39 24 8 25
31 6 56 8 45 49
33 35 51 13 55 21
49 23 40 59 10 35
21 33 35 23 22 1
3 42 25 12 28 41
46 7 48 45 34 43
52 22 49 60 32 16
3 32 59 20 27 46
45 36 49 43 9 57
28 59 5 44 24 4
32 35 1 39 41 55
29 35 12 18 44 45
27 1 32 46 26 55
58 15 41 57 5 12
50 23 12 34 51 41
11 36 29 48 17 23
41 1 45 4 17 34
19 16 33 25 37 14
51 18 39 5 53 19
32 9 50 18 13 43
6 31 19 3 15 7
44 40 25 38 24 21
45 26 40 42 46 36
60 38 26 6 5 54
19 56 60 10 16 15