133
17 47 28 43 58 27
44 3 1 10 9 53
26 7 19 12 51 34
6 47 22 29 12 10
6 20 42 28 19 8
18 5 25 1 50 34
9 6 13 14 16 41
2 53 28 1 18 46
16 29 11 30 3 17
26 4 52 17 7 9
28 36 59 30 47 41
5 39 48 20 34 35
22 47 46 29 20 40
59 41 31 27 60 1
33 10 36 44 37 19
46 15 58 19 39 55
30 57 11 1 20 53
44 15 41 53 32 59
54 47 38 15 23 33
28 21 22 35 5 47
22 19 26 59 23 48
14 47 5 43 1 35
41 25 40 36 50 34
25 51 32 26 21 54
11 6 35 12 50 9
51 50 3 16 25 31
28 22 37 46 23 47
16 42 45 2 8 51
49 3 32 58 43 18
52 19 39 2 18 35
22 29 48 19 9 38
48 3 42 36 57 20
50 26 57 27 1 29
29 51 50 6 21 58
25 39 29 40 49 26
43 32 60 21 38 41
7 51 32 8 42 24
40 7 18 16 4 30
59 43 13 58 45 16
36 20 3 50 38 14
22 15 17 45 11 8
18 41 11 33 37 59
22 31 14 16 34 18
50 34 57 59 43 2
3 9 35 11 53 23
51 21 55 19 26 8
28 2 15 48 18 49
52 15 36 28 47 59
32 20 18 30 50 4
37 23 40 52 53 13
4 15 37 3 53 43
51 39 36 16 23 59
2 6 26 19 30 33
46 56 57 22 2 36
4 7 35 24 36 39
36 51 27 9 6 45
54 22 25 52 12 24
4 52 50 49 56 45
46 34 50 39 42 1
4 60 9 56 6 36
37 22 14 39 46 25
42 52 33 43 60 18
27 33 53 4 40 60
59 6 34 52 7 9
17 46 42 43 51 7
14 32 33 21 28 15
28 14 3 15 24 41
26 27 51 45 14 56
6 32 42 31 20 19
50 11 29 36 60 37
32 37 1 36 34 49
49 13 40 43 19 25
18 8 15 6 51 11
7 11 2 4 21 13
35 50 18 52 43 27
54 52 1 5 39 49
26 49 31 24 41 33
55 24 5 35 49 14
3 22 8 55 30 6
8 58 32 57 42 52
47 39 1 14 7 8
43 33 42 15 22 32
2 22 9 50 6 13
1 12 3 51 19 57
35 12 60 32 5 36
2 28 21 56 52 12
10 35 16 22 7 39
10 32 50 18 22 38
10 31 29 15 57 9
40 60 45 20 4 30
38 47 32 44 55 17
31 10 46 19 39 56
34 6 26 23 54 45
16 43 23 7 25 38
8 40 35 1 42 18
16 49 9 5 47 14
16 28 60 45 51 10
55 48 12 25 37 6
29 17 36 7 23 56
31 56 60 13 8 16
33 24 10 31 58 14
16 25 47 27 2 18
24 16 57 34 37 45
39 54 18 44 58 1
7 26 29 58 14 41
31 2 58 15 27 42
39 4 38 37 30 53
11 26 5 6 10 28
22 36 60 10 2 5
7 47 36 53 37 41
45 28 43 51 19 26
22 38 36 20 59 43
20 30 10 48 60 37
36 34 37 50 18 9
11 12 57 29 45 8
14 33 47 59 1 3
25 4 41 40 44 35
2 1 3 31 25 42
20 7 14 53 46 47
45 30 11 37 49 5
52 11 33 18 45 1
16 29 48 34 22 13
18 49 48 35 60 31
51 23 3 12 21 57
53 52 5 43 42 16
54 46 56 58 9 20
47 38 40 59 56 13
51 55 10 56 57 13
13 3 40 60 38 35
37 48 5 27 41 22
53 17 34 21 15 43
18 33 55 28 26 56
10 55 18 27 17 24
18 35 44 42 54 40