373
37 38 19 59 5 9
2 3 51 24 57 48
55 11 2 50 17 28
30 58 25 60 2 5
5 4 6 35 57 9
26 39 33 22 59 36
28 59 30 54 19 10
17 32 19 3 51 46
48 60 59 21 56 29
44 54 12 28 18 13
55 37 22 41 33 50
8 35 3 27 22 59
50 5 31 44 54 23
13 3 21 11 27 33
50 3 38 34 8 41
21 58 42 60 43 38
34 1 60 11 20 21
7 60 3 27 45 38
60 3 58 14 6 11
22 5 25 9 4 21
25 13 20 50 49 17
46 14 42 38 54 35
13 8 17 33 59 16
2 37 15 54 21 17
53 23 12 57 52 42
9 7 18 52 3 60
29 23 46 40 32 4
4 5 31 42 51 46
46 28 50 47 18 55
24 12 44 38 37 6
13 57 32 50 29 36
25 5 53 46 27 4
9 21 11 39 24 51
31 60 55 23 59 19
31 54 7 8 56 18
57 47 38 53 40 1
48 5 42 58 29 39
8 60 57 16 55 38
5 29 9 39 22 15
30 8 1 34 35 59
54 22 57 17 52 3
36 1 4 33 31 25
8 20 27 45 39 40
17 33 5 3 37 32
2 42 27 16 39 51
17 59 56 28 39 29
16 33 18 32 58 39
18 37 39 52 43 60
12 2 1 8 53 30
35 7 58 48 39 38
52 55 48 7 49 30
7 16 10 32 27 11
49 17 30 13 54 9
10 41 7 32 42 47
33 19 47 27 48 18
47 56 53 2 50 48
1 18 51 21 28 19
48 45 4 26 47 10
3 5 44 24 39 30
32 50 33 44 24 6
38 8 50 45 4 49
6 37 46 3 47 12
49 11 55 2 13 41
20 18 36 3 54 32
5 55 50 18 44 7
51 1 7 38 39 53
40 49 29 20 37 35
49 51 2 41 4 47
15 2 25 50 5 11
49 57 20 10 17 59
39 30 16 59 4 33
19 55 42 27 28 20
8 33 43 24 56 38
50 21 58 31 10 6
11 20 22 28 32 19
39 5 25 2 58 60
42 14 32 7 25 43
28 27 13 60 59 22
18 26 60 8 32 17
45 53 5 49 11 60
14 47 60 46 30 11
34 44 30 1 53 13
47 49 13 51 57 45
6 59 32 34 29 46
48 44 49 16 14 38
56 29 27 25 50 48
15 25 24 29 44 36
1 42 30 51 25 18
25 22 55 39 32 57
46 8 45 50 14 19
15 30 43 5 58 21
8 51 29 59 34 38
30 53 32 41 25 58
50 6 15 23 52 41
3 24 47 4 45 41
58 54 17 21 47 5
41 15 3 10 17 50
41 36 28 22 53 46
39 28 12 32 16 30
2 54 35 39 15 43
2 51 12 11 41 39
53 14 22 58 33 3
7 59 28 9 3 1
49 51 59 44 31 19
6 12 53 46 47 52
59 17 22 40 16 51
36 55 7 25 33 54
10 9 25 34 1 7
18 51 35 40 4 32
21 12 26 16 52 1
43 11 32 1 39 26
44 13 18 14 51 31
47 29 58 40 7 54
52 48 13 14 24 42
15 29 7 6 17 59
5 22 51 28 32 24
54 21 15 7 40 2
21 4 36 13 41 19
38 50 59 17 28 18
43 1 60 17 20 55
52 49 25 13 51 7
38 55 44 33 31 60
60 6 56 13 29 54
37 30 40 32 31 59
10 25 45 56 7 15
57 32 42 48 18 59
6 53 32 41 60 18
14 46 49 6 55 53
40 3 30 55 15 1
58 45 25 46 22 28
36 28 30 35 6 23
19 49 16 35 42 37
44 46 6 54 1 35
12 45 4 30 47 3
5 7 14 24 22 58
20 22 35 34 32 52
27 23 37 45 1 36
31 27 30 12 6 14
50 60 3 30 57 49
21 22 16 34 47 2
9 31 40 48 20 47
5 22 35 58 30 41
33 45 23 46 44 8
52 1 15 12 33 57
24 28 9 12 59 22
36 10 60 30 39 51
20 32 46 60 54 59
52 54 10 22 40 37
48 37 26 20 22 5
9 57 22 8 34 37
38 7 45 15 24 36
26 14 13 8 27 21
23 21 10 6 36 28
29 11 33 35 10 44
55 10 12 22 47 53
51 49 5 27 55 50
57 37 38 41 6 40
46 40 58 37 9 21
19 15 51 10 58 2
58 20 38 32 21 34
55 21 53 2 47 9
57 26 31 54 4 12
55 51 59 40 50 4
13 59 29 44 32 16
38 13 36 39 58 17
5 58 28 6 39 3
25 24 40 19 54 13
27 28 7 54 26 14
35 8 3 56 14 41
33 3 12 55 40 24
14 32 16 57 44 60
17 28 54 34 46 10
48 60 11 53 3 13
28 40 24 58 56 7
33 52 18 15 17 57
44 6 14 23 27 32
48 50 35 54 37 27
3 57 10 38 36 53
48 21 19 57 4 55
36 41 25 35 13 47
38 29 10 55 7 32
39 28 54 8 58 48
12 8 45 25 44 37
14 26 33 30 51 9
1 36 25 32 7 5
26 48 57 3 6 47
28 44 2 27 36 45
33 4 8 56 17 58
15 8 50 31 17 7
2 26 48 7 31 37
54 21 37 45 4 49
55 12 52 6 25 23
49 47 12 52 34 60
52 2 26 17 20 49
55 52 37 17 41 26
47 16 37 21 31 20
48 43 53 49 45 59
57 22 28 15 9 17
18 43 3 47 52 32
3 44 46 53 58 2
40 31 9 43 38 48
50 51 56 41 46 7
23 38 5 50 33 24
42 29 39 48 35 51
3 20 11 25 6 45
1 41 27 40 11 52
42 5 57 8 24 7
13 36 20 19 57 53
53 12 36 50 16 51
24 60 25 26 27 14
56 43 1 18 17 52
1 27 49 53 37 5
60 7 11 51 44 30
40 30 26 3 45 29
40 31 18 16 55 1
38 37 17 50 26 43
15 59 27 13 19 1
55 22 51 28 17 12
54 26 40 48 43 51
36 38 21 53 9 6
50 14 17 41 20 9
41 29 60 42 46 14
18 3 51 16 1 36
56 13 31 30 14 1
43 10 9 29 47 32
44 48 13 60 1 25
41 39 38 35 1 59
22 2 47 13 3 32
21 38 10 33 48 60
51 20 3 55 29 22
52 3 43 53 49 56
15 19 32 14 33 53
36 47 57 48 53 6
13 12 28 29 5 11
26 8 56 58 1 60
59 7 41 37 43 8
57 5 13 10 11 24
57 29 33 49 4 36
1 26 4 7 14 51
7 26 5 11 23 14
53 43 56 35 41 48
16 20 44 29 35 21
47 28 15 27 60 44
11 43 20 15 42 14
21 55 52 26 33 50
28 36 31 35 10 19
50 25 57 26 5 9
42 38 6 12 41 35
37 20 49 2 19 36
49 24 51 44 13 42
14 23 39 60 38 27
60 48 6 8 2 3
12 39 13 40 16 55
34 57 14 49 8 19
32 4 19 46 50 53
58 34 29 10 32 7
41 55 32 35 26 14
40 60 48 49 1 20
36 41 58 31 7 13
54 27 51 31 21 28
46 43 1 60 15 19
44 50 15 20 27 19
8 44 17 47 4 24
60 42 30 20 15 9
51 30 52 15 40 58
47 37 32 29 41 1
3 58 42 28 33 24
41 15 24 3 48 4
15 21 30 9 42 28
8 54 14 20 38 35
50 9 36 7 26 57
49 27 36 60 57 1
32 52 27 23 33 50
55 31 20 44 25 11
59 52 42 54 53 37
53 55 10 48 27 1
13 4 31 14 42 22
38 7 22 57 24 55
49 56 26 37 15 47
56 20 22 9 40 1
6 40 22 57 27 2
27 35 44 26 2 37
32 6 27 28 4 35
36 4 50 1 45 18
45 53 48 18 37 58
38 36 11 14 35 60
60 27 18 22 11 53
28 11 9 23 37 27
26 22 29 4 51 5
2 51 58 17 10 50
33 30 39 52 51 44
10 30 50 42 52 53
26 37 36 15 10 24
47 31 56 27 30 15
6 25 2 10 3 38
34 54 53 18 12 5
42 53 2 45 40 4
28 32 41 35 15 31
57 24 46 23 8 58
44 1 5 22 17 3
44 56 24 28 5 39
41 25 27 30 58 28
28 40 26 52 12 3
36 43 30 26 55 17
55 37 40 14 10 47
56 3 42 43 17 26
1 43 56 18 28 6
43 15 50 5 29 24
10 43 45 25 23 30
11 37 44 20 43 36
41 29 50 46 42 2
34 2 44 25 35 37
47 38 7 32 14 43
3 50 23 30 43 45
39 24 57 29 42 3
49 13 5 1 52 31
11 28 8 55 39 31
13 48 25 11 58 10
33 47 41 10 7 12
19 54 13 8 7 12
27 30 39 37 46 42
6 24 1 36 46 45
31 19 34 7 32 4
11 50 29 41 52 36
11 59 21 20 50 15
18 56 17 42 12 6
54 59 9 45 16 5
48 19 37 54 21 8
41 2 59 1 16 35
55 46 37 56 1 47
41 38 58 57 37 21
23 19 28 41 16 14
1 16 2 47 32 42
37 26 9 23 42 29
44 2 9 56 42 28
27 36 25 9 46 1
18 54 59 44 11 19
40 51 34 57 9 29
4 23 7 47 40 5
27 14 51 54 11 17
21 24 23 54 27 52
59 28 9 22 57 23
32 31 54 59 9 39
48 13 23 10 22 9
16 41 5 11 8 60
17 38 54 48 40 6
4 10 11 23 57 22
54 56 7 48 5 29
3 35 27 30 6 4
58 38 23 18 51 4
19 15 57 33 3 23
47 33 40 16 59 39
44 54 38 40 26 60
58 5 23 50 54 59
20 43 53 58 13 3
21 19 48 54 8 2
34 36 31 50 40 25
26 58 44 53 25 56
51 43 1 47 46 50
23 49 11 8 16 43
60 48 24 35 28 53
29 16 22 30 32 55
7 1 15 32 41 5
43 22 18 46 53 27
6 43 11 35 9 17
20 10 32 27 54 11
42 44 58 46 27 14
31 11 2 60 29 25
20 30 57 13 53 37
11 34 19 38 29 5
17 55 15 1 12 28
39 23 36 7 19 45
17 8 20 24 12 40
13 21 29 23 44 57