32
55 13 11 19 45 40
24 19 21 44 5 4
6 45 55 41 32 58
26 7 30 11 59 17
45 13 3 57 20 23
16 4 15 48 47 34
18 41 44 56 29 49
16 14 12 51 37 44
43 19 55 60 21 37
27 21 2 13 19 1
11 43 59 42 40 33
32 40 25 51 14 13
11 12 60 56 31 57
1 44 31 9 21 39
60 17 7 57 18 31
22 17 55 44 41 15
19 51 46 47 15 58
28 57 47 18 51 13
51 9 31 12 52 16
23 55 43 29 51 45
51 4 53 31 3 13
8 49 42 28 47 60
28 49 27 48 45 4
49 19 51 52 32 47
5 10 60 38 59 51
24 11 39 1 25 58
35 38 21 43 51 44
15 30 45 55 5 48
13 56 15 25 45 48
35 33 46 47 59 21
51 19 36 41 12 47
56 33 52 44 46 21
1 49 14 46 54 17