185
40 12 11 60 42 7
20 34 52 37 38 5
21 25 2 60 50 27
42 23 39 19 34 6
4 53 38 35 52 58
12 49 42 35 50 9
15 42 28 17 59 31
18 28 21 26 40 16
9 13 48 46 8 10
29 25 54 16 36 8
19 57 32 46 35 25
8 31 13 54 7 56
17 7 37 14 2 35
29 27 12 55 38 59
49 46 16 58 19 50
58 25 35 43 6 26
45 33 10 27 51 20
4 26 8 31 22 58
12 57 18 40 56 52
54 12 40 44 24 1
44 1 47 48 26 2
25 58 54 49 14 52
4 54 23 46 36 38
52 49 54 27 23 29
55 37 49 34 46 27
59 46 55 54 7 32
45 12 32 34 53 50
39 56 47 3 19 12
8 1 58 22 40 27
49 34 7 41 46 39
24 5 46 15 50 45
55 1 37 10 12 19
2 53 23 14 58 24
28 54 1 13 48 24
36 18 33 39 49 48
34 41 57 50 37 60
34 21 59 28 42 13
15 37 17 54 23 42
28 17 2 56 33 59
54 52 37 23 9 4
43 5 20 39 57 22
33 43 29 27 37 7
17 15 24 34 1 4
24 22 1 28 38 29
29 9 24 47 57 36
44 17 3 38 60 53
32 23 59 10 37 12
49 21 60 52 1 20
52 20 18 29 60 38
5 21 6 20 19 58
24 44 1 15 5 16
7 58 57 3 55 9
49 7 54 19 41 8
25 56 57 13 49 6
34 50 33 38 16 24
31 45 7 50 5 9
25 58 2 42 33 8
41 58 55 10 6 37
47 19 32 60 6 24
52 60 1 46 35 4
4 22 56 10 55 57
12 41 26 19 24 43
21 49 7 13 19 33
13 52 33 38 9 58
6 29 32 1 53 30
20 48 35 43 13 3
11 54 8 58 24 9
17 26 53 58 13 56
42 57 18 60 47 19
8 41 55 26 42 14
48 39 7 16 46 18
45 28 31 12 7 30
42 19 21 49 5 24
41 25 48 13 44 14
35 32 29 54 46 56
10 49 22 35 8 6
32 9 53 47 42 1
19 50 48 45 25 38
23 11 33 6 8 30
34 44 9 57 38 1
52 54 33 30 38 41
24 29 27 57 32 42
50 9 45 60 47 26
55 10 15 11 35 8
35 57 10 52 47 30
10 1 2 29 13 28
29 45 49 32 38 46
22 56 52 33 54 47
1 46 3 23 40 48
56 10 46 6 31 3
45 14 42 3 49 18
48 23 7 35 17 26
49 41 17 24 55 51
8 2 10 33 55 36
41 18 40 26 45 17
18 30 15 49 52 24
3 42 11 26 34 31
32 57 46 24 38 25
5 3 13 8 36 28
18 53 35 52 19 26
24 2 22 32 54 44
5 27 20 35 56 8
60 25 9 35 15 53
50 58 28 33 6 53
23 9 59 35 18 25
22 27 14 15 16 36
8 47 27 37 15 34
11 51 21 6 47 16
11 24 52 26 19 41
19 13 7 11 22 34
45 6 49 24 20 41
23 37 11 12 44 6
3 35 27 36 40 58
39 51 19 48 32 45
21 13 37 40 44 60
10 16 8 40 19 30
43 6 34 42 46 13
59 37 53 25 24 26
3 57 16 11 33 37
34 46 18 16 28 59
7 48 49 27 51 22
11 10 2 12 22 54
18 5 57 48 31 2
10 56 57 34 1 20
23 55 58 16 9 10
12 41 60 44 53 8
53 19 4 20 42 38
37 51 26 8 25 22
26 13 45 58 18 39
38 59 29 23 45 44
56 18 11 41 21 7
38 49 39 41 12 8
31 27 19 53 42 52
10 32 43 53 37 9
24 35 33 13 25 56
18 34 49 19 57 38
13 34 31 28 26 21
43 48 54 17 28 6
17 24 45 31 20 44
23 20 11 55 31 21
17 2 51 36 30 1
52 22 10 54 49 42
39 28 8 19 13 53
21 17 8 35 41 47
11 30 54 42 43 25
38 57 15 2 43 42
55 52 4 46 22 58
23 18 44 5 22 9
45 26 46 60 7 10
53 40 11 43 1 26
53 30 2 38 40 15
54 47 11 37 19 17
58 46 54 47 37 60
54 37 29 7 5 35
39 12 28 52 41 31
59 3 34 4 51 9
4 27 17 11 8 24
14 37 3 38 48 41
13 18 35 48 21 5
51 18 53 48 17 37
23 12 6 51 41 39
20 41 21 34 24 31
29 60 20 39 43 33
25 18 7 58 21 13
47 42 53 33 37 39
4 41 16 25 32 48
20 7 23 14 15 60
49 14 41 18 13 57
41 50 9 44 48 2
1 24 54 22 25 30
30 56 59 38 44 43
1 34 47 8 19 27
28 24 18 57 41 47
5 39 8 51 41 56
44 9 10 39 2 5
23 20 14 8 21 50
12 24 5 21 35 57
46 9 34 40 43 24
36 13 10 43 3 18
47 23 7 42 39 26
53 9 33 27 55 5
32 5 47 13 4 20
2 39 17 12 3 38
60 38 9 3 45 15
47 26 15 55 58 30
39 16 4 14 27 50