85
57 8 25 26 1 14
47 31 27 40 55 13
17 25 15 46 2 39
14 9 3 31 59 54
23 3 11 48 41 29
58 11 47 45 2 1
5 32 9 21 37 20
25 35 5 31 19 15
56 27 36 60 28 59
56 52 39 58 3 19
9 44 32 53 47 20
24 5 56 38 48 39
12 22 37 14 10 33
12 10 4 37 27 16
11 2 45 40 20 47
29 5 7 31 43 23
37 7 9 49 25 29
32 44 57 56 15 58
33 36 11 57 3 30
58 34 43 4 12 42
7 54 13 51 52 56
3 59 37 54 40 26
30 42 43 13 21 52
52 47 9 45 44 38
54 39 2 7 24 48
38 31 32 12 40 53
60 53 43 22 41 24
20 45 1 60 32 54
5 49 46 7 43 52
8 41 58 40 22 51
60 18 4 42 7 8
56 4 38 12 10 1
24 51 31 20 15 57
1 24 28 35 14 22
27 3 28 14 26 38
57 47 50 2 51 46
28 16 30 39 31 5
37 55 49 23 10 57
28 3 37 31 53 32
45 6 13 20 57 24
60 13 1 50 34 39
4 16 26 42 40 45
11 40 23 21 41 44
53 6 19 8 49 50
49 58 47 16 50 12
9 37 50 48 25 17
3 30 38 12 56 45
22 24 46 16 29 3
10 15 59 52 37 11
28 34 33 27 60 40
6 17 1 48 8 2
51 16 47 36 35 5
14 51 29 22 3 24
6 53 12 1 55 37
12 13 7 42 50 15
60 22 18 35 46 50
40 13 38 20 42 17
20 55 3 49 28 12
14 46 12 37 54 28
34 42 22 39 53 15
60 35 58 40 30 7
5 21 2 59 25 29
57 54 52 4 32 10
60 58 40 4 37 10
2 27 33 12 60 52
35 51 53 33 47 43
43 22 4 34 26 36
59 42 13 60 47 30
46 12 53 59 51 29
37 38 52 4 14 17
48 52 37 24 32 31
52 16 44 55 42 11
3 60 56 10 44 53
57 42 5 43 58 17
57 52 41 38 9 22
37 35 5 40 47 15
47 51 3 13 22 37
18 10 39 56 54 25
39 31 24 18 30 44
54 44 55 60 28 46
4 55 57 27 52 42
37 46 28 24 8 47
51 56 6 57 12 17
46 37 47 54 14 5
39 23 52 44 47 5
42 20 16 57 30 1