305
37 40 35 10 58 20
27 56 30 20 37 55
26 37 22 15 50 13
60 7 53 2 34 19
19 3 26 31 60 14
18 50 12 24 39 26
52 40 59 27 5 7
50 35 4 51 16 45
9 43 32 49 31 36
24 33 5 57 35 49
25 34 56 27 60 5
32 51 8 37 56 21
58 7 36 26 27 53
2 54 22 45 18 31
50 21 22 28 46 17
15 11 22 33 60 29
29 20 21 34 24 27
44 49 20 40 42 18
29 49 28 31 55 34
32 49 22 4 42 26
35 10 4 22 39 27
46 14 54 24 29 39
31 23 45 55 58 46
27 12 58 32 59 33
54 31 38 46 42 35
31 28 4 3 18 2
16 1 18 56 42 43
3 36 5 47 25 54
29 30 20 47 52 46
13 46 9 5 10 54
6 22 40 54 34 26
47 46 37 38 8 4
45 59 49 43 50 47
7 4 43 42 15 10
43 47 13 44 32 51
21 50 57 42 32 45
10 42 45 49 44 25
52 8 15 6 24 17
11 23 35 52 28 43
46 7 40 21 28 1
21 28 13 43 20 33
9 54 51 41 57 4
3 53 16 31 29 57
16 46 44 28 7 45
21 10 43 6 46 14
60 32 59 5 49 42
29 5 23 12 15 7
37 15 4 29 46 20
27 37 12 17 5 9
28 4 10 60 57 11
11 26 36 35 14 22
1 42 59 6 47 7
6 40 3 50 2 20
7 4 57 6 56 18
60 17 11 37 29 30
1 23 20 6 41 34
3 4 19 55 10 38
1 16 52 38 5 6
3 2 14 39 52 19
27 56 41 60 53 43
31 49 22 25 10 21
15 1 11 13 55 46
32 34 16 14 50 55
27 30 36 26 44 34
29 52 27 47 39 57
37 59 24 31 30 49
41 45 43 35 3 12
38 29 9 1 19 15
49 17 39 43 22 13
32 47 53 51 31 57
18 17 42 14 50 27
34 35 32 33 39 58
24 6 33 20 48 58
49 52 40 10 32 56
19 52 28 11 44 33
36 54 33 2 14 58
14 31 21 45 4 23
37 19 15 30 24 45
9 46 42 26 40 17
35 11 58 36 44 39
60 10 18 29 9 8
23 57 41 40 42 9
29 26 42 23 47 58
39 7 41 2 4 42
8 39 18 21 28 45
2 13 59 28 7 49
6 20 52 22 59 9
51 24 49 1 42 12
56 47 25 23 30 40
41 12 11 33 55 60
43 21 59 58 3 11
19 27 44 5 45 46
36 50 57 19 47 4
34 20 40 8 5 24
10 21 6 57 12 13
11 45 29 4 42 2
36 53 8 17 50 21
16 50 49 6 18 55
52 1 53 58 51 27
31 49 55 23 5 19
11 29 48 54 43 22
46 37 6 56 33 55
27 58 33 8 2 9
22 48 1 10 20 33
59 37 44 45 4 30
26 44 49 37 12 48
15 3 16 60 2 5
40 50 22 59 20 38
19 8 45 51 60 34
43 59 2 47 56 30
55 9 4 52 16 1
5 57 15 52 16 32
48 14 60 21 11 23
44 40 12 27 30 25
9 55 2 54 38 18
12 42 9 41 4 19
21 30 6 15 29 12
59 43 46 2 33 12
58 28 1 57 52 32
25 41 39 6 19 28
60 45 13 26 15 59
12 46 56 7 32 13
44 43 8 3 46 26
20 25 16 51 54 38
24 6 19 25 10 50
44 13 30 55 51 10
26 30 34 43 6 35
27 59 44 26 37 18
57 60 35 53 7 3
39 42 15 34 33 47
52 33 20 59 13 1
5 35 16 19 30 45
36 28 21 32 24 30
42 50 24 58 2 54
50 40 24 23 30 43
30 52 34 46 23 3
57 8 20 49 34 18
50 21 17 8 41 9
40 36 6 58 41 48
17 44 20 30 33 53
51 11 60 2 23 37
36 17 7 40 12 26
37 47 38 48 6 41
3 35 52 33 11 30
43 23 51 14 53 10
47 8 51 26 40 28
26 55 39 16 51 22
29 28 47 48 7 9
30 4 49 48 29 17
58 42 21 16 10 46
50 7 45 55 56 33
27 23 45 21 37 4
52 40 19 4 31 50
21 22 4 49 7 42
42 3 27 18 12 33
28 12 55 2 39 7
51 59 35 7 48 43
23 59 49 40 28 42
43 46 1 13 44 54
44 19 40 33 14 31
50 57 40 19 29 2
7 43 19 59 29 41
54 47 42 4 27 33
6 59 54 50 12 56
56 25 18 19 23 34
24 19 2 29 5 37
49 29 22 48 6 27
3 54 8 24 29 5
21 47 32 59 1 53
24 35 38 12 39 16
15 18 2 16 50 40
25 15 17 26 29 57
42 55 23 10 11 59
47 4 10 42 2 17
9 19 51 37 4 40
17 45 15 44 29 4
14 31 9 47 5 10
21 46 59 7 4 23
56 57 25 37 23 7
43 56 50 41 36 45
34 30 28 23 7 35
40 27 43 38 20 14
28 15 31 7 49 33
57 37 56 41 42 33
2 51 29 9 53 36
19 16 7 26 46 1
41 43 23 42 25 49
29 44 38 36 45 19
54 8 6 57 5 15
21 15 16 55 41 51
41 17 32 30 55 28
20 46 7 10 41 9
46 22 49 54 14 51
13 10 53 44 21 18
12 17 14 44 11 56
36 43 47 1 39 35
51 7 1 8 57 48
49 16 11 10 58 20
5 49 9 58 33 3
59 13 57 28 37 21
5 21 32 56 35 1
28 51 53 40 38 16
39 4 35 22 60 19
46 47 5 43 59 29
44 53 4 18 43 49
4 57 29 39 52 42
29 26 40 8 37 47
28 31 41 51 46 8
20 3 30 11 49 48
24 10 58 42 22 37
15 42 44 9 53 37
57 25 47 51 19 8
28 24 11 22 12 3
51 29 24 23 49 15
55 7 23 49 40 9
44 13 10 32 49 22
15 51 33 38 36 1
4 39 22 14 46 49
33 54 57 18 8 16
54 25 16 23 60 3
23 30 24 3 13 15
41 13 35 7 27 54
52 24 54 60 12 55
45 39 47 1 38 42
34 51 7 56 15 3
14 56 21 12 42 11
20 14 33 60 34 23
6 15 30 12 21 31
14 57 47 34 5 36
55 43 44 18 41 59
11 47 27 48 51 4
60 43 35 25 2 23
32 29 8 54 28 20
42 37 36 13 47 58
52 54 6 49 15 25
51 4 5 40 33 60
29 26 23 15 28 32
23 14 60 40 52 18
39 17 58 4 50 33
18 16 36 19 28 30
16 59 39 29 28 60
54 4 35 18 12 10
27 17 34 15 51 8
51 3 49 12 15 26
10 33 55 29 60 16
9 35 60 22 17 27
59 35 1 47 14 9
38 3 6 26 51 16
16 35 28 7 18 52
7 25 36 20 42 21
15 55 10 43 4 47
50 19 35 34 52 53
48 53 10 4 14 2
7 1 13 50 15 53
29 60 3 25 40 49
29 39 7 15 11 31
16 50 10 57 28 59
20 25 38 8 43 37
44 22 32 58 6 16
40 39 19 50 16 54
19 10 60 55 41 20
8 22 51 44 54 34
41 51 58 28 6 30
60 2 11 38 51 43
14 27 20 26 40 51
18 41 55 49 38 25
14 36 20 10 25 8
20 60 5 57 18 31
21 56 38 8 2 10
60 34 25 35 24 16
58 27 12 32 2 1
45 22 23 21 49 27
56 13 44 1 24 51
33 37 18 50 22 48
36 9 32 54 42 38
41 55 15 47 8 48
47 2 15 22 17 11
16 2 45 24 21 17
8 33 25 15 4 20
45 40 41 58 32 5
20 8 41 21 55 59
41 27 8 53 40 30
1 25 49 6 54 22
23 51 54 49 12 25
12 50 13 41 32 46
32 6 31 18 26 25
18 54 48 29 46 56
54 13 53 32 47 42
37 19 31 3 5 46
45 48 55 34 44 37
50 47 1 37 52 11
34 10 21 42 36 40
56 40 33 45 2 57
35 42 32 45 57 19
17 53 34 16 47 60
53 30 26 8 46 52
16 42 37 31 19 14
40 45 59 3 20 57
45 50 27 16 54 10
49 60 39 31 47 36
44 40 2 29 30 38
59 5 17 8 42 55
2 16 28 12 41 36
44 38 59 34 58 17
3 25 39 48 58 9
11 22 10 42 56 53