300
34 24 14 37 18 10
4 32 34 13 23 2
33 26 45 17 58 20
49 4 54 33 34 17
23 49 54 44 43 4
22 51 4 45 52 6
38 28 57 55 1 5
10 33 18 11 14 55
30 48 46 9 29 50
28 38 35 60 19 39
5 53 37 60 2 7
5 54 22 14 20 26
39 52 47 48 56 16
8 25 34 2 59 57
13 20 7 49 28 36
25 17 31 37 59 9
24 8 2 44 19 22
12 9 14 43 55 59
23 43 37 26 41 28
42 53 58 39 33 48
31 28 33 13 41 51
1 45 38 31 59 14
3 47 24 20 11 30
20 59 46 28 10 12
51 16 12 56 44 15
14 8 2 44 48 5
2 21 27 10 55 16
8 42 5 43 3 50
19 45 18 34 32 56
39 54 57 59 13 3
26 31 40 16 41 55
60 57 47 5 51 35
28 52 35 50 60 57
19 59 31 30 10 17
17 6 37 53 11 47
47 42 5 26 21 10
2 31 15 1 20 58
35 60 56 24 42 25
10 44 53 8 21 22
42 9 52 55 21 1
4 41 27 44 13 11
41 55 30 8 19 15
23 59 38 16 12 20
50 15 58 53 3 60
41 36 50 32 7 33
43 52 10 9 14 24
10 60 7 34 15 57
48 23 54 30 6 32
16 31 41 39 52 57
37 7 15 4 55 30
33 50 27 57 20 36
36 33 46 57 4 55
10 33 25 37 36 4
27 43 51 30 8 12
11 13 9 26 33 18
44 21 20 10 58 39
11 23 18 37 5 15
13 1 50 17 54 31
13 50 39 36 37 19
27 54 58 12 23 28
58 23 18 42 10 6
34 31 21 54 60 18
14 15 52 5 6 25
42 48 38 47 8 32
30 6 21 15 16 32
43 33 19 34 30 3
48 28 12 56 45 59
47 16 30 35 57 4
6 27 25 15 55 58
41 38 48 26 10 23
34 2 28 40 50 14
49 34 21 52 29 4
47 50 49 40 19 21
47 22 50 27 34 8
56 22 59 3 13 51
46 60 45 43 15 55
13 51 16 42 22 12
41 6 35 43 12 42
54 31 40 25 52 16
58 29 2 37 40 32
10 12 2 48 33 49
59 25 45 17 28 54
54 26 23 35 34 27
29 13 54 41 37 32
19 43 42 49 34 40
57 12 30 27 2 43
58 15 7 43 35 37
50 39 45 58 18 20
13 55 57 19 50 10
33 12 28 24 16 52
16 13 38 57 19 12
47 1 39 44 5 43
50 51 1 3 35 44
49 54 57 51 44 27
10 55 15 32 6 50
19 27 17 57 42 47
10 37 44 47 20 53
14 60 3 46 16 45
35 57 31 43 25 9
53 8 19 47 44 55
60 14 15 31 43 12
47 50 27 37 30 55
12 47 30 55 36 16
50 34 44 8 38 24
19 52 23 47 1 44
4 5 19 22 48 23
52 59 7 31 50 30
39 28 43 60 59 14
6 60 20 5 48 10
20 39 16 14 32 47
6 58 29 42 8 34
57 33 15 51 4 12
48 4 26 13 55 38
45 49 35 28 40 42
10 15 44 3 52 25
20 41 56 26 14 2
5 39 35 12 3 54
46 23 43 19 51 9
8 20 9 6 34 14
50 47 58 7 15 5
40 45 46 28 18 10
45 54 15 28 36 42
38 58 52 26 46 49
50 29 57 53 59 3
59 37 48 20 21 35
43 14 27 52 2 37
5 30 9 51 52 22
37 14 38 33 7 57
43 38 18 50 60 19
6 27 49 35 14 30
16 47 5 25 13 9
17 56 21 30 46 53
26 59 47 55 8 43
12 45 27 53 46 56
30 33 53 3 25 41
29 27 55 44 4 21
8 9 39 53 24 5
58 2 53 14 48 41
48 3 25 32 44 34
11 2 30 34 6 25
15 13 54 7 36 50
3 32 42 54 17 34
20 19 54 49 32 34
31 21 52 33 19 20
48 24 27 34 33 8
58 57 53 1 25 39
53 51 28 56 6 34
57 32 22 40 30 41
60 54 7 57 42 35
28 21 35 59 57 53
34 14 52 45 12 30
16 55 10 26 45 46
4 21 43 35 55 56
52 19 43 54 36 40
2 52 32 6 39 7
58 32 57 43 48 28
22 32 3 4 11 39
50 32 6 24 29 48
55 46 13 59 12 10
14 13 48 45 58 9
14 19 11 21 13 42
22 53 52 16 11 41
5 44 36 27 13 18
19 17 43 54 51 55
50 49 28 5 3 29
14 57 8 11 54 10
11 5 26 55 25 27
18 58 20 46 47 43
7 36 47 37 28 23
20 58 14 21 33 53
58 33 27 5 51 49
8 6 46 33 24 40
26 3 37 35 17 49
50 54 38 46 39 30
42 3 25 13 24 32
59 50 18 41 11 29
5 7 24 35 20 33
24 52 39 49 1 54
31 9 33 47 1 12
33 29 37 23 16 10
4 38 47 21 45 41
31 23 27 38 34 49
6 22 28 43 47 17
8 20 35 9 17 1
9 58 51 30 45 32
52 8 27 11 45 33
10 58 41 18 52 2
21 8 55 51 44 56
9 1 39 47 20 22
38 44 34 52 57 8
12 37 14 35 26 51
5 10 20 26 24 43
25 22 49 7 15 54
29 55 36 43 23 24
49 16 33 7 44 9
7 50 35 15 10 60
55 56 51 38 33 40
57 52 32 55 39 49
35 11 40 22 58 13
46 48 18 26 57 17
18 21 13 60 49 3
42 18 30 54 4 59
32 15 40 51 21 34
24 44 38 4 5 34
10 50 47 33 2 7
45 17 27 38 32 36
51 29 59 6 16 14
25 7 13 38 29 57
46 1 14 52 13 19
22 18 40 44 16 12
25 28 1 60 18 24
10 52 45 16 33 58
33 37 40 19 6 25
33 28 29 1 55 50
29 19 20 32 4 57
19 17 40 60 11 15
11 32 53 38 36 52
56 16 21 10 34 11
26 5 39 51 37 33
18 24 30 5 10 42
6 2 49 31 16 36
37 48 56 22 27 14
57 20 53 6 15 56
34 39 35 46 49 58
33 34 56 7 9 13
42 54 57 3 25 29
16 1 26 53 56 54
46 9 53 22 15 25
12 18 41 28 30 17
27 1 40 7 3 14
10 17 1 47 51 26
23 41 27 28 40 31
55 18 11 25 1 44
20 39 47 18 60 19
16 5 34 60 22 44
26 5 45 42 49 58
11 33 43 24 35 23
24 40 7 36 33 48
26 39 54 47 9 27
29 35 14 7 38 56
49 35 42 25 58 7
8 24 5 29 6 55
41 10 30 52 23 47
42 6 12 50 55 54
60 48 10 19 47 16
31 34 28 23 25 16
56 34 43 17 57 38
47 38 36 52 24 22
30 18 14 7 19 40
40 45 12 11 47 43
44 25 18 19 55 27
17 39 21 57 12 18
39 4 26 43 30 21
36 4 55 12 52 48
20 23 5 4 33 45
21 14 27 56 5 39
43 39 7 44 45 1
22 53 55 42 60 27
14 3 52 24 47 10
42 51 45 40 52 57
3 24 50 33 26 29
29 39 28 16 25 2
4 10 46 42 35 59
3 9 24 32 25 5
9 60 51 10 37 28
38 39 12 40 11 30
16 39 60 20 28 18
58 35 12 30 46 57
1 56 34 40 43 20
56 46 25 4 29 27
37 6 16 51 57 49
23 55 15 29 19 7
34 16 26 46 50 39
54 5 17 23 43 27
25 46 17 56 26 9
47 11 27 48 10 29
51 20 12 44 33 17
10 2 24 27 51 41
38 11 43 46 8 53
54 4 41 36 48 51
47 39 54 50 29 40
56 28 10 18 55 32
29 59 54 7 49 46
2 55 52 51 29 5
42 16 2 9 50 56
4 60 47 54 35 50
47 48 24 32 49 4
2 28 17 26 49 19
21 37 7 2 53 8
26 38 2 41 15 8
59 27 14 37 17 5
49 27 44 35 21 17
23 11 33 21 7 26
32 55 19 60 26 47
45 47 41 59 46 8
25 18 42 48 41 3
56 14 10 4 15 20
28 3 9 52 46 6
15 8 53 27 57 37
13 9 10 15 56 43
21 24 40 46 48 58