313
34 12 30 25 43 41
36 33 13 10 5 49
48 47 18 16 7 15
17 6 51 47 24 21
44 21 7 5 10 15
3 46 18 1 45 51
41 43 1 31 9 8
25 6 14 1 37 22
44 2 51 6 36 39
34 23 49 8 22 21
47 4 59 54 55 41
33 19 31 26 42 1
10 16 9 7 8 29
36 10 55 13 7 51
52 26 43 44 12 24
52 46 31 2 43 22
9 6 51 5 35 34
20 3 21 10 39 27
49 38 33 30 47 15
3 47 58 7 38 59
9 26 16 37 30 11
52 16 4 40 15 7
19 49 21 54 34 43
50 43 49 29 32 10
11 58 47 39 29 24
1 52 6 10 33 2
31 13 17 12 20 29
16 8 14 49 18 36
17 47 10 11 58 27
56 19 17 37 31 50
52 15 47 5 51 16
5 2 34 48 20 40
19 5 12 56 1 2
52 50 48 36 5 41
11 58 56 9 34 47
50 12 49 31 8 18
38 1 37 32 49 60
17 59 41 51 37 4
49 41 17 29 24 6
18 13 9 17 3 5
58 44 54 32 28 56
2 28 1 7 44 46
11 54 50 10 4 34
29 56 27 36 41 18
24 47 49 53 44 11
33 38 1 50 27 36
59 56 50 32 42 52
40 46 49 22 41 26
23 11 24 5 60 57
14 6 10 54 49 42
34 8 15 31 45 4
5 60 52 33 42 7
45 3 32 58 28 44
42 44 27 4 52 1
23 55 58 50 17 27
54 44 4 39 51 12
10 27 29 56 42 40
19 36 35 4 8 30
30 36 31 57 37 59
21 15 17 43 5 13
6 46 3 38 1 14
1 59 29 6 56 42
16 23 3 43 48 18
60 2 58 1 6 17
17 58 23 39 15 26
8 56 26 7 54 24
56 25 24 2 3 17
49 17 36 10 6 13
58 48 8 31 25 9
43 51 49 19 32 37
10 50 1 28 38 43
33 49 36 60 38 56
2 30 26 43 1 22
22 35 19 54 43 14
60 52 54 14 5 43
48 55 40 11 43 22
11 48 57 7 47 16
42 60 51 56 39 47
60 1 11 54 45 28
53 20 11 47 5 52
22 28 45 54 18 60
11 32 55 31 59 35
43 14 42 38 32 39
21 26 49 4 42 8
19 40 39 5 2 27
52 27 50 3 56 54
2 58 36 60 50 12
15 6 39 56 35 41
38 42 18 30 5 58
16 56 21 34 59 1
39 55 38 33 3 8
56 50 18 16 58 28
36 16 46 14 45 39
41 7 47 1 24 20
59 28 42 2 55 20
48 16 6 3 50 23
44 41 52 56 22 57
55 53 19 52 6 48
48 52 16 56 22 2
57 24 49 28 15 37
1 23 43 8 20 25
1 51 3 55 30 13
11 47 4 20 46 39
29 35 7 12 40 18
30 34 60 13 44 46
53 38 6 27 23 20
1 8 24 54 9 43
40 38 36 9 1 19
27 44 41 3 14 9
22 29 41 46 32 56
28 20 1 6 38 48
20 30 46 25 38 26
17 32 46 11 59 38
16 15 31 35 49 56
30 37 1 9 16 17
46 57 40 32 44 52
53 57 39 28 15 4
33 51 47 20 27 2
52 39 8 49 19 23
47 32 3 24 36 22
14 41 44 28 6 33
57 25 51 46 28 41
23 57 28 10 32 13
57 15 19 27 46 31
50 2 3 54 4 18
29 54 8 18 52 6
40 44 60 30 43 21
53 7 28 31 8 26
52 7 34 57 1 16
38 46 13 36 33 49
38 3 54 27 9 44
16 11 58 22 47 21
29 12 1 33 13 4
22 41 1 50 37 48
22 27 26 43 52 50
39 25 22 34 48 51
58 30 5 34 46 55
56 59 26 35 10 29
16 32 33 35 1 2
37 54 28 16 46 20
31 52 46 55 57 28
34 13 39 37 31 32
47 55 36 9 57 30
48 35 17 20 34 18
1 59 18 28 42 37
9 56 34 38 35 45
4 40 41 58 31 60
21 56 5 10 11 16
11 36 55 6 13 26
18 36 3 11 12 45
40 49 51 36 26 28
19 45 53 7 43 6
51 18 54 35 10 41
26 54 14 37 23 45
1 18 34 13 27 26
4 11 54 12 5 15
52 23 6 41 27 30
45 46 33 58 14 11
60 31 45 41 35 42
32 3 55 34 43 54
52 34 53 37 22 60
45 16 11 48 15 30
31 45 24 27 48 20
59 14 4 30 6 35
46 59 6 7 36 38
11 59 50 4 3 8
7 18 9 37 54 12
7 39 11 40 56 55
7 48 52 54 41 17
50 25 43 48 45 27
2 20 3 22 14 50
40 34 2 42 54 3
21 36 6 14 22 47
58 36 22 28 24 12
32 36 54 57 21 4
10 53 14 45 4 11
49 32 34 5 11 47
54 59 15 32 53 48
44 38 19 23 58 45
10 15 40 39 37 31
14 28 38 51 31 35
39 30 5 20 3 26
19 45 28 17 57 52
50 42 54 6 34 5
44 11 41 34 52 56
10 20 60 41 15 53
2 12 11 18 23 22
27 29 16 17 36 31
28 2 37 30 33 34
13 52 35 28 57 43
47 34 36 17 8 31
17 55 46 47 60 20
12 17 19 29 15 6
27 16 8 42 12 29
51 16 39 21 8 7
57 37 59 3 1 20
16 7 55 54 50 20
19 32 3 6 24 50
36 20 31 40 16 48
16 24 52 32 38 42
37 22 16 30 59 25
37 8 45 21 11 40
42 19 50 13 26 11
17 16 57 9 47 12
50 30 52 27 7 36
33 20 53 56 10 60
24 50 10 18 1 47
46 58 38 6 9 12
22 57 28 1 59 45
26 60 14 37 19 40
59 49 8 3 7 28
24 43 3 27 10 13
30 13 42 2 17 38
11 37 32 8 15 44
9 55 36 12 41 26
34 49 19 8 9 7
26 14 9 30 10 17
6 47 4 48 55 54
2 18 19 48 42 58
37 31 50 56 16 30
32 33 58 47 44 22
28 25 49 37 48 9
48 23 4 33 38 52
4 46 22 1 52 40
18 45 19 7 27 43
25 47 51 17 13 11
21 4 6 9 57 16
20 15 31 29 9 16
26 60 1 15 40 7
43 11 58 47 41 44
50 51 9 27 12 20
55 40 49 52 2 10
44 37 14 55 43 35
34 25 45 46 22 41
21 33 18 51 12 55
11 1 9 50 29 31
56 28 4 9 20 38
20 53 50 47 24 19
3 47 5 37 2 10
47 20 28 19 48 55
20 54 16 23 15 17
25 40 48 8 33 19
1 36 6 45 60 3
28 31 29 51 19 1
3 35 1 24 58 22
27 24 36 1 2 31
1 26 57 37 46 14
44 13 30 60 33 5
33 32 17 46 56 45
41 49 54 35 48 55
8 39 50 32 46 2
52 11 47 35 29 20
44 49 9 37 4 32
51 56 43 29 6 42
24 30 10 35 19 38
52 53 12 5 34 29
52 30 39 18 31 42
38 28 7 34 13 60
42 31 40 59 19 27
40 3 36 14 56 33
29 17 10 51 43 4
15 11 23 57 48 12
40 49 55 13 10 47
20 57 27 55 26 56
15 2 59 55 16 11
20 54 9 15 18 57
26 28 50 35 1 58
43 34 60 24 54 56
31 40 36 3 48 28
3 60 39 16 41 56
60 36 15 44 25 53
54 57 37 40 24 46
14 60 56 9 51 50
9 11 4 29 37 8
1 38 37 59 27 25
1 36 12 13 60 43
20 34 37 53 57 16
6 41 7 58 25 1
48 37 8 40 14 26
7 5 54 53 47 9
53 47 38 29 54 27
21 34 2 48 51 12
17 46 60 57 18 11
29 1 11 19 47 7
50 56 29 22 14 60
53 29 60 33 2 35
38 32 43 41 6 21
22 58 17 31 8 26
58 20 10 56 14 12
60 24 47 18 28 57
25 32 22 48 53 24
31 41 28 23 11 55
60 21 9 24 2 35
6 1 29 2 32 52
28 39 60 32 58 54
46 45 36 4 16 47
3 50 38 53 47 54
53 18 54 44 8 47
59 23 1 37 32 55
41 37 24 46 43 39
23 48 49 38 5 20
9 42 28 48 58 52
32 36 30 54 37 46
11 29 50 53 28 56
41 6 22 5 58 26
23 8 22 13 45 26
44 12 19 7 23 40
48 59 44 25 9 42
2 52 25 41 19 12
58 40 8 4 42 50
5 23 43 13 38 1
8 49 40 13 37 5
25 31 2 39 47 57
15 33 32 29 58 11