227
27 51 15 60 53 22
17 22 35 41 53 36
60 7 51 55 20 9
57 26 28 49 31 18
21 27 5 53 59 54
60 5 25 12 32 29
10 44 20 46 52 26
6 17 54 5 44 10
4 8 59 12 50 7
40 28 17 36 45 3
23 10 32 53 29 7
7 37 49 22 26 15
49 10 50 43 25 8
23 2 26 12 37 11
23 9 42 48 3 7
5 27 3 26 53 58
55 58 42 33 53 13
11 15 7 1 48 8
60 41 20 10 35 32
10 56 60 55 21 58
38 29 37 57 43 14
48 1 59 33 28 16
23 50 9 41 26 17
21 37 59 33 26 58
12 57 29 25 6 53
12 32 22 49 17 20
46 60 14 1 40 15
13 41 16 32 57 19
8 13 31 12 20 56
33 49 30 11 36 12
24 28 40 48 10 54
15 39 12 34 14 45
14 51 23 59 2 40
31 9 19 51 21 53
17 4 30 5 40 7
50 32 39 13 53 57
50 60 42 15 45 6
7 15 56 24 35 26
44 40 33 50 17 29
33 31 37 58 2 18
9 56 37 35 34 23
18 35 39 22 38 44
23 38 26 34 40 4
12 1 10 8 34 20
30 60 3 58 19 11
40 3 48 1 9 5
59 5 40 29 23 36
52 54 51 56 60 55
15 34 40 48 39 30
38 34 35 22 4 16
46 22 19 41 16 12
23 52 43 36 8 10
31 52 6 3 40 12
22 19 7 25 30 3
12 52 37 48 14 34
9 38 42 2 3 15
43 22 57 46 58 10
50 5 8 22 31 20
55 24 48 33 35 29
47 33 54 59 7 13
25 42 37 16 24 4
41 35 19 17 25 55
19 15 58 7 14 17
60 30 42 58 6 27
28 51 46 41 15 42
55 10 42 24 44 47
3 42 33 24 18 60
43 2 57 37 32 23
10 59 51 54 8 42
32 18 45 14 4 8
19 14 29 46 8 27
3 27 1 53 12 28
17 5 32 59 51 45
1 36 16 57 35 44
16 56 55 52 50 18
22 13 2 58 15 34
39 55 10 48 46 43
32 23 17 53 40 24
44 54 36 22 43 5
22 14 46 19 56 38
59 43 41 40 47 17
12 39 58 25 60 2
48 6 57 36 44 35
44 43 53 47 7 15
7 54 38 36 11 39
46 7 45 26 10 55
41 45 58 26 60 59
38 26 23 25 36 29
24 13 25 20 4 5
55 37 51 32 46 50
13 30 41 22 51 50
21 15 47 4 39 57
42 52 41 25 39 45
20 18 22 39 13 49
47 50 37 42 23 17
40 24 17 59 23 21
13 33 59 16 44 30
17 34 5 45 21 33
58 60 7 20 43 40
36 23 51 40 32 37
5 1 13 23 27 14
7 36 50 19 42 2
31 3 39 12 25 30
46 18 7 40 10 38
24 11 38 58 30 47
43 52 23 24 37 5
51 23 60 12 17 16
5 39 13 7 9 36
12 43 33 36 24 23
34 23 16 24 31 20
47 29 50 9 55 6
17 15 53 11 42 44
26 38 8 6 27 52
51 57 11 28 17 15
60 2 49 34 59 9
33 12 19 48 9 3
10 55 28 20 36 17
12 30 2 42 27 28
60 24 21 17 46 43
39 19 57 9 24 10
41 40 19 43 31 21
10 56 4 5 44 6
59 28 9 45 42 13
12 41 21 15 10 34
29 36 9 31 42 15
41 30 16 34 12 14
8 23 27 13 52 11
53 29 4 17 21 36
49 54 48 19 15 25
45 59 57 35 26 15
38 50 15 7 56 24
9 39 13 31 45 34
36 35 11 46 31 13
53 59 13 40 20 21
12 26 47 16 50 6
1 38 43 3 15 60
14 21 50 27 15 13
51 58 7 8 1 14
18 43 37 3 21 25
19 17 47 5 45 33
43 54 15 32 21 22
34 16 51 54 53 29
6 11 31 36 56 51
60 13 18 41 17 55
20 31 30 35 46 11
52 5 47 20 4 55
5 37 38 27 25 6
51 27 60 13 21 2
40 41 52 53 43 30
57 39 7 51 25 41
39 4 12 54 5 20
56 44 16 18 43 6
36 60 17 49 6 48
31 19 32 26 53 23
32 26 49 11 5 34
58 27 55 44 11 18
28 5 31 10 35 34
52 27 17 20 46 4
14 24 58 13 44 35
26 1 34 43 33 37
21 55 11 14 4 16
4 29 58 26 13 46
28 51 26 4 54 1
26 4 36 29 6 44
46 7 24 15 8 53
52 38 24 36 41 40
26 43 11 39 3 53
48 15 51 26 24 17
51 2 13 42 47 48
37 51 39 32 38 23
23 55 11 56 43 50
37 6 23 44 43 12
41 28 21 11 29 39
56 25 5 24 36 30
35 55 19 11 47 27
3 25 48 31 50 9
29 49 12 48 53 13
28 46 34 7 5 20
51 54 40 43 36 20
36 4 5 31 27 16
49 20 4 51 2 14
31 33 1 30 9 36
12 39 42 25 14 4
45 38 18 2 29 60
7 1 37 50 38 49
10 16 30 37 41 57
13 41 4 55 38 44
44 58 13 47 31 27
10 25 53 57 1 18
9 36 30 7 1 12
53 1 44 41 9 24
36 43 1 45 2 47
44 30 26 10 32 59
5 32 22 53 38 12
46 53 17 30 37 28
32 9 44 26 39 40
26 8 14 11 9 7
22 52 37 20 45 47
54 18 40 4 25 36
32 49 21 58 51 4
12 22 48 17 16 37
17 6 15 22 11 33
37 53 24 7 19 9
32 52 53 33 24 58
47 19 17 1 28 26
44 15 34 39 60 54
8 43 59 12 29 21
51 45 6 15 30 17
25 57 48 34 55 4
42 29 46 25 45 54
50 59 27 14 29 26
22 60 53 36 43 4
1 53 17 47 30 36
48 57 21 4 42 58
46 1 26 29 14 20
31 27 55 46 36 7
17 46 32 2 40 52
11 57 10 54 6 8
11 39 44 2 59 4
15 38 49 9 12 7
55 46 17 32 57 26
32 59 60 43 8 40
45 48 2 6 25 36
37 15 14 13 28 47
49 6 60 45 44 1
15 53 3 33 6 41
54 17 37 57 24 59
49 55 44 30 21 2