334
55 39 33 56 3 25
1 35 6 22 54 49
8 57 46 27 45 34
28 4 48 47 9 33
28 32 19 5 48 4
21 48 53 25 22 9
39 55 30 46 6 37
9 58 36 43 51 54
60 10 40 4 30 43
22 18 53 14 16 34
14 16 60 7 12 1
27 44 11 40 3 14
44 17 5 3 2 59
41 48 18 11 49 43
27 2 7 22 19 12
43 37 49 24 44 13
31 19 24 42 10 23
58 15 5 16 24 1
7 11 31 17 25 38
9 51 10 6 17 2
9 2 57 17 24 33
42 34 36 25 16 22
5 54 60 36 55 21
9 34 30 39 44 52
1 7 54 3 5 39
35 18 32 19 8 41
4 55 9 7 3 33
55 32 45 30 22 28
58 25 3 9 21 13
33 43 13 34 9 58
28 56 58 31 47 34
53 4 59 52 50 3
40 23 13 18 27 44
58 60 32 48 10 28
14 6 34 45 56 39
36 32 12 17 57 30
26 59 42 12 30 10
35 38 49 43 46 29
44 15 1 56 22 36
26 4 5 13 18 51
22 36 46 1 17 32
25 48 54 46 23 53
29 51 27 41 22 10
44 16 19 5 8 21
21 32 20 28 27 22
4 34 12 3 54 1
15 11 36 43 19 24
51 46 43 27 49 5
31 17 32 40 55 19
32 17 27 42 55 29
35 56 26 7 27 31
17 29 37 23 15 14
55 45 10 31 59 26
14 8 36 15 21 34
18 55 40 20 37 8
39 33 51 32 17 19
18 48 27 24 51 22
2 16 57 26 36 37
25 14 23 12 42 38
47 6 25 35 19 29
16 43 28 33 51 5
9 26 39 38 49 8
44 14 52 27 54 1
51 2 56 39 46 19
7 59 13 29 15 53
48 23 5 3 7 38
41 35 12 5 28 36
27 53 4 38 2 19
21 45 59 17 27 43
50 41 17 57 33 44
20 9 32 18 31 33
50 44 30 11 27 22
45 47 55 6 13 16
56 20 18 26 37 13
3 42 29 60 33 22
11 58 4 26 13 42
60 34 41 28 11 40
26 45 3 34 7 43
51 48 24 59 10 6
30 4 3 48 42 55
5 21 54 37 46 43
18 9 29 2 47 46
39 45 42 12 55 56
31 50 58 57 51 15
4 35 40 10 41 12
39 27 1 51 28 18
7 41 3 20 48 15
12 14 59 1 8 42
56 8 29 17 37 44
21 51 29 32 13 46
1 21 30 27 6 37
30 14 13 12 7 3
35 23 37 43 15 8
39 24 46 15 52 41
35 46 39 26 8 10
52 15 2 43 13 28
20 55 50 2 10 22
30 14 46 17 20 57
39 22 18 52 14 51
20 58 24 1 43 36
3 40 10 13 27 43
29 46 12 44 13 45
21 5 42 15 58 47
44 54 34 19 10 58
27 39 36 23 15 56
43 56 51 9 7 45
5 26 52 54 57 6
49 8 38 5 19 33
9 29 8 54 27 17
18 5 43 60 51 28
38 22 47 26 57 3
56 52 54 21 5 60
4 60 6 47 54 16
40 25 28 43 14 51
39 34 29 2 53 35
24 29 3 50 39 54
34 41 24 9 33 57
44 14 20 39 9 15
14 22 47 2 7 34
47 1 28 27 53 31
48 49 54 12 22 59
5 46 34 9 38 50
40 33 43 55 19 25
56 9 19 40 39 22
21 2 5 54 4 16
20 9 41 44 19 37
54 60 14 26 17 10
30 28 49 54 34 38
50 54 13 45 57 11
1 53 47 4 3 55
4 32 44 17 43 7
4 3 38 52 50 30
53 32 11 14 4 51
1 6 24 34 25 23
40 53 45 44 33 32
44 21 15 5 59 58
21 25 52 40 10 43
55 51 24 32 23 4
38 41 6 42 10 25
14 59 43 51 49 12
15 28 39 58 36 38
18 31 47 28 1 39
16 2 10 4 3 27
16 15 36 50 26 41
9 34 46 48 28 49
48 58 49 22 55 52
14 26 24 59 57 7
15 35 8 20 7 32
57 32 46 50 12 52
51 40 9 15 33 19
50 54 14 51 43 52
33 37 35 9 8 20
42 43 15 52 33 47
34 26 8 43 5 28
36 56 5 7 49 48
8 25 26 37 47 33
8 3 33 9 21 32
51 29 5 58 19 2
17 53 51 38 18 7
40 20 38 45 34 37
58 60 11 38 1 53
37 40 60 52 21 14
41 47 23 8 33 44
39 43 26 17 7 3
50 48 15 1 45 54
1 56 43 6 17 60
32 7 31 46 6 27
31 15 42 50 60 18
2 6 45 48 38 19
40 13 9 22 53 2
60 40 18 41 46 25
5 1 26 57 48 32
3 11 33 21 59 20
43 34 58 28 52 1
35 60 11 51 42 48
59 32 29 52 24 21
60 50 48 4 35 43
16 37 13 55 56 45
1 56 28 34 25 41
25 60 2 1 29 34
2 49 47 3 48 35
17 43 28 12 47 24
13 41 47 60 33 58
42 31 38 13 11 20
1 5 20 19 22 55
15 50 52 47 17 21
2 59 28 47 7 31
42 46 21 48 54 26
20 38 6 37 5 59
42 24 12 53 18 25
39 28 50 47 56 48
28 7 53 17 50 20
55 13 37 49 29 3
17 40 58 52 11 30
46 30 45 54 56 18
52 25 35 3 59 32
24 22 28 57 41 37
51 40 55 30 14 48
19 50 28 2 5 20
53 51 59 3 7 22
7 38 4 44 41 6
34 26 56 9 6 31
44 37 56 40 27 50
15 48 13 1 39 34
12 51 34 31 60 11
60 3 20 21 26 29
29 33 22 58 8 39
24 18 54 7 39 48
60 32 12 2 19 35
12 47 5 15 50 56
36 16 23 53 60 31
26 37 33 43 23 41
1 11 14 34 46 33
57 40 53 59 14 3
20 9 45 3 51 56
37 32 44 13 39 4
50 59 47 57 54 48
33 30 55 18 59 52
5 1 20 24 6 39
44 1 37 48 26 13
10 11 1 7 31 46
29 37 55 6 15 20
24 59 52 4 10 27
35 45 34 31 53 56
11 8 32 47 33 49
42 52 3 49 12 6
3 6 33 57 9 56
20 17 6 56 26 11
35 26 57 52 20 42
40 11 16 15 32 38
1 58 19 6 23 21
34 45 46 16 8 41
35 8 5 53 34 7
44 33 27 10 50 19
57 4 56 14 26 33
12 47 38 33 13 27
31 32 22 24 30 40
34 33 35 11 40 2
34 30 59 31 53 44
25 15 42 17 48 21
18 29 1 39 52 25
6 49 16 36 39 5
46 44 3 29 6 7
5 8 35 58 22 42
58 21 47 2 19 31
13 31 28 23 16 7
23 33 38 35 8 54
35 38 34 45 24 14
52 18 10 53 57 41
11 36 34 57 43 45
27 47 60 57 41 53
43 18 12 50 9 58
18 55 33 16 6 23
37 51 21 5 11 40
58 25 23 39 15 45
13 11 24 27 18 8
55 19 8 14 44 24
48 5 4 52 47 30
15 52 44 35 24 39
15 40 45 14 52 13
44 40 47 20 31 5
55 16 24 35 44 3
8 55 7 57 40 17
21 50 10 37 25 43
32 10 2 5 12 30
39 27 1 10 35 32
37 35 3 4 20 25
27 23 51 50 5 59
56 49 22 40 12 7
48 13 49 43 40 39
23 54 55 26 5 21
59 41 24 33 52 5
34 35 43 46 22 48
24 23 9 28 13 37
16 28 1 49 36 22
11 36 1 50 19 9
52 49 2 1 58 54
14 51 31 56 16 55
21 53 50 47 19 24
15 45 19 54 28 34
24 19 43 50 40 27
14 28 2 39 38 43
33 31 58 32 45 56
42 25 58 33 2 46
24 41 42 26 3 43
14 5 31 27 41 3
3 28 19 20 59 26
37 34 10 31 40 22
50 37 33 47 45 28
38 53 24 55 3 45
30 37 49 17 13 57
32 41 46 60 18 42
27 37 11 57 21 18
30 53 4 29 48 38
30 27 58 7 44 21
7 14 1 24 39 9
11 10 49 22 12 40
6 50 3 23 48 5
32 56 33 19 20 3
9 42 55 3 58 25
46 40 60 34 32 47
51 1 32 36 26 38
4 33 19 12 53 7
29 24 48 50 45 59
15 3 17 53 55 36
38 9 8 42 24 60
10 6 20 54 52 4
51 24 23 36 60 58
31 51 42 60 47 36
19 54 53 45 6 11
6 29 5 41 59 53
58 11 1 25 43 8
42 34 6 54 8 25
18 30 4 3 29 27
46 48 43 7 53 51
27 8 36 37 12 20
23 22 44 14 40 30
32 19 16 12 26 42
51 12 32 31 17 34
3 44 20 33 30 38
50 19 42 33 56 58
13 30 34 36 11 46
30 31 36 33 1 54
52 15 22 7 24 27
24 5 56 32 48 2
49 39 57 43 23 12
51 42 19 16 40 57
35 31 40 48 56 9
15 16 42 19 46 26
50 41 26 12 48 56
3 42 4 13 35 36
21 41 3 45 16 25
26 42 17 31 51 35
47 56 58 24 18 2
9 3 46 49 18 53