38
37 7 21 4 39 12
6 33 35 8 16 10
43 19 39 20 58 18
49 22 47 60 58 5
28 34 40 14 51 47
16 48 33 58 24 25
54 31 33 37 8 9
12 25 40 8 46 11
26 2 29 17 47 23
36 56 47 5 4 23
31 58 5 14 20 33
30 40 33 23 25 22
34 35 19 30 25 53
60 56 6 44 58 2
15 7 30 28 45 3
25 37 36 53 29 14
38 52 50 56 37 60
28 27 49 48 19 20
30 31 24 60 53 10
21 30 43 23 1 35
47 22 1 4 35 5
37 36 18 8 50 40
24 6 42 3 51 52
32 52 31 51 59 21
39 34 14 55 10 40
45 20 60 56 33 19
52 29 59 13 25 53
60 35 27 41 31 37
33 6 59 15 51 7
25 1 27 29 11 37
45 15 16 7 21 30
26 16 1 36 2 31
9 10 42 19 58 53
31 22 9 12 53 52
12 34 7 9 39 60
34 54 51 1 39 30
15 32 60 31 19 44
37 51 15 39 1 40
55 14 48 24 34 22