435
22 31 6 46 11 25
3 35 21 32 27 23
54 39 51 47 12 58
15 5 1 57 46 16
19 3 60 31 27 16
52 41 37 57 10 15
2 43 28 54 47 60
32 37 52 1 24 13
47 40 24 32 20 27
57 23 4 50 40 17
53 41 44 59 24 37
52 18 6 1 46 45
40 28 57 23 54 46
20 52 13 23 58 60
33 37 16 1 44 40
7 46 21 28 60 5
29 22 8 31 59 30
11 18 17 39 43 34
56 38 60 43 6 13
23 32 11 43 49 31
26 42 52 47 28 16
56 21 29 58 11 27
5 22 43 55 24 46
14 12 32 35 15 30
46 3 55 19 6 14
60 4 7 47 42 51
22 41 11 60 25 57
60 4 40 24 49 14
17 51 37 42 27 49
21 7 39 44 27 28
56 24 38 50 43 47
59 36 16 42 13 49
12 9 50 31 6 13
5 39 21 2 26 15
8 55 4 38 57 53
22 30 7 14 31 52
40 30 23 49 54 58
21 59 38 19 54 1
45 16 41 60 9 8
47 53 7 37 36 46
56 15 2 19 5 31
11 1 29 35 45 42
59 24 8 22 19 25
13 8 58 48 28 1
15 13 58 26 46 1
25 18 42 1 17 48
47 28 13 11 53 60
32 20 59 21 57 27
3 6 21 55 44 45
5 58 27 38 14 51
53 19 49 17 7 13
12 25 41 52 1 4
42 2 20 22 35 16
59 43 27 19 38 15
29 23 11 20 45 9
39 57 51 11 55 14
52 5 35 33 58 6
6 2 53 19 35 56
31 1 39 13 7 6
56 27 40 22 13 35
18 44 43 46 42 30
17 27 5 3 58 9
41 54 47 58 28 36
5 32 47 23 10 36
11 59 21 27 47 54
14 23 12 22 6 5
28 44 29 17 15 49
30 11 21 2 13 38
10 42 49 4 54 15
14 21 52 39 46 47
55 26 37 33 11 44
40 12 31 52 47 32
50 59 2 9 57 44
50 18 28 57 58 37
24 17 6 47 58 42
21 58 37 53 34 51
47 52 13 57 19 38
35 49 46 19 25 14
45 3 11 5 34 10
47 25 27 23 44 54
47 17 50 54 57 51
2 26 32 20 15 5
9 18 36 47 45 44
32 55 2 27 14 43
14 46 40 53 55 57
39 25 2 23 38 59
41 36 31 30 54 12
5 48 49 18 33 27
35 18 10 37 11 34
25 32 16 52 54 57
40 43 37 1 41 11
59 36 48 35 4 10
33 50 56 59 8 48
12 31 17 6 20 25
40 47 7 57 48 18
17 24 53 57 2 55
3 20 11 19 26 43
28 29 5 23 36 22
35 2 52 17 55 32
29 11 26 55 38 49
5 55 43 28 1 13
32 42 45 18 52 46
8 35 9 46 45 11
12 41 47 39 9 54
18 51 11 40 22 21
52 39 4 46 23 33
24 6 20 1 3 27
30 1 50 38 60 54
52 31 33 9 16 39
48 59 25 37 49 50
6 28 38 41 47 33
11 25 47 4 60 27
28 9 55 7 4 22
52 34 28 56 25 18
4 19 26 5 8 33
26 55 45 57 17 15
12 43 13 49 58 45
38 18 45 15 25 6
27 49 28 12 60 58
53 18 33 22 14 7
3 54 6 12 36 11
28 57 22 44 58 43
32 17 35 53 50 43
35 56 7 5 29 52
41 40 14 16 23 15
51 6 13 40 45 35
42 31 52 9 55 1
39 51 58 55 23 56
52 43 51 4 36 53
26 18 59 34 30 52
30 4 42 21 16 11
22 44 20 13 30 32
58 34 14 28 50 33
5 52 27 20 4 13
52 13 18 37 59 1
1 8 3 16 53 28
14 49 17 21 13 1
35 53 38 4 8 25
59 20 1 37 43 33
21 8 18 17 51 38
59 11 3 42 5 60
34 57 19 25 45 22
30 53 1 56 12 24
55 21 33 51 19 17
22 11 38 7 51 57
54 25 47 11 22 38
26 7 43 12 21 55
30 41 17 52 57 26
7 47 11 46 42 21
6 37 5 40 2 19
33 36 48 28 46 43
16 47 26 32 17 14
28 8 5 2 22 30
43 48 31 23 56 32
47 34 1 48 53 45
22 5 44 59 11 54
2 56 46 42 44 16
43 2 1 20 21 23
44 59 14 10 6 18
19 55 37 50 8 14
35 31 12 28 3 34
48 11 33 47 44 14
16 53 31 39 57 32
1 60 22 31 20 28
51 55 1 31 13 19
55 13 59 31 57 56
19 48 40 29 16 37
1 14 25 3 42 57
36 53 2 1 35 33
46 39 20 16 2 43
46 8 5 3 18 28
19 38 31 10 34 1
30 2 32 9 36 39
27 20 29 57 40 12
5 45 49 51 1 30
56 35 19 7 11 36
25 40 54 34 57 7
16 10 2 49 31 37
59 5 3 36 44 13
24 41 42 14 45 58
50 39 1 9 18 47
25 12 7 55 46 9
10 7 55 23 13 44
49 48 33 53 16 32
6 52 1 2 44 5
38 54 25 13 22 27
49 42 26 50 57 56
10 43 54 4 52 49
48 49 3 2 23 17
47 26 12 24 7 52
53 9 58 46 32 18
41 18 15 52 57 45
43 40 2 54 50 14
6 56 18 29 20 42
57 12 24 1 30 36
11 54 44 10 14 34
33 45 38 8 9 30
1 12 31 47 41 51
42 15 2 30 43 17
19 1 43 18 27 25
55 2 46 10 51 19
37 56 35 38 16 23
16 32 58 20 7 17
47 26 23 10 50 45
59 55 34 8 38 26
41 20 35 48 57 7
27 22 26 48 47 4
3 7 54 4 8 20
57 40 23 60 31 58
58 48 52 1 46 37
8 4 34 35 10 32
45 35 1 32 15 29
39 25 20 54 60 52
21 32 43 25 46 54
50 35 15 3 18 4
39 19 20 23 3 22
26 23 41 55 27 49
33 32 8 57 51 12
42 17 31 51 18 13
41 42 5 19 10 25
40 27 36 15 25 11
7 33 55 16 21 11
32 7 38 9 56 6
17 8 12 15 26 58
39 40 1 43 49 14
56 60 24 46 4 9
44 15 30 11 38 48
54 10 15 2 14 13
53 6 22 14 56 40
51 27 59 28 12 5
19 33 35 9 2 60
27 38 14 28 22 7
47 33 43 7 27 48
28 59 40 30 51 17
20 60 53 3 17 18
49 60 53 6 14 45
49 45 41 13 31 7
35 44 27 59 38 24
8 59 45 3 38 55
8 6 46 9 15 21
22 31 59 28 1 15
8 32 55 5 19 16
27 7 48 15 35 45
39 58 32 31 2 10
30 28 19 17 43 7
9 7 40 46 10 27
37 13 25 14 29 5
56 44 18 46 43 53
50 38 27 8 57 36
60 33 34 51 38 52
30 8 28 21 51 5
42 31 50 33 16 54
28 35 12 13 54 18
43 45 42 26 5 39
3 37 1 49 59 12
16 5 31 15 32 23
17 14 6 27 35 16
10 18 53 55 60 17
56 24 35 57 29 8
23 48 33 27 21 36
18 38 12 15 51 29
25 19 5 32 10 55
8 24 4 26 13 52
40 55 5 56 58 9
28 47 7 42 8 39
36 47 22 58 53 43
36 57 50 39 2 55
37 54 39 22 30 40
52 5 12 17 42 1
29 59 51 41 25 55
1 21 13 54 52 19
8 11 51 18 60 17
16 20 48 27 36 8
18 50 12 21 41 9
46 60 13 4 20 36
3 4 39 47 17 57
25 55 41 14 23 50
57 1 40 28 46 43
20 18 31 30 17 7
27 33 8 55 58 35
24 58 23 8 39 11
15 26 34 20 30 27
10 19 28 21 14 24
57 55 5 6 34 54
50 36 51 6 12 52
11 46 8 17 24 31
25 24 13 1 26 44
24 18 7 27 5 2
20 6 17 19 23 41
4 2 11 8 59 1
22 55 21 23 6 39
43 3 32 6 49 20
3 50 58 21 51 5
23 50 53 9 55 14
8 33 16 57 1 9
45 25 20 4 22 16
10 22 55 4 43 14
43 44 12 1 57 55
59 16 37 22 5 42
7 6 23 46 24 36
12 58 38 34 51 4
3 57 25 35 5 32
49 47 25 28 55 36
49 4 36 10 17 21
28 37 6 24 39 32
9 23 26 5 7 36
28 29 12 5 4 30
38 44 16 50 12 40
37 21 16 33 39 41
2 39 51 50 29 33
5 16 4 43 41 29
20 50 23 13 40 47
15 28 52 33 6 22
31 37 9 59 47 32
52 22 32 25 13 28
54 10 56 52 17 53
24 10 8 33 47 51
11 35 14 33 55 52
55 35 20 46 11 6
15 13 19 40 3 39
40 11 16 34 12 53
55 48 18 21 50 56
31 45 30 29 9 48
41 36 54 60 57 32
58 14 31 55 9 6
57 13 9 14 47 24
39 60 14 3 47 6
23 49 34 13 14 44
25 13 4 10 55 15
55 12 9 5 31 3
41 45 59 27 26 43
23 54 42 51 47 4
37 22 34 50 8 55
10 26 2 30 41 8
43 9 59 6 45 16
45 60 17 34 11 53
52 27 4 37 51 20
23 6 2 29 17 54
44 16 34 15 60 45
31 23 54 43 52 5
51 32 46 3 60 55
26 15 11 25 56 5
26 1 50 55 8 7
56 9 52 45 34 5
23 57 2 14 21 28
14 24 30 4 35 53
18 56 12 50 58 43
38 2 59 22 17 50
20 47 49 60 35 22
27 16 7 24 43 20
15 57 27 3 14 31
16 42 6 5 4 50
5 32 50 46 23 36
58 9 11 39 53 26
20 1 18 7 15 55
53 45 7 2 9 23
18 17 23 12 45 6
60 59 8 13 28 20
37 10 55 5 4 44
19 42 6 56 29 58
42 34 52 7 36 46
10 26 20 17 23 37
38 29 12 3 43 55
17 21 13 1 6 24
16 35 1 38 8 37
20 32 60 38 21 50
21 29 7 1 43 30
59 13 14 57 37 52
2 14 20 4 37 44
30 31 56 37 54 40
52 33 58 22 30 54
46 25 15 45 40 43
1 14 55 39 12 18
46 24 7 6 12 40
25 51 19 9 24 40
5 26 52 27 28 12
40 55 59 22 53 15
6 33 57 8 23 11
39 4 30 16 60 48
23 9 4 31 52 19
41 51 40 10 34 25
48 26 52 14 27 23
38 27 35 45 12 25
7 46 6 5 13 58
20 14 18 42 4 24
36 47 27 53 15 6
43 17 4 33 21 25
15 48 47 6 9 41
12 57 36 59 26 31
54 25 38 17 42 15
26 28 13 47 36 40
10 12 13 53 40 39
12 9 5 24 48 17
22 54 19 6 15 9
43 39 55 13 31 53
34 39 29 2 22 30
31 23 19 14 49 24
35 23 16 56 9 29
10 56 21 35 34 25
19 12 7 35 17 36
17 58 6 22 39 52
41 21 20 51 44 27
52 11 42 6 55 58
39 36 41 56 11 53
21 38 25 45 41 34
35 60 32 38 14 44
40 35 9 18 11 2
25 12 10 1 33 30
38 34 5 56 32 40
58 42 27 56 29 9
55 3 19 9 31 27
11 46 2 3 60 36
31 30 9 40 6 33
37 52 31 30 17 45
25 19 43 30 35 4
20 58 1 40 13 51
47 9 42 2 49 25
11 19 12 58 24 7
26 39 45 21 9 42
43 31 22 35 2 17
18 44 58 46 32 45
41 32 8 37 27 24
31 14 52 19 4 48
10 3 57 39 13 45
18 3 41 9 45 6
46 10 34 2 38 45
42 41 34 21 23 38
5 11 38 37 49 43
48 2 16 14 11 58
25 28 55 21 5 31
14 45 35 50 51 4
57 22 11 27 42 32
33 46 15 59 45 12
36 53 25 24 17 27
34 43 57 11 53 46
14 21 55 15 8 52