201
43 2 16 11 15 1
33 53 28 14 3 57
31 46 5 27 36 25
47 36 49 2 11 42
25 21 57 18 23 42
32 18 33 28 12 31
44 38 8 34 24 28
31 50 21 36 40 27
48 55 18 16 25 17
51 18 12 7 16 25
26 25 8 59 3 5
5 40 1 48 57 21
9 7 37 33 20 56
6 23 17 50 25 27
42 29 58 46 20 10
6 59 43 51 5 34
24 38 34 14 39 18
5 23 4 7 54 19
11 5 55 10 8 12
33 38 48 52 43 53
11 52 30 19 13 49
44 36 48 52 46 37
15 58 53 39 8 17
51 26 32 36 14 58
4 60 26 2 6 19
5 35 52 56 41 31
24 38 22 23 1 8
23 39 57 58 56 54
37 33 15 23 21 25
8 27 16 11 7 59
7 31 9 27 52 55
49 12 53 28 43 39
13 37 40 27 33 7
23 46 44 26 37 24
50 23 17 44 56 5
45 30 22 44 20 36
23 33 51 30 43 27
18 33 46 24 13 23
26 35 17 45 33 6
60 25 53 51 37 1
17 32 13 5 50 39
47 11 25 35 51 42
31 18 8 20 23 60
53 49 22 34 27 14
17 55 33 7 53 26
22 47 21 27 14 54
46 56 17 40 25 26
7 8 35 3 10 24
59 9 46 12 6 41
4 3 53 19 1 26
16 60 57 33 37 38
40 27 60 25 43 22
47 36 46 14 15 59
30 3 54 59 52 9
7 57 42 18 41 12
46 59 39 19 26 17
41 29 19 39 35 57
42 18 13 31 2 60
20 5 30 18 35 36
31 33 53 52 47 12
23 56 28 59 49 19
11 50 14 47 7 8
24 16 39 49 7 25
5 49 9 3 4 51
20 24 27 19 3 8
56 50 37 53 51 48
51 59 53 31 50 45
53 36 27 26 16 21
37 45 41 48 1 53
16 40 4 1 34 15
2 15 58 50 22 56
54 45 19 51 55 35
35 26 43 4 34 29
5 44 11 19 40 52
59 44 22 6 14 7
33 50 21 59 53 22
10 1 54 39 34 7
5 12 54 41 17 15
20 15 28 19 38 42
34 36 39 2 18 14
17 5 1 23 55 4
46 47 5 25 23 51
1 24 4 37 18 38
60 13 1 32 53 2
27 7 14 23 58 10
48 4 25 52 51 20
57 3 55 53 36 42
39 3 35 32 5 14
15 4 58 53 34 7
58 1 42 15 4 39
23 49 54 11 30 31
17 50 20 46 59 36
42 56 2 14 18 55
6 29 55 59 36 37
8 10 22 44 47 17
22 59 3 34 6 37
35 34 2 15 28 49
44 49 41 40 28 4
50 59 48 53 14 29
46 54 1 17 19 43
25 26 52 33 27 59
22 42 21 28 2 23
46 51 1 56 23 53
34 46 53 36 26 28
57 30 60 47 12 50
20 53 43 10 51 6
41 12 31 21 7 36
48 56 31 36 59 53
39 60 1 40 55 13
27 33 20 54 37 15
41 45 36 29 59 42
42 5 37 44 54 16
45 37 59 30 11 58
41 5 60 4 42 36
40 51 12 26 5 15
10 22 17 25 36 2
13 55 34 20 40 39
46 17 59 18 52 21
49 40 18 19 46 38
10 13 48 5 51 9
10 38 47 37 35 29
54 33 35 52 1 37
37 23 44 6 47 49
20 55 49 42 47 39
57 29 34 23 35 5
36 52 17 31 5 27
14 9 13 1 15 59
42 29 3 13 7 55
35 21 40 50 3 31
4 30 11 57 6 26
1 48 28 50 12 38
5 39 58 41 30 11
32 34 6 49 17 22
39 11 54 48 33 30
35 43 25 5 39 28
32 45 4 8 10 29
36 48 15 45 29 14
18 41 49 5 19 34
38 29 32 2 19 51
44 11 59 37 50 4
5 57 56 15 9 28
10 51 39 13 25 22
20 10 40 29 19 42
16 33 10 45 13 25
37 20 56 7 41 26
35 1 16 53 8 7
33 44 56 25 28 9
34 60 20 40 2 42
3 27 36 20 39 32
7 55 36 38 54 31
36 4 31 10 8 47
7 54 31 12 44 55
13 60 35 58 23 40
6 52 32 14 31 51
53 7 40 32 54 49
29 38 60 49 50 57
21 53 50 4 59 55
58 59 18 27 20 31
15 5 40 26 9 42
3 49 37 25 8 32
11 36 48 24 51 1
40 48 38 29 55 2
14 21 41 19 9 18
45 18 30 58 5 50
32 46 30 52 57 58
12 6 9 41 58 51
44 46 42 7 32 47
11 33 7 38 24 3
12 51 7 25 15 42
55 59 1 57 49 44
54 2 47 38 49 10
30 41 60 14 2 25
55 59 26 38 34 56
31 12 49 56 14 27
46 15 39 35 53 11
40 31 39 19 56 37
22 33 1 13 47 31
52 6 38 49 4 11
34 10 56 28 45 9
55 21 1 6 60 59
9 13 14 7 36 15
47 21 17 30 41 6
22 56 30 24 52 35
1 51 40 9 4 35
37 53 45 55 5 39
46 4 57 15 17 37
44 33 49 20 26 35
35 58 39 59 12 44
30 56 60 49 12 24
20 18 25 10 30 23
51 37 57 20 9 2
1 38 32 40 44 54
17 24 50 54 48 16
39 33 12 45 59 60
37 5 35 28 60 33
3 13 35 14 60 16
25 16 6 56 28 55
37 28 23 1 51 30
15 38 17 30 51 28
60 20 44 3 21 57
12 23 44 5 37 17
53 2 22 4 15 11