313
21 41 33 15 45 40
6 4 32 22 48 9
41 13 9 59 38 52
47 9 49 45 8 33
25 20 31 58 42 37
37 27 6 35 36 5
16 11 53 37 2 59
22 27 30 53 59 16
49 5 6 46 1 21
13 29 40 11 18 38
4 37 27 48 31 35
60 24 3 30 1 40
50 18 10 5 43 4
12 54 60 2 23 29
27 42 43 18 19 6
12 27 51 34 25 49
11 35 49 42 30 20
3 23 5 16 59 14
54 22 25 31 1 30
20 16 38 35 14 3
33 6 2 16 49 24
32 15 37 6 58 11
46 6 28 27 4 57
13 2 48 20 54 11
56 52 47 1 8 50
30 1 2 50 49 21
37 18 5 51 39 45
26 16 53 43 22 46
1 6 42 35 4 41
39 27 34 23 56 28
9 1 16 43 11 47
25 51 45 37 50 8
24 46 3 42 29 23
40 27 1 14 43 19
22 6 5 20 29 44
26 22 18 58 5 38
47 22 9 60 21 33
53 60 36 52 31 9
19 20 12 59 25 13
22 36 31 56 13 46
8 14 28 38 15 41
4 19 25 48 60 27
16 29 14 59 4 58
24 15 40 12 51 22
46 24 15 10 6 36
38 13 33 14 58 59
7 19 33 34 35 57
53 57 54 28 12 48
27 26 3 59 60 56
59 18 24 56 50 47
30 45 51 20 59 39
39 12 26 52 35 49
56 18 3 32 20 25
60 31 14 45 42 18
10 15 40 29 50 3
40 16 49 58 21 23
31 21 46 56 16 51
35 20 6 1 19 32
36 23 19 16 26 24
23 13 18 20 56 50
15 30 8 26 32 59
8 36 23 59 57 6
51 58 45 23 33 30
40 4 14 13 55 52
45 10 38 22 34 31
25 21 34 48 60 49
46 18 8 16 26 12
7 32 19 60 41 23
33 23 13 56 60 10
21 44 55 11 24 6
36 39 9 17 25 48
48 52 49 4 54 40
52 41 11 54 56 5
39 23 22 33 57 6
46 1 50 22 4 39
18 23 2 38 27 47
10 55 47 44 19 34
59 54 27 3 9 28
38 51 4 12 26 33
51 29 10 36 17 57
31 42 37 13 32 6
34 59 19 14 35 4
33 5 9 21 24 34
33 34 20 21 60 42
25 56 60 49 30 12
16 27 23 12 48 37
33 14 22 20 41 2
24 20 38 11 49 32
39 43 37 59 20 16
24 28 30 57 16 29
14 58 34 21 11 46
22 9 38 39 6 25
30 25 13 42 39 46
29 19 53 47 43 12
3 25 33 51 4 31
13 56 16 27 7 34
38 33 9 12 26 28
57 11 45 9 24 47
32 19 20 48 50 31
57 7 5 23 3 18
44 42 47 54 27 32
9 17 54 44 7 37
56 13 35 2 22 4
43 41 9 51 24 17
12 33 8 55 48 14
30 54 1 23 60 46
43 13 21 2 47 20
50 11 37 32 47 60
31 33 60 11 22 21
52 36 23 19 48 4
24 5 36 31 49 53
46 23 54 14 56 24
20 13 26 39 34 25
44 6 38 18 40 7
3 17 37 58 55 6
4 9 24 51 54 3
54 13 3 23 17 18
56 49 50 55 52 38
22 46 35 16 1 50
47 45 40 13 30 57
11 13 21 14 10 45
60 23 29 8 15 51
10 27 18 60 34 16
55 49 2 4 39 1
29 35 4 57 12 17
58 37 50 32 40 16
50 52 16 28 20 3
15 50 43 11 3 22
19 50 14 48 36 9
6 29 5 21 54 23
9 48 59 50 5 2
5 58 34 10 38 50
27 37 35 17 30 25
49 46 53 5 18 29
31 27 18 48 34 60
40 23 8 45 55 52
48 4 51 39 18 16
36 40 45 51 60 14
7 24 9 57 30 56
59 3 54 57 13 40
28 11 44 40 7 29
28 38 21 26 29 10
20 42 27 53 25 28
52 33 51 49 59 40
34 17 26 12 30 13
46 32 26 31 35 43
39 34 14 59 21 29
21 4 31 8 18 23
24 4 25 58 59 11
55 41 24 22 17 56
2 36 19 43 45 48
30 1 16 60 57 14
60 30 53 59 12 38
36 6 46 43 18 35
53 43 40 7 36 16
1 53 38 55 16 42
1 51 48 19 17 25
14 37 7 16 5 17
47 21 27 4 16 46
51 8 36 21 15 13
5 57 4 32 49 41
33 14 23 57 11 17
53 33 45 11 57 42
51 22 53 26 7 48
55 45 30 49 28 18
36 59 34 27 13 32
44 53 47 43 48 37
22 14 46 11 8 43
2 5 54 48 59 28
58 27 1 50 23 14
13 29 57 47 55 38
14 54 44 31 60 13
46 15 59 50 41 38
28 5 53 39 45 10
7 40 19 36 24 28
30 19 45 55 27 41
33 7 32 35 37 38
16 1 37 35 9 42
22 56 19 60 38 8
27 25 54 37 36 1
2 23 37 55 8 46
18 28 56 43 36 22
60 34 29 14 6 24
40 54 35 15 48 24
34 14 38 40 32 57
44 6 14 18 11 42
7 46 51 31 1 56
13 41 22 47 12 31
13 45 49 8 22 25
34 3 17 1 57 60
27 30 43 44 25 20
1 45 32 60 43 58
36 39 48 33 50 45
17 29 8 56 3 9
3 37 4 38 31 12
54 39 13 52 23 6
40 2 46 47 45 8
43 36 48 53 27 58
48 46 21 52 42 10
14 17 41 20 47 11
32 17 2 29 60 26
47 1 32 35 45 17
30 11 41 25 23 26
51 14 38 35 16 43
21 9 15 42 34 49
28 1 29 23 47 32
41 4 8 2 3 15
11 59 37 19 5 2
32 35 14 29 46 17
57 50 6 1 32 3
24 25 27 17 13 1
47 48 20 50 15 32
21 60 7 41 38 16
9 17 3 21 15 23
54 42 41 2 51 35
27 35 1 34 22 41
4 23 37 56 32 55
27 11 60 58 8 29
15 13 58 25 7 47
6 14 55 3 49 59
50 3 22 9 33 55
38 7 35 5 33 24
26 30 2 55 23 9
8 53 49 27 3 46
52 53 3 17 34 8
8 42 4 3 10 44
44 48 37 16 7 59
3 24 40 36 45 19
1 48 24 3 18 52
29 26 25 46 28 3
34 10 28 5 53 33
24 31 25 6 8 7
46 48 30 45 47 35
32 21 6 58 38 15
6 7 42 46 43 37
45 59 53 48 34 30
9 40 14 43 15 51
23 24 35 2 42 15
29 12 30 17 38 2
9 44 21 45 51 52
3 58 56 40 38 51
38 28 20 2 37 22
60 35 6 14 16 27
1 22 31 35 52 43
32 58 30 44 43 1
23 18 26 7 10 17
37 24 7 29 23 16
3 33 37 9 48 2
23 29 13 20 35 34
14 19 13 57 40 8
26 54 33 14 13 27
33 53 17 25 54 13
20 28 30 24 51 48
5 43 7 32 38 55
36 51 19 45 34 37
25 1 18 44 57 13
16 58 7 26 40 4
3 12 28 10 13 43
11 44 23 20 60 58
37 33 24 28 16 29
35 53 20 14 21 2
11 10 9 35 30 14
47 28 51 10 57 56
36 53 26 10 19 22
1 53 52 44 27 24
29 5 45 3 37 2
48 49 22 27 19 24
17 23 5 38 36 55
57 60 1 7 35 46
42 8 3 4 46 28
23 38 41 54 59 9
17 31 26 23 45 34
8 52 4 39 37 24
19 52 27 17 55 4
11 3 57 34 9 23
44 40 43 19 22 24
41 19 51 5 38 55
49 6 41 30 32 27
20 32 6 58 36 47
41 13 55 11 37 38
58 43 5 42 53 13
24 56 49 37 58 6
31 57 23 41 20 37
22 32 44 6 3 7
54 41 18 8 42 13
43 6 24 40 9 21
52 1 56 27 25 10
56 19 1 18 42 30
16 59 17 21 55 41
13 36 59 47 27 12
22 54 51 31 28 5
45 53 11 23 46 18
45 53 26 50 22 23
25 6 59 31 15 37
27 25 24 2 34 9
33 11 49 60 21 7
25 60 20 42 3 24
5 21 27 15 34 52
5 16 1 57 25 53
55 39 18 10 37 26
21 37 47 20 48 40
5 14 12 41 44 57
21 58 26 48 42 5
26 32 6 27 54 17
17 30 39 23 29 36
39 40 14 52 2 36
36 42 39 41 27 47
33 7 25 23 32 20
29 33 19 31 41 38
42 54 18 27 32 3
45 27 24 60 26 52
13 48 47 49 18 53
2 52 22 46 43 42
43 47 28 6 23 1