139
60 33 38 24 23 48
12 24 17 6 31 53
19 46 41 21 15 50
12 19 50 36 8 56
7 8 13 58 5 49
52 2 31 7 45 15
18 5 13 19 8 24
12 1 34 44 16 28
2 24 36 50 33 41
55 18 28 7 27 30
23 30 54 26 50 6
53 59 7 41 20 15
44 33 47 3 41 24
25 43 15 14 2 47
43 45 41 11 6 47
19 10 6 50 2 4
58 14 51 33 47 23
28 39 16 7 53 44
31 39 10 12 37 13
42 55 40 50 25 36
35 55 9 41 60 39
55 54 19 8 48 29
32 60 50 39 4 34
50 58 9 60 57 23
10 23 3 55 4 7
24 1 4 39 11 54
11 49 34 25 16 17
57 5 6 27 24 14
22 18 36 14 45 48
38 4 45 5 57 29
13 39 35 12 10 50
4 49 13 24 54 25
21 50 47 22 44 25
9 48 23 56 15 44
20 49 6 8 12 7
27 31 29 32 45 14
31 1 19 52 48 11
10 24 13 2 4 59
5 2 60 12 53 22
57 31 41 22 27 23
23 41 20 11 24 46
36 53 54 31 5 48
41 35 15 45 11 34
38 56 33 15 7 46
14 16 25 49 57 32
2 1 3 50 17 45
42 37 30 41 48 53
10 46 41 30 12 23
24 46 6 32 30 52
27 9 26 47 21 14
59 57 47 14 12 31
23 56 16 3 14 38
5 13 54 39 36 44
5 36 3 6 24 9
27 14 38 1 56 44
23 14 2 7 24 56
37 38 55 8 26 25
19 37 38 1 2 23
19 7 52 30 59 28
24 6 41 42 35 50
42 24 31 45 22 50
13 17 56 47 21 59
56 31 46 36 53 7
27 46 15 57 18 6
22 46 35 43 40 2
19 17 44 8 10 54
11 7 4 14 24 49
6 59 52 22 42 30
14 27 24 28 54 52
42 23 25 58 16 18
10 4 56 5 26 48
23 12 53 15 51 60
46 45 16 27 30 20
19 49 13 35 27 6
56 16 11 53 6 57
19 31 33 42 45 1
27 24 45 49 25 35
50 6 3 19 17 2
41 27 12 48 58 6
8 45 55 18 6 26
4 59 25 11 40 57
8 13 27 44 51 6
36 34 50 31 14 27
21 40 52 14 33 45
58 29 16 32 27 11
2 12 49 57 59 33
36 2 49 8 52 28
57 55 7 39 27 47
56 10 18 28 27 14
25 15 10 49 28 24
13 20 58 34 23 32
60 52 26 49 18 3
53 41 38 50 51 20
33 21 58 29 32 31
32 16 30 2 6 23
54 25 46 13 27 36
14 25 47 57 45 15
3 29 9 37 5 42
39 32 16 27 50 1
18 16 25 47 58 11
41 60 9 13 38 33
40 38 47 20 52 16
27 21 25 19 8 34
17 54 28 16 42 14
37 59 1 15 47 31
40 42 32 6 5 19
4 14 27 37 26 60
17 59 13 32 43 56
23 16 40 22 27 43
47 11 22 42 56 52
42 41 55 6 36 17
59 46 6 60 13 51
55 3 43 10 49 39
8 15 48 56 44 26
51 48 21 18 59 11
38 16 28 50 33 45
38 45 42 1 58 23
53 19 48 44 23 10
46 34 36 40 50 4
43 34 18 13 38 47
59 31 44 8 45 52
45 60 54 36 33 19
31 35 39 1 55 40
59 17 8 25 36 10
34 3 10 20 51 42
32 12 36 39 22 47
21 43 19 48 30 33
29 39 14 21 55 11
17 58 22 14 20 29
46 47 3 31 8 1
32 59 55 19 14 6
46 28 11 53 1 27
26 27 42 24 3 8
24 57 32 41 13 11
53 33 30 24 13 60
3 36 21 37 10 4
22 8 37 2 7 41
15 41 57 38 34 26
18 51 54 35 53 47
15 25 27 34 6 30