330
5 18 4 17 16 40
31 22 33 28 5 7
16 22 57 29 20 36
10 57 50 17 58 25
17 23 55 42 46 57
60 53 18 34 36 27
15 59 33 34 17 22
56 39 51 21 9 4
45 35 6 1 22 59
8 41 49 37 25 51
27 50 39 53 30 47
56 14 22 5 52 48
59 3 16 57 4 15
14 46 50 45 59 51
6 15 23 47 34 7
32 47 43 3 21 28
43 1 21 7 27 25
25 3 39 2 28 48
6 21 36 47 56 1
20 45 21 3 19 16
56 59 1 17 60 10
10 12 42 29 13 58
31 6 44 23 24 33
54 51 28 32 45 41
38 31 36 35 34 59
48 44 30 17 38 35
48 9 54 40 7 41
28 38 1 43 5 19
10 26 18 12 22 55
54 38 18 17 29 10
23 50 49 31 21 6
8 34 40 26 36 56
11 12 18 4 60 43
51 5 33 4 47 8
12 54 7 25 16 45
13 58 4 56 21 28
14 10 35 54 55 12
11 10 45 6 13 56
9 42 41 26 30 60
31 54 46 43 2 28
29 5 27 49 20 15
47 8 42 38 21 52
6 25 48 47 53 15
2 28 47 3 38 57
46 16 20 56 59 13
19 49 26 47 29 56
12 49 26 28 10 40
1 6 30 56 53 33
7 34 57 36 19 30
52 31 35 26 17 2
13 2 32 22 25 23
23 49 19 41 15 5
54 23 37 52 59 11
19 3 35 31 2 25
53 54 35 3 58 57
31 32 6 50 38 40
37 17 5 12 14 31
59 41 48 9 39 45
32 46 16 29 50 39
2 5 55 14 12 19
34 24 27 11 9 15
18 26 50 20 30 14
10 29 50 28 18 49
54 18 51 42 27 12
34 7 21 16 1 13
34 24 38 43 30 3
12 34 56 18 42 46
4 8 18 41 20 39
36 15 23 11 59 55
27 20 24 50 60 32
34 33 52 25 9 20
53 32 36 49 17 59
35 47 49 19 17 48
58 26 1 19 38 39
36 27 40 18 28 11
35 28 4 34 32 58
18 48 17 51 59 27
37 22 50 35 6 4
23 6 32 11 43 22
4 41 7 5 31 45
13 28 37 9 39 32
41 28 48 10 21 58
27 14 12 18 50 8
16 3 8 28 41 9
13 28 15 54 18 12
9 49 33 26 52 50
2 56 5 27 26 17
10 3 46 30 35 38
2 14 10 45 33 13
6 18 27 26 38 12
56 21 35 19 53 51
42 24 4 7 45 57
15 57 29 5 21 11
34 59 49 1 10 32
44 58 9 38 49 56
3 33 38 55 41 36
11 1 17 58 53 34
51 28 2 4 19 58
20 6 48 24 58 60
49 37 43 42 23 50
57 51 11 54 59 46
27 55 28 21 23 58
3 10 47 58 18 46
10 58 43 22 13 9
58 21 4 56 49 27
9 28 42 29 5 7
18 57 9 51 10 45
55 49 21 20 52 47
4 28 5 54 29 15
48 5 45 26 9 49
32 55 57 18 13 28
26 12 54 6 31 14
49 57 21 42 4 14
53 1 27 51 18 16
56 39 27 18 54 5
21 17 37 51 3 45
31 15 7 56 6 50
48 54 59 46 29 21
31 38 5 43 13 2
8 47 23 48 53 60
8 5 53 11 27 31
6 56 45 49 42 24
60 39 41 37 3 47
45 29 24 30 9 26
37 10 2 9 28 25
19 1 25 48 8 51
57 45 29 39 58 11
30 10 22 2 60 29
6 49 33 48 37 15
48 46 41 27 24 23
51 13 17 1 37 33
20 25 58 30 41 43
27 31 19 53 54 2
48 34 51 3 10 4
56 43 49 37 17 22
53 48 34 52 36 51
11 24 44 25 4 52
14 30 3 42 54 17
19 3 54 42 39 38
33 16 10 56 48 51
23 39 51 7 28 37
15 6 44 21 53 25
46 8 31 28 22 42
31 37 41 57 15 35
50 6 32 44 47 34
51 45 23 32 35 47
17 14 24 40 25 13
36 56 26 57 18 29
1 34 56 35 8 50
27 1 6 47 26 15
47 24 43 27 17 4
41 26 34 43 42 24
43 21 11 37 27 46
3 21 47 10 22 2
11 27 31 35 29 56
39 58 29 6 52 18
49 10 32 39 54 58
8 3 35 44 37 28
35 3 34 38 23 14
21 7 32 3 16 45
38 12 29 44 55 45
2 30 3 28 53 43
2 15 27 58 12 51
6 18 3 12 16 29
46 5 21 57 52 2
5 38 4 18 23 51
56 26 36 38 19 11
51 57 13 32 8 47
57 48 17 45 27 20
2 32 60 25 10 47
16 50 53 59 7 23
46 20 54 49 10 12
16 9 60 2 56 22
34 6 29 19 44 50
59 29 34 48 22 50
27 41 60 59 50 6
5 40 41 43 48 32
29 15 35 53 21 57
6 51 50 53 39 44
53 36 15 1 54 30
50 1 21 48 5 27
19 21 27 2 46 60
11 22 7 27 28 3
24 22 51 12 29 25
49 19 34 22 28 6
44 5 34 8 42 43
17 5 32 28 51 10
47 35 17 44 10 19
51 42 11 44 15 32
6 32 21 4 7 34
47 6 12 59 1 51
13 33 49 32 9 21
48 35 40 36 19 38
24 30 19 37 32 45
29 8 6 16 31 12
59 30 37 36 5 57
8 2 33 24 48 37
20 5 15 46 14 16
60 49 19 13 6 48
19 58 59 13 9 44
14 39 50 33 15 38
8 54 2 25 37 6
56 59 32 28 58 57
1 4 21 37 59 9
15 8 38 18 22 45
47 22 57 32 48 43
52 57 26 16 51 40
1 27 38 47 31 37
18 17 10 4 24 9
43 1 23 25 18 17
55 34 50 38 20 32
9 18 36 38 2 57
4 8 15 9 32 13
39 35 13 18 37 27
31 11 49 56 35 60
45 49 26 38 43 40
36 21 5 27 47 33
22 18 52 39 32 49
8 24 34 55 11 1
18 11 24 50 31 49
47 15 9 48 33 20
29 23 30 46 14 33
24 57 27 11 5 8
9 42 57 52 50 27
11 31 25 49 28 8
23 53 49 6 30 48
47 21 29 15 59 10
39 59 22 9 15 32
15 39 51 3 45 20
2 40 32 24 31 17
23 1 18 24 32 50
50 18 11 41 15 16
4 18 46 22 21 41
42 19 29 8 15 36
24 29 2 11 56 28
4 36 57 41 30 13
27 49 43 9 14 55
40 8 52 32 45 3
36 38 45 49 40 42
29 42 31 3 34 18
12 17 23 54 3 44
51 2 57 53 1 60
23 16 33 27 36 26
56 53 28 5 12 16
32 45 30 27 60 13
32 9 13 25 53 17
50 2 29 11 21 27
6 7 24 48 57 33
41 19 4 55 3 25
44 36 16 50 7 32
10 52 47 50 27 26
19 59 13 60 40 5
28 38 24 14 20 22
8 28 7 58 48 47
8 60 49 55 2 54
51 15 13 2 39 38
20 39 23 10 19 17
23 48 50 41 21 15
5 11 33 37 28 8
57 3 27 14 59 30
47 42 7 13 38 49
14 45 18 17 22 53
54 3 51 48 36 46
28 46 59 58 60 12
19 11 1 9 51 48
53 17 18 13 40 59
24 22 41 19 51 50
40 48 50 44 45 33
53 39 45 1 55 7
49 53 14 59 56 27
44 49 53 51 5 32
37 45 16 12 40 19
48 12 15 52 44 22
11 31 25 44 4 40
26 44 24 51 43 37
33 26 44 10 22 14
13 49 36 14 18 47
50 11 59 46 48 42
21 8 41 51 50 58
21 9 47 55 57 15
35 14 31 59 54 56
19 15 47 1 31 43
31 6 37 47 34 1
15 34 27 56 1 53
59 11 32 26 53 16
28 30 44 25 31 7
28 29 33 15 1 52
23 54 45 22 21 25
23 29 38 22 35 32
59 7 3 27 19 39
42 6 49 44 2 13
9 27 30 36 53 37
29 15 48 9 53 57
6 47 35 25 26 50
21 13 52 53 29 34
20 24 22 34 26 39
24 13 2 57 29 50
16 10 36 25 17 5
39 21 30 47 52 13
52 60 53 27 26 18
1 51 20 13 31 55
32 58 53 25 14 59
16 1 36 45 14 41
39 43 1 51 25 18
9 34 11 44 18 59
27 41 34 8 26 47
50 33 22 18 16 1
41 59 20 38 42 26
56 41 58 43 53 19
25 47 30 48 28 34
7 1 33 53 5 56
14 46 18 8 45 41
51 48 27 55 53 49
47 53 12 36 27 38
28 51 21 1 30 52
58 18 28 1 5 17
59 20 3 16 56 50
28 46 55 9 18 8
7 10 38 37 46 19
23 58 46 18 36 55
31 5 3 20 9 6
32 15 45 7 51 22
28 9 36 40 25 32
1 57 28 51 55 3
41 16 23 60 53 4
30 21 2 34 29 37
19 20 2 57 15 43
47 15 14 53 2 25
55 17 18 5 58 53
24 14 59 1 46 29
26 23 9 4 34 7