483
26 45 12 5 30 36
10 21 24 57 42 30
31 24 8 1 47 11
52 7 4 40 11 10
22 35 9 4 20 60
47 35 25 52 33 23
2 10 60 56 45 51
48 16 4 6 12 31
28 40 1 50 34 17
15 41 46 50 51 27
59 8 43 24 27 36
38 52 33 48 27 60
49 25 9 41 27 14
30 10 52 28 48 7
38 1 39 13 32 42
56 24 23 19 10 50
39 50 32 16 37 14
28 11 57 33 38 30
40 6 58 17 47 19
2 16 26 34 43 21
59 54 42 30 21 22
33 8 56 49 5 12
42 27 33 39 43 60
33 44 28 27 54 4
31 4 18 40 26 24
21 50 16 15 20 25
23 33 38 28 14 13
34 11 48 54 39 53
52 4 7 15 11 45
52 27 4 18 53 30
56 42 23 39 45 16
3 40 6 27 17 15
32 18 41 59 3 31
29 1 49 19 47 35
58 4 11 32 55 20
3 5 12 4 34 57
24 50 51 39 32 33
6 45 49 33 25 42
9 57 36 23 27 56
1 54 5 18 21 26
49 38 48 26 31 58
4 21 28 35 10 32
37 27 56 49 60 28
44 12 22 54 33 9
37 24 44 27 4 51
38 33 14 54 43 30
20 6 25 54 28 1
22 12 13 25 38 48
46 23 38 58 30 24
38 42 56 15 8 25
40 55 57 36 58 7
23 26 1 18 20 50
16 27 13 17 22 43
40 15 51 37 20 22
19 18 22 39 4 24
34 42 5 8 9 49
58 33 60 6 39 3
29 48 35 39 16 13
34 11 31 50 45 41
54 35 44 39 38 45
32 15 39 12 7 13
29 40 47 26 22 45
28 26 30 17 25 15
25 10 23 17 28 41
44 56 8 28 16 15
18 17 31 58 52 39
54 6 34 14 50 47
30 26 33 36 8 37
12 9 34 51 31 50
26 54 47 53 11 38
25 57 56 46 14 17
21 56 41 53 13 47
41 54 45 28 25 32
55 1 16 40 11 29
24 39 37 38 45 34
53 3 1 38 45 35
52 35 43 10 41 5
59 2 19 16 50 45
46 18 55 26 10 11
19 43 38 48 56 31
8 35 19 20 40 42
57 53 41 49 20 60
60 32 17 5 21 53
44 26 30 60 19 51
28 10 9 58 27 36
57 24 56 30 38 44
26 13 19 52 27 18
46 15 40 19 58 54
11 57 3 34 6 35
39 53 56 27 13 48
21 55 44 42 52 59
53 28 55 19 36 42
38 17 55 53 6 45
7 4 1 13 35 40
12 13 5 15 40 20
50 11 36 29 12 30
55 59 15 25 17 31
12 38 33 54 48 36
7 33 23 19 5 58
9 42 5 55 50 57
23 40 21 7 47 25
59 56 53 12 51 60
1 3 50 60 52 28
17 40 44 41 18 21
44 55 57 19 41 13
40 37 50 60 19 55
8 21 18 26 5 30
54 41 30 33 10 4
54 35 43 18 53 58
14 19 27 1 30 50
16 26 14 35 46 28
48 21 43 39 25 60
28 35 57 16 59 43
42 16 30 51 60 43
13 23 18 48 30 45
17 24 13 45 28 19
26 53 45 25 33 56
60 3 5 7 59 36
56 11 45 47 12 48
42 23 47 36 59 40
35 57 60 54 36 49
58 37 31 42 2 60
29 4 47 43 54 35
11 46 36 47 14 57
27 6 47 9 24 33
18 12 7 34 40 10
25 45 51 20 33 18
46 19 29 52 15 32
5 22 19 23 15 3
35 21 52 59 26 29
36 17 41 13 42 46
60 30 42 2 5 45
9 48 58 29 2 20
42 1 10 38 5 19
54 6 33 40 55 4
25 17 2 3 42 23
45 46 7 58 44 32
30 50 39 58 46 43
48 11 22 41 12 17
26 7 33 10 51 39
38 49 41 56 22 4
19 36 22 42 16 59
3 17 4 49 44 39
41 42 56 28 21 49
19 9 47 30 25 36
4 27 21 24 20 12
43 25 13 37 40 26
33 45 21 20 23 8
59 51 48 5 57 58
47 20 19 58 27 6
20 11 22 39 48 32
6 43 41 24 36 27
22 44 29 26 21 39
31 51 37 14 32 38
18 34 16 27 6 57
53 15 29 20 23 46
15 52 6 30 49 33
24 48 60 59 12 45
27 18 37 34 1 33
55 39 14 33 57 10
53 13 47 58 25 10
5 52 13 29 56 4
58 39 19 18 53 40
38 32 60 18 24 33
13 24 52 51 1 48
51 32 14 7 20 36
28 53 21 7 55 54
4 21 26 18 41 45
45 22 13 3 48 16
57 33 7 23 39 54
29 42 11 54 48 56
6 24 28 17 54 44
49 21 44 15 37 13
5 55 1 23 37 18
15 23 40 14 42 57
17 14 54 55 45 13
60 59 41 17 29 27
13 22 47 27 34 51
37 49 60 26 25 30
37 45 38 21 32 47
35 42 28 40 41 56
37 15 3 8 40 33
36 60 54 49 28 52
45 29 26 51 58 19
43 57 8 12 14 53
13 15 18 32 2 1
31 50 41 44 37 18
35 2 30 28 47 41
25 10 59 18 16 19
43 20 8 50 26 10
9 56 33 32 19 22
23 2 57 50 55 28
4 10 44 38 42 52
40 5 22 34 59 25
52 18 11 35 51 37
28 55 24 8 43 39
48 16 14 12 29 2
5 23 31 60 13 37
26 36 6 51 2 57
27 6 19 60 49 10
15 41 11 47 44 6
27 32 1 11 56 33
7 17 20 29 52 8
46 22 52 5 12 42
11 34 56 7 18 49
29 21 44 43 8 16
36 50 26 46 44 29
5 56 15 26 12 22
16 15 41 5 6 49
50 32 21 27 1 53
28 46 56 7 35 38
41 48 6 3 58 46
37 20 23 24 7 13
52 43 60 55 12 28
12 42 20 8 30 11
31 32 4 21 55 46
27 1 12 59 34 14
46 47 57 35 39 20
57 54 48 44 37 25
17 16 39 4 34 43
26 57 55 14 9 34
27 22 42 44 33 13
52 55 6 48 1 43
51 33 60 9 14 34
2 4 43 17 54 11
4 17 54 56 52 16
7 45 46 29 43 44
33 38 60 45 14 10
18 45 21 9 29 13
41 60 39 20 1 33
21 24 46 49 60 15
54 51 24 10 43 12
21 6 13 35 20 28
14 43 32 22 56 54
13 4 15 48 51 20
21 35 31 22 54 40
15 49 8 57 48 50
26 2 44 30 36 48
9 28 23 13 48 4
16 50 53 22 39 30
47 6 56 10 54 27
18 28 36 4 31 43
59 3 12 48 29 34
8 1 9 39 55 54
58 54 11 29 34 3
45 32 51 58 49 27
9 22 19 49 52 32
10 53 26 30 46 3
37 47 24 30 59 31
55 32 2 23 18 57
36 8 44 13 27 24
18 46 52 29 42 41
26 55 29 16 30 49
34 46 5 16 28 55
55 5 51 24 25 19
6 14 40 19 52 22
10 24 11 58 45 55
54 48 30 18 46 53
55 7 17 54 4 23
6 44 18 9 11 28
30 42 38 7 13 11
39 50 45 8 35 43
53 60 15 24 5 46
48 1 49 20 31 43
44 43 15 28 26 51
26 49 46 48 44 35
36 15 5 8 44 58
40 37 59 16 14 26
38 57 4 41 48 17
21 33 18 11 50 14
10 9 44 41 31 11
27 25 18 34 9 53
21 26 45 48 13 20
23 43 15 14 41 60
27 3 31 28 17 16
55 41 26 54 5 4
41 37 22 3 2 26
20 59 52 25 40 28
43 25 10 21 3 34
20 33 56 19 47 36
54 14 42 21 12 13
35 51 24 39 56 37
43 20 34 36 32 33
2 3 55 58 33 31
40 36 26 41 42 10
53 14 25 18 1 54
51 5 32 57 3 11
1 45 12 5 31 51
24 58 40 4 25 7
46 4 42 6 32 16
55 4 43 3 28 27
10 18 48 50 2 36
29 23 40 35 42 20
18 47 34 13 33 30
41 21 12 49 43 34
14 44 49 15 21 28
3 32 25 20 40 48
57 50 30 36 10 51
4 36 46 59 45 52
54 11 57 44 24 19
11 20 58 33 47 35
50 14 11 1 51 19
5 14 17 37 32 46
18 34 56 17 49 29
5 11 23 28 48 40
33 9 16 15 18 11
16 59 53 46 15 14
37 41 48 36 57 28
31 48 59 43 20 2
8 19 56 11 18 9
42 32 34 47 58 48
45 33 54 21 14 16
58 16 28 1 48 40
60 4 54 52 40 11
11 47 8 53 18 9
35 28 34 12 11 23
37 20 6 24 19 25
47 41 50 26 3 46
32 49 29 25 50 38
43 46 12 21 36 40
46 14 24 1 53 22
52 44 45 41 15 50
56 19 57 6 28 25
27 15 56 6 19 35
10 35 19 39 1 57
11 1 45 58 50 19
58 16 49 34 35 48
39 7 21 35 37 38
16 46 4 43 3 44
24 38 8 31 9 18
36 50 29 23 35 48
20 24 55 15 59 35
55 54 20 31 46 22
28 57 32 26 19 49
56 54 22 16 29 33
20 34 58 43 39 15
43 55 23 50 51 40
38 20 33 32 26 6
9 12 36 33 53 52
23 44 12 21 30 41
16 31 51 40 15 26
37 27 49 57 58 33
33 6 4 12 9 60
51 35 36 40 34 47
16 45 36 24 3 57
34 43 16 23 45 7
51 4 12 5 56 53
15 34 36 11 58 53
12 53 52 48 23 30
54 32 25 52 26 40
1 56 43 6 60 11
53 27 58 33 10 2
22 2 41 12 26 44
47 13 52 3 42 33
38 26 30 18 23 15
31 29 47 44 22 55
10 7 58 19 31 15
2 49 10 41 29 36
15 48 43 58 44 22
52 17 53 5 3 25
27 13 2 51 50 8
42 10 38 59 31 48
5 8 21 40 54 25
2 50 39 30 21 55
42 32 21 50 38 9
32 46 55 52 26 8
43 14 33 49 60 25
14 19 2 20 6 49
37 28 17 7 52 33
23 41 15 35 2 4
47 25 24 28 32 43
29 11 5 31 58 47
12 54 34 33 38 43
41 38 7 31 34 32
49 46 15 2 32 52
35 51 32 16 52 45
45 49 23 16 31 34
31 33 22 39 19 48
36 9 22 14 29 1
26 58 25 22 56 12
42 52 26 54 36 38
47 11 9 12 55 36
39 45 17 23 43 29
35 24 59 12 3 38
44 2 54 53 26 45
55 48 42 33 17 27
40 31 41 6 55 15
10 33 8 2 36 45
57 17 25 20 16 23
34 31 28 6 46 54
45 4 13 8 53 37
53 17 10 18 6 24
2 29 37 60 25 22
17 26 14 12 4 46
30 41 10 43 6 28
47 58 19 25 49 33
20 60 56 53 5 59
10 13 39 5 33 7
27 11 48 17 13 3
20 17 5 18 35 38
1 23 52 9 40 17
27 41 49 36 35 11
33 53 25 57 4 35
6 10 33 24 59 1
2 44 47 17 51 54
6 8 59 25 15 10
21 9 38 42 31 12
4 55 23 41 8 5
17 11 15 12 24 1
21 24 48 52 38 35
46 16 34 30 3 19
41 60 48 16 11 45
3 52 33 56 17 55
13 22 11 4 36 56
13 2 40 37 51 41
21 52 6 58 24 57
26 15 41 51 25 50
54 52 55 44 33 8
23 60 55 48 54 33
41 47 20 4 17 36
38 9 14 48 47 27
24 2 32 34 6 23
44 56 27 30 32 33
57 43 19 38 35 22
59 12 43 38 14 11
26 28 20 54 44 11
52 11 48 18 30 46
12 2 39 49 32 48
27 19 24 1 16 53
53 42 57 29 47 41
60 5 39 11 49 20
41 35 50 36 3 31
35 18 30 42 59 28
28 24 19 49 37 20
1 31 47 40 15 44
39 13 22 27 15 2
18 31 12 3 40 59
48 39 56 40 58 3
26 20 40 22 28 50
36 29 25 50 8 7
43 26 57 16 25 20
8 23 39 28 32 41
12 6 15 9 7 3
52 28 15 23 6 50
54 33 20 16 14 11
5 20 29 34 10 19
16 10 25 24 13 35
30 18 33 55 10 22
9 34 44 53 38 7
34 17 49 42 18 56
58 10 56 32 41 46
48 9 36 53 39 50
6 60 45 41 11 1
55 37 10 54 56 48
23 1 7 22 20 18
1 31 10 56 51 53
46 31 44 15 24 13
12 15 18 5 34 1
39 9 47 56 5 27
57 37 51 59 45 3
22 46 38 56 9 29
14 58 59 34 7 42
42 53 41 25 15 47
34 12 51 49 42 48
16 56 43 13 31 24
19 18 28 30 46 36
40 20 24 27 11 31
44 29 2 37 36 16
30 11 37 33 9 36
56 9 2 25 4 21
8 33 45 42 14 6
28 16 17 40 47 36
8 25 55 44 26 53
9 42 22 41 24 29
59 26 47 1 13 14
43 3 37 34 15 29
20 54 8 1 6 27
43 39 31 44 21 37
48 28 19 29 1 42
54 18 19 34 35 12
32 25 28 34 41 2
7 20 16 44 53 21
50 15 51 23 31 45
14 23 58 39 51 53