360
51 6 5 11 28 60
42 30 33 41 34 46
37 12 10 55 27 42
19 15 8 57 52 13
34 32 4 7 1 44
56 18 14 49 35 7
34 22 1 31 6 50
53 55 57 56 34 29
14 28 55 1 11 48
43 52 36 13 60 33
31 11 25 18 30 57
23 5 48 11 13 51
45 9 10 43 27 23
34 46 2 42 9 4
55 58 14 52 44 19
25 48 37 40 18 41
54 7 46 55 58 56
8 29 37 40 52 25
54 18 8 58 32 30
10 53 11 31 26 46
14 42 30 52 46 6
47 39 36 53 9 7
28 12 9 2 52 18
54 25 47 39 6 15
41 58 12 6 15 27
55 20 1 6 32 57
6 1 40 11 7 47
12 7 2 49 34 11
31 32 52 51 10 22
36 43 35 32 2 57
46 48 60 53 56 38
37 21 48 18 17 7
28 39 53 3 36 31
4 21 25 60 23 31
36 27 8 5 60 35
47 24 32 25 57 14
12 45 42 50 32 16
27 38 14 11 52 37
1 14 47 37 46 43
19 17 20 51 38 33
9 1 27 21 7 32
5 7 8 1 18 17
8 37 26 56 53 35
21 40 16 24 27 33
9 36 8 53 4 43
40 5 46 32 54 43
13 1 48 2 15 45
55 44 38 59 24 12
33 39 53 28 2 30
59 46 16 17 22 43
50 39 31 52 19 26
27 7 25 1 41 23
9 25 48 28 36 18
13 6 40 20 23 39
58 47 7 57 43 8
54 60 44 46 6 8
29 23 49 4 42 37
53 51 56 18 46 57
5 49 10 8 50 3
14 58 2 47 19 33
6 59 3 26 2 43
13 6 16 7 56 34
54 12 49 44 48 26
37 29 46 50 11 5
48 16 52 14 34 2
51 56 22 10 59 26
52 6 33 18 29 58
48 36 18 37 3 30
34 59 60 58 22 29
27 32 43 54 59 56
30 19 50 21 17 34
14 45 33 55 3 43
18 14 26 31 50 52
52 32 11 42 50 6
12 36 45 7 22 18
47 30 15 1 17 44
23 51 30 33 43 59
11 20 49 55 22 3
40 7 6 3 57 25
34 16 5 41 49 22
42 40 52 23 46 24
44 19 32 10 47 35
2 7 54 17 22 19
3 27 10 52 46 14
10 37 43 20 45 47
13 27 41 47 7 46
25 1 50 17 55 10
18 44 37 19 23 11
12 39 11 1 18 57
10 17 14 8 11 58
40 18 38 31 54 55
8 36 26 31 32 52
36 43 8 19 37 46
15 33 34 38 31 35
7 52 49 11 48 24
58 13 37 1 53 18
11 46 54 39 56 30
54 59 53 8 5 21
5 47 31 41 60 3
41 21 13 45 55 12
24 52 44 11 15 50
38 5 8 50 49 54
60 42 34 8 39 6
44 13 16 57 19 43
35 40 56 15 38 60
26 35 51 45 57 52
56 17 49 5 44 19
53 28 59 44 16 50
1 22 17 32 24 18
13 6 3 56 41 4
16 14 39 28 31 46
44 9 7 25 8 30
39 37 4 53 1 30
55 60 17 31 15 57
7 57 9 58 6 13
32 49 38 42 12 58
59 43 14 38 26 10
51 59 8 35 11 30
10 59 21 35 46 41
27 13 8 37 11 24
15 17 38 45 3 30
32 13 37 45 26 55
41 28 9 6 26 30
14 24 10 42 22 3
10 53 54 32 46 33
4 50 56 18 42 49
6 54 29 1 57 22
34 54 46 55 16 39
17 18 1 43 49 20
30 57 20 8 50 3
15 56 38 52 34 26
22 2 24 19 14 32
52 43 6 27 41 37
48 22 56 44 49 6
59 34 14 55 18 16
3 43 51 1 31 22
47 19 24 52 59 37
5 1 17 11 59 57
45 49 21 54 10 35
47 34 2 37 48 24
18 34 60 40 37 12
52 33 12 26 60 53
9 8 18 31 55 57
23 54 52 40 50 10
38 7 20 16 40 12
37 36 9 60 43 38
22 3 1 5 57 18
49 43 28 17 41 44
55 2 27 5 30 41
23 13 51 4 24 38
19 39 30 47 37 22
8 20 1 7 16 19
8 50 21 32 48 28
57 19 21 59 13 14
11 57 40 39 3 58
24 53 46 33 48 3
46 17 47 21 33 23
18 60 21 10 46 48
54 33 25 30 46 9
27 4 26 29 3 48
2 39 42 40 47 51
24 60 41 38 48 5
42 45 57 49 56 34
55 36 6 23 1 9
39 14 60 57 1 36
39 16 9 57 31 10
51 4 11 24 56 33
34 55 16 59 32 8
42 15 9 54 7 26
15 22 18 60 25 46
47 17 37 4 58 39
9 52 43 40 19 44
6 27 37 28 3 41
22 15 46 43 47 12
4 10 38 44 19 41
2 6 52 27 24 34
41 38 60 32 55 29
36 42 32 19 39 18
10 53 5 23 25 6
42 59 52 43 13 5
6 4 31 9 42 43
18 21 41 20 28 58
14 48 37 34 9 12
33 28 60 20 32 56
57 13 33 17 3 53
8 11 46 39 57 51
10 56 20 15 27 12
22 31 38 58 7 3
2 16 23 43 30 5
11 46 33 9 49 44
51 36 27 9 60 12
24 34 48 50 13 7
31 36 16 13 6 38
32 39 9 22 59 31
38 53 6 59 4 21
52 42 17 59 40 9
54 21 41 15 13 10
40 29 44 55 21 26
48 7 60 1 16 55
45 2 36 51 41 5
24 20 7 16 49 54
31 48 55 5 42 44
27 53 7 15 4 22
19 44 47 41 17 54
34 5 6 23 56 51
50 17 51 34 5 43
43 36 29 33 6 44
45 59 13 21 20 5
31 45 1 57 3 24
49 17 55 40 4 2
14 56 15 40 37 36
28 17 22 43 12 29
32 34 43 26 37 49
14 16 50 34 13 28
45 30 37 18 24 5
18 46 59 49 6 5
29 45 43 51 7 27
1 30 18 29 28 56
10 20 47 15 8 9
32 6 46 15 56 39
37 9 44 45 52 11
6 59 42 22 26 20
17 56 16 13 40 33
21 40 32 35 22 29
10 27 43 30 6 25
55 8 12 46 40 41
39 12 21 13 16 53
33 29 9 43 24 40
7 47 5 1 2 16
36 50 33 28 20 38
6 41 44 15 34 30
56 41 14 6 24 17
14 43 28 6 34 54
57 34 22 12 6 35
12 35 48 59 31 57
49 56 38 43 35 4
44 5 34 2 31 41
36 23 33 43 16 30
60 56 23 50 18 8
24 2 26 51 49 60
8 30 50 9 15 48
45 18 56 8 52 48
4 56 31 41 36 54
45 43 59 57 47 3
13 2 37 8 43 30
37 26 3 58 25 44
46 51 1 44 21 40
11 30 32 29 12 31
35 8 21 5 36 6
48 56 14 39 19 2
7 42 26 55 3 45
23 47 40 43 36 18
15 34 42 45 7 59
11 23 29 50 30 18
8 33 45 26 60 53
14 48 50 1 4 15
49 5 44 59 54 2
31 6 19 59 9 3
58 40 11 29 3 48
23 30 45 60 2 58
36 47 31 1 33 26
37 44 49 56 46 5
46 52 8 31 25 47
15 24 27 30 29 51
50 37 35 27 49 10
33 6 50 60 18 28
45 44 8 16 21 11
8 58 32 44 41 35
14 9 19 16 20 40
16 14 5 18 23 56
33 27 57 12 56 31
31 36 6 30 59 24
44 31 59 38 28 60
19 12 1 50 20 34
8 18 36 9 57 45
43 12 57 18 52 6
41 38 59 6 5 44
46 39 41 37 48 43
52 29 14 15 60 47
40 3 38 47 24 13
29 1 15 49 7 17
29 18 43 42 51 60
50 23 35 18 2 32
41 19 13 2 23 12
32 4 44 16 15 51
55 60 54 47 37 25
12 31 17 49 46 55
32 2 28 10 51 45
15 40 21 33 31 37
50 54 30 4 41 28
29 10 38 28 4 1
28 21 59 9 24 32
12 9 21 44 15 7
53 34 43 31 12 51
46 27 19 22 42 48
31 30 21 1 14 34
18 33 45 7 38 39
40 15 5 33 9 60
32 45 51 20 46 47
42 52 14 50 5 16
18 10 49 39 56 29
43 2 58 55 7 46
52 35 59 51 7 18
23 55 11 21 25 53
48 60 44 58 25 34
38 57 15 24 32 45
40 9 6 54 21 13
36 27 44 21 7 58
5 2 53 36 56 59
40 55 45 48 16 18
35 39 10 18 47 41
2 38 53 56 50 33
47 25 34 7 10 17
24 45 37 10 16 30
21 30 23 9 56 25
48 55 42 60 7 50
32 35 38 56 15 7
60 55 11 21 17 5
25 2 51 37 22 24
57 27 43 48 9 19
32 47 21 13 49 16
23 51 46 29 36 10
30 3 14 37 8 15
38 14 59 12 40 51
23 39 36 47 13 50
55 50 24 20 12 37
24 21 43 42 50 51
26 11 23 42 22 52
28 27 14 29 13 22
16 28 57 35 45 11
36 18 24 37 33 58
5 40 7 23 8 33
38 24 53 50 26 3
15 1 30 3 45 13
48 20 1 39 9 31
54 21 1 33 20 23
58 23 41 43 54 46
4 6 46 26 17 13
1 5 16 53 6 35
10 3 30 45 41 43
35 40 11 31 49 7
1 6 58 4 15 48
4 19 33 36 57 56
19 11 9 17 28 36
35 28 25 56 2 40
42 10 2 34 5 58
10 6 5 32 20 53
55 50 17 44 13 29
28 56 34 46 42 21
40 54 32 56 37 42
44 1 46 57 15 9
31 48 34 59 43 33
16 53 28 6 44 51
46 6 21 19 1 14
28 23 58 9 24 35
56 5 52 30 7 33
41 50 60 11 31 43
55 40 3 51 29 13
55 40 47 15 37 51
6 38 52 29 30 37
38 59 10 36 39 12