193
8 36 10 4 19 47
19 5 33 53 34 44
36 45 47 2 50 39
15 39 20 52 47 27
18 8 38 40 37 54
26 11 15 25 27 35
49 34 13 40 20 9
51 42 13 17 27 56
46 3 50 30 58 19
52 53 16 1 14 44
44 57 48 52 39 46
56 54 37 52 51 11
38 55 59 45 51 47
50 29 48 56 27 34
23 39 38 31 44 22
56 26 59 43 30 55
11 60 10 2 51 37
6 3 14 33 32 19
57 35 49 8 6 24
18 9 33 41 38 57
21 46 13 10 35 39
28 34 2 4 35 59
4 41 43 18 46 21
43 49 40 57 22 33
38 2 45 21 25 10
29 9 24 54 1 10
8 3 41 47 53 13
4 40 20 39 37 54
35 45 52 21 6 11
25 30 29 58 40 1
37 18 7 1 27 17
24 36 15 58 26 48
35 44 53 29 16 2
55 31 30 20 58 5
39 54 56 51 32 52
26 34 43 53 30 55
33 13 44 55 37 2
60 16 9 43 2 17
46 11 9 28 45 3
43 17 38 24 23 7
57 43 38 30 39 5
24 28 51 53 49 29
22 45 36 51 37 56
15 33 42 14 6 41
5 19 23 28 35 27
15 27 23 46 60 43
7 34 4 12 19 51
27 25 43 42 12 35
36 7 41 48 13 14
13 5 18 32 36 29
13 56 4 9 52 1
54 47 46 18 16 37
5 34 33 46 36 52
28 30 15 1 32 34
32 35 60 10 8 27
16 18 33 26 12 7
55 24 13 16 14 9
20 3 6 40 39 52
32 43 34 58 26 22
1 40 42 8 50 4
45 7 56 36 9 41
56 50 7 12 52 44
59 53 10 28 20 42
52 28 10 54 38 7
54 17 1 15 50 7
45 25 29 23 41 18
36 42 7 50 48 51
52 11 49 25 23 3
44 17 50 1 48 43
36 1 40 34 2 54
21 28 53 26 51 55
8 38 1 11 50 56
60 37 47 55 43 52
55 60 4 31 36 54
27 33 40 42 2 9
6 53 60 22 1 5
31 38 54 5 7 48
59 60 57 40 10 32
49 47 27 35 41 10
24 59 40 11 39 42
37 53 51 55 57 28
22 30 56 50 29 12
27 18 29 41 25 12
48 21 23 13 55 15
8 50 13 35 29 9
57 37 10 50 23 24
50 15 52 38 58 11
13 5 14 48 32 24
12 25 20 31 17 3
14 22 15 27 35 56
25 57 15 49 48 38
42 35 53 59 9 12
3 47 36 56 38 18
6 41 29 30 18 14
48 55 5 50 15 42
57 23 43 6 37 27
41 38 56 19 45 13
29 9 32 28 42 56
55 57 25 54 30 19
36 30 22 4 21 25
31 60 35 39 8 38
19 50 60 11 24 44
26 3 40 8 42 13
14 40 41 36 25 23
31 56 9 40 55 35
52 16 30 2 41 34
13 50 11 22 4 3
17 8 32 36 46 29
33 45 1 26 59 25
2 59 56 31 25 30
16 37 7 2 49 60
24 20 34 13 18 3
25 45 47 3 46 21
22 21 24 34 45 16
47 60 4 11 28 1
17 4 60 40 31 19
38 51 10 13 7 24
54 35 47 20 56 60
37 48 58 59 20 1
19 4 51 32 1 13
48 28 58 51 34 60
58 57 18 36 11 2
52 42 36 48 23 2
60 10 39 52 18 11
32 36 17 34 53 29
14 56 2 58 23 49
26 10 40 35 9 44
18 33 38 8 13 37
35 24 19 42 56 17
45 5 7 57 33 60
23 22 4 36 11 48
52 31 1 28 11 53
14 45 24 30 57 55
53 57 54 8 23 46
16 57 41 48 45 59
25 19 13 17 14 8
33 6 26 48 39 42
52 11 50 38 19 37
5 8 50 24 12 29
5 50 34 58 53 14
34 33 7 39 53 55
44 7 27 20 38 36
9 40 22 37 56 54
42 39 6 19 26 14
41 39 16 23 34 20
49 18 32 8 50 14
8 57 33 11 43 51
56 19 16 52 6 22
5 29 1 34 57 45
41 18 35 39 15 53
59 36 42 6 10 54
58 28 27 17 8 36
16 54 21 32 35 44
46 45 54 31 32 20
57 4 55 18 12 5
46 52 14 19 43 44
2 15 1 18 45 16
53 25 43 59 31 9
25 27 8 35 3 12
28 32 3 2 10 47
17 10 49 48 29 45
10 15 35 37 27 40
21 48 19 46 35 9
5 57 59 15 40 56
16 19 17 45 22 26
30 25 55 50 56 27
60 14 47 43 25 6
28 25 30 49 40 32
31 23 45 34 53 37
11 45 5 24 34 50
35 23 49 15 4 47
50 45 44 35 9 25
27 50 48 55 38 46
40 34 41 46 55 54
39 53 4 38 54 30
36 2 24 42 27 34
41 46 23 58 10 8
50 2 23 6 47 25
47 55 24 51 18 28
15 43 20 49 13 25
23 50 40 14 4 59
7 19 30 16 26 54
53 19 7 54 40 33
1 7 25 48 10 31
20 43 5 13 56 1
35 38 4 11 56 31
3 4 16 47 29 14
45 6 12 36 51 35
2 48 3 12 11 6
14 29 35 40 48 54
58 11 39 16 5 30
55 8 10 46 33 23
46 9 27 20 17 47
7 49 38 54 55 20