76
32 15 52 28 39 24
27 49 10 12 58 33
20 30 47 32 46 45
35 32 57 56 13 15
36 15 60 56 2 28
11 37 24 15 30 12
11 58 26 53 20 23
9 22 33 58 31 51
51 20 28 25 16 24
26 23 24 28 52 6
32 54 18 24 8 59
4 16 18 14 30 38
48 19 56 36 22 16
39 31 22 29 15 46
35 46 24 16 20 36
29 8 2 31 17 6
56 39 10 41 2 19
37 28 41 55 27 18
12 3 60 40 55 46
16 21 28 4 18 59
32 9 22 38 46 15
34 33 15 54 10 22
39 23 40 41 44 13
32 43 7 48 54 59
21 13 41 45 35 30
4 41 60 55 45 27
38 35 32 1 40 59
3 4 13 54 41 7
27 33 10 22 57 30
12 46 52 36 16 17
15 40 3 35 9 10
5 17 31 51 34 6
36 10 24 28 52 13
30 25 31 39 24 50
24 36 26 48 6 3
45 28 27 5 17 58
51 56 30 22 57 24
8 18 35 37 14 27
10 4 2 36 37 45
19 49 50 26 33 41
49 40 52 12 24 29
55 33 57 4 5 15
39 41 35 22 24 8
42 57 13 39 5 50
20 51 14 56 15 38
49 11 39 43 59 29
33 56 28 9 17 22
50 35 55 9 5 57
11 36 51 52 37 25
54 21 12 59 27 9
21 37 5 14 50 35
51 47 31 43 25 49
12 10 44 34 17 25
16 42 37 18 32 3
49 57 11 36 28 47
39 19 3 9 11 5
43 50 48 6 52 33
28 32 39 40 43 31
40 59 31 52 23 12
14 35 54 13 4 42
20 58 47 16 12 11
47 5 40 42 29 56
53 7 8 32 42 26
46 21 42 60 30 38
14 12 33 43 15 55
18 23 32 37 17 19
28 25 17 9 35 44
34 9 42 30 25 19
55 42 24 52 4 27
2 44 45 14 3 39
13 3 60 27 29 57
21 6 22 2 13 53
26 11 19 43 25 32
21 34 27 19 44 30
19 37 31 39 30 43
50 51 57 54 14 29
58 45 6 2 46 51