376
31 12 2011
1 1 2012
2 1 2012
3 1 2012
4 1 2012
5 1 2012
6 1 2012
7 1 2012
8 1 2012
9 1 2012
10 1 2012
11 1 2012
12 1 2012
13 1 2012
14 1 2012
15 1 2012
16 1 2012
17 1 2012
18 1 2012
19 1 2012
20 1 2012
21 1 2012
22 1 2012
23 1 2012
24 1 2012
25 1 2012
26 1 2012
27 1 2012
28 1 2012
29 1 2012
30 1 2012
31 1 2012
1 2 2012
2 2 2012
3 2 2012
4 2 2012
5 2 2012
6 2 2012
7 2 2012
8 2 2012
9 2 2012
10 2 2012
11 2 2012
12 2 2012
13 2 2012
14 2 2012
15 2 2012
16 2 2012
17 2 2012
18 2 2012
19 2 2012
20 2 2012
21 2 2012
22 2 2012
23 2 2012
24 2 2012
25 2 2012
26 2 2012
27 2 2012
28 2 2012
29 2 2012
1 3 2012
2 3 2012
3 3 2012
4 3 2012
5 3 2012
6 3 2012
7 3 2012
8 3 2012
9 3 2012
10 3 2012
11 3 2012
12 3 2012
13 3 2012
14 3 2012
15 3 2012
16 3 2012
17 3 2012
18 3 2012
19 3 2012
20 3 2012
21 3 2012
22 3 2012
23 3 2012
24 3 2012
25 3 2012
26 3 2012
27 3 2012
28 3 2012
29 3 2012
30 3 2012
31 3 2012
1 4 2012
2 4 2012
3 4 2012
4 4 2012
5 4 2012
6 4 2012
7 4 2012
8 4 2012
9 4 2012
10 4 2012
11 4 2012
12 4 2012
13 4 2012
14 4 2012
15 4 2012
16 4 2012
17 4 2012
18 4 2012
19 4 2012
20 4 2012
21 4 2012
22 4 2012
23 4 2012
24 4 2012
25 4 2012
26 4 2012
27 4 2012
28 4 2012
29 4 2012
30 4 2012
1 5 2012
2 5 2012
3 5 2012
4 5 2012
5 5 2012
6 5 2012
7 5 2012
8 5 2012
9 5 2012
10 5 2012
11 5 2012
12 5 2012
13 5 2012
14 5 2012
15 5 2012
16 5 2012
17 5 2012
18 5 2012
19 5 2012
20 5 2012
21 5 2012
22 5 2012
23 5 2012
24 5 2012
25 5 2012
26 5 2012
27 5 2012
28 5 2012
29 5 2012
30 5 2012
31 5 2012
1 6 2012
2 6 2012
3 6 2012
4 6 2012
5 6 2012
6 6 2012
7 6 2012
8 6 2012
9 6 2012
10 6 2012
11 6 2012
12 6 2012
13 6 2012
14 6 2012
15 6 2012
16 6 2012
17 6 2012
18 6 2012
19 6 2012
20 6 2012
21 6 2012
22 6 2012
23 6 2012
24 6 2012
25 6 2012
26 6 2012
27 6 2012
28 6 2012
29 6 2012
30 6 2012
1 7 2012
2 7 2012
3 7 2012
4 7 2012
5 7 2012
6 7 2012
7 7 2012
8 7 2012
9 7 2012
10 7 2012
11 7 2012
12 7 2012
13 7 2012
14 7 2012
15 7 2012
16 7 2012
17 7 2012
18 7 2012
19 7 2012
20 7 2012
21 7 2012
22 7 2012
23 7 2012
24 7 2012
25 7 2012
26 7 2012
27 7 2012
28 7 2012
29 7 2012
30 7 2012
31 7 2012
1 8 2012
2 8 2012
3 8 2012
4 8 2012
5 8 2012
6 8 2012
7 8 2012
8 8 2012
9 8 2012
10 8 2012
11 8 2012
12 8 2012
13 8 2012
14 8 2012
15 8 2012
16 8 2012
17 8 2012
18 8 2012
19 8 2012
20 8 2012
21 8 2012
22 8 2012
23 8 2012
24 8 2012
25 8 2012
26 8 2012
27 8 2012
28 8 2012
29 8 2012
30 8 2012
31 8 2012
1 9 2012
2 9 2012
3 9 2012
4 9 2012
5 9 2012
6 9 2012
7 9 2012
8 9 2012
9 9 2012
10 9 2012
11 9 2012
12 9 2012
13 9 2012
14 9 2012
15 9 2012
16 9 2012
17 9 2012
18 9 2012
19 9 2012
20 9 2012
21 9 2012
22 9 2012
23 9 2012
24 9 2012
25 9 2012
26 9 2012
27 9 2012
28 9 2012
29 9 2012
30 9 2012
1 10 2012
2 10 2012
3 10 2012
4 10 2012
5 10 2012
6 10 2012
7 10 2012
8 10 2012
9 10 2012
10 10 2012
11 10 2012
12 10 2012
13 10 2012
14 10 2012
15 10 2012
16 10 2012
17 10 2012
18 10 2012
19 10 2012
20 10 2012
21 10 2012
22 10 2012
23 10 2012
24 10 2012
25 10 2012
26 10 2012
27 10 2012
28 10 2012
29 10 2012
30 10 2012
31 10 2012
1 11 2012
2 11 2012
3 11 2012
4 11 2012
5 11 2012
6 11 2012
7 11 2012
8 11 2012
9 11 2012
10 11 2012
11 11 2012
12 11 2012
13 11 2012
14 11 2012
15 11 2012
16 11 2012
17 11 2012
18 11 2012
19 11 2012
20 11 2012
21 11 2012
22 11 2012
23 11 2012
24 11 2012
25 11 2012
26 11 2012
27 11 2012
28 11 2012
29 11 2012
30 11 2012
1 12 2012
2 12 2012
3 12 2012
4 12 2012
5 12 2012
6 12 2012
7 12 2012
8 12 2012
9 12 2012
10 12 2012
11 12 2012
12 12 2012
13 12 2012
14 12 2012
15 12 2012
16 12 2012
17 12 2012
18 12 2012
19 12 2012
20 12 2012
21 12 2012
22 12 2012
23 12 2012
24 12 2012
25 12 2012
26 12 2012
27 12 2012
28 12 2012
29 12 2012
30 12 2012
31 12 2012
1 1 2013
2 1 2013
3 1 2013
4 1 2013
5 1 2013
6 1 2013
7 1 2013
8 1 2013
9 1 2013
