5 8
12 50 12 59
12 51 14 00
12 51 14 30
12 52 14 00
12 55 20 00
12 56 15 00
12 58 20 00
13 00 15 00
2 7
4 41 21 42
3 49 5 35
23 17 22 22
2 20 0 48
19 23 11 44
7 12 14 33
1 20 2 9
2 10 
18 40 19 32
18 26 20 43
16 36 12 51
19 54 23 39
19 59 3 10
2 4 4 34
0 32 15 5
14 28 9 18
12 11 22 57
17 5 18 57
2 20 
17 48 1 8
20 54 18 14
23 13 21 57
5 38 11 5
4 12 2 5
10 7 2 3
19 43 12 9
17 22 5 34
15 20 10 48
15 59 0 27
2 8 13 19
20 57 11 1
4 32 9 49
13 18 3 24
8 5 8 3
18 46 21 9
17 6 16 59
19 27 1 51
2 58 15 10
3 3 1 47
3 20 
12 38 7 14
5 54 5 29
13 8 16 4
7 2 16 58
18 23 5 10
16 38 11 27
4 24 13 49
6 17 7 23
2 32 17 17
16 7 18 49
14 38 23 25
3 22 7 45
14 46 0 47
17 17 22 31
10 49 22 10
19 27 12 51
19 5 2 5
21 49 16 59
9 6 4 20
13 46 6 38
5 20 
13 48 16 45
22 7 6 57
2 27 14 56
17 33 22 56
20 21 4 25
15 4 22 35
19 31 20 31
20 27 22 44
4 30 0 8
7 9 1 44
13 17 6 38
19 24 18 48
9 20 10 7
6 16 20 2
7 55 0 28
3 31 6 8
11 9 23 27
9 12 18 34
20 26 7 28
17 44 13 55
10 50 
21 22 1 22
4 8 18 43
10 56 22 8
3 19 5 35
18 56 20 17
14 27 10 54
10 57 6 30
4 42 0 56
0 20 6 22
19 26 21 56
6 35 14 1
14 59 18 46
11 44 11 33
11 33 20 13
1 5 6 50
8 57 1 59
1 29 9 50
4 57 15 20
14 31 11 40
17 52 2 58
10 56 23 28
15 10 8 28
22 5 18 52
22 5 9 44
7 44 6 7
7 30 8 42
6 50 23 0
21 48 23 3
15 15 5 10
21 25 4 29
6 28 16 16
2 23 0 33
2 52 2 3
13 30 11 40
21 9 7 5
20 58 23 4
7 7 2 30
9 29 20 22
22 28 20 35
15 43 20 52
1 10 16 35
8 36 21 34
22 16 23 54
11 27 9 7
22 33 10 7
14 0 19 38
20 9 14 36
10 46 11 18
10 51 13 25
9 48 2 51
0 0