10
3
1 2
2 1
3 10
100
5
1 5
64 14
77 2
64 7
62 40
50
2
2 3
1 2
8
3
28 93
48 168
52 17
12000
10
9 93
81 703
43 3
28 17
10 1
51 1
89 5
83 26
7 96
96 7
500
40
83 19
22 3
5 18
93 25
55 11
76 698
88 3
29 5
27 2
71 4
17 23
17 25
36 935
59 5
72 18
88 5
18 5
44 18
76 57
65 257
57 45
46 10
76 743
16 6
58 20
9 7
5 9
52 16
100 47
16 619
96 37
70 88
44 721
5 1
56 1
34 6
44 16
89 39
55 25
95 893
500000
50
59 7
48 11
31 3
38 19
48 35
51 32
17 164
28 4
44 13
3 4
68 3
96 36
46 90
12 851
71 4
62 3
55 2
84 20
35 43
3 45
19 192
48 49
64 23
53 268
99 1
92 19
12 10
97 3
54 19
36 83
97 98
22 30
9 2
54 932
56 2
66 12
72 3
15 13
39 43
28 4
17 784
33 2
21 16
4 4
4 4
96 36
71 93
72 228
11 8
80 8
300000
20
88 6
34 9
88 33
80 41
74 940
39 6
46 18
82 8
3 14
42 30
71 73
72 941
46 7
69 17
28 107
71 2
52 11
4 8
64 17
51 15
15000
50
100 1000
100 1000
100 1000
100 1000
100 1000
100 1000
100 1000
100 1000
100 1000
100 1000
100 1000
100 1000
100 1000
100 1000
100 1000
100 1000
100 1000
100 1000
100 1000
100 1000
100 1000
100 1000
100 1000
100 1000
100 1000
100 1000
100 1000
100 1000
100 1000
100 1000
100 1000
100 1000
100 1000
100 1000
100 1000
100 1000
100 1000
100 1000
100 1000
100 1000
100 1000
100 1000
100 1000
100 1000
100 1000
100 1000
100 1000
100 1000
100 1000
100 1000
5000003
50
100 1000
100 1000
100 1000
100 1000
100 1000
100 1000
100 1000
100 1000
100 1000
100 1000
100 1000
100 1000
100 1000
100 1000
100 1000
100 1000
100 1000
100 1000
100 1000
100 1000
100 1000
100 1000
100 1000
100 1000
100 1000
100 1000
100 1000
100 1000
100 1000
100 1000
100 1000
100 1000
100 1000
100 1000
100 1000
100 1000
100 1000
100 1000
100 1000
100 1000
100 1000
100 1000
100 1000
100 1000
100 1000
100 1000
100 1000
100 1000
100 1000
100 1000
5000000
