10 10
2
3 3
7 7
198 200
3
18 25
53 150
148 53
506 250
20
40 31
41 97
86 55
82 95
41 160
99 132
119 180
167 77
204 149
217 200
306 68
331 125
342 170
450 79
295 33
277 80
408 38
456 129
456 178
282 127
750 266
101
23 5
27 33
70 91
66 94
59 107
58 110
44 149
44 178
36 125
58 129
136 184
148 118
119 146
140 85
114 62
53 67
40 92
80 36
24 125
14 187
114 212
216 171
230 209
286 139
236 113
231 122
252 70
213 39
212 82
175 46
161 16
216 24
287 16
304 63
335 54
335 96
315 109
315 132
316 178
345 216
375 173
378 169
403 151
451 59
442 78
413 40
412 67
457 123
521 118
483 159
441 203
441 203
464 162
506 199
551 139
557 174
579 81
545 84
509 88
486 94
445 101
390 128
526 53
523 25
478 22
447 19
390 20
377 42
378 68
395 81
378 121
358 144
320 160
284 175
700 82
678 120
601 171
475 186
621 203
639 107
419 191
338 191
663 73
31 203
16 172
12 151
12 104
12 71
23 39
53 16
82 14
137 14
137 31
149 54
184 80
217 57
184 109
194 128
194 145
197 163
320 80
688 263
50
155 21
555 25
450 80
638 49
473 122
294 157
619 167
89 25
178 18
246 122
114 29
69 180
221 131
305 126
292 55
397 109
567 185
586 202
25 179
127 179
577 168
290 120
418 35
128 7
187 97
418 56
534 213
211 4
390 182
636 35
150 168
380 121
11 6
557 181
46 195
348 104
255 106
116 6
398 202
459 54
219 33
254 196
17 120
445 146
493 146
132 47
147 80
307 54
208 162
297 136
700 265
1000
125 189
645 165
303 128
583 133
428 201
620 154
520 39
595 67
523 50
534 78
306 169
639 122
278 26
146 29
379 170
468 169
46 100
528 62
492 110
431 160
279 176
197 168
309 21
214 131
391 83
27 12
189 91
65 125
275 97
49 74
371 208
173 30
324 190
493 155
153 118
34 27
134 118
389 45
136 53
487 51
403 205
503 120
157 36
283 212
169 193
254 191
241 204
538 188
378 55
642 55
359 72
46 108
296 155
162 208
602 207
642 93
10 130
131 46
488 111
360 85
73 99
238 172
147 42
520 156
631 170
341 35
262 142
254 204
487 209
458 57
540 80
281 201
324 37
25 41
568 33
565 193
219 48
584 86
250 30
11 129
517 93
356 152
47 103
188 99
625 141
97 109
587 60
168 177
280 157
366 184
591 182
347 182
66 25
565 106
644 111
479 168
357 75
551 81
474 195
66 165
6 185
28 165
502 173
513 203
59 171
96 189
644 22
53 98
558 157
365 18
354 68
642 171
245 191
6 103
616 152
453 197
424 42
2 157
278 161
316 82
411 166
466 113
105 138
241 62
59 94
405 92
336 132
547 47
197 139
525 56
637 94
312 137
543 17
326 173
212 104
53 179
131 117
449 58
298 56
162 202
577 150
88 125
355 110
34 179
573 98
197 91
162 74
261 7
51 7
594 7
220 141
249 165
484 49
561 56
306 146
360 32
510 104
164 41
500 79
393 210
503 176
86 141
392 163
322 121
286 46
242 191
41 96
126 165
628 9
485 124
573 126
521 47
289 147
597 157
494 75
428 67
485 78
343 83
506 69
279 123
328 203
636 16
9 105
576 109
5 68
564 66
328 202
150 30
384 190
112 94
366 143
247 91
383 86
345 13
415 155
381 48
603 124
547 50
99 85
80 156
161 158
348 13
207 62
351 153
520 76
358 40
248 77
110 35
317 169
594 83
401 50
99 124
32 71
276 62
203 22
147 38
536 161
353 103
635 52
621 104
355 183
20 6
208 18
518 214
189 175
205 175
594 146
477 129
19 119
502 36
618 154
443 67
198 204
229 143
196 76
12 151
43 5
70 48
529 65
585 62
133 59
44 85
609 98
641 194
41 197
2 197
519 28
190 10
25 185
137 148
183 158
444 5
347 119
264 104
63 215
271 97
289 174
163 21
304 134
496 137
76 155
457 59
545 15
308 105
456 152
481 120
31 60
99 74
1 158
271 143
216 103
245 191
179 50
288 119
39 70
200 6
487 124
396 111
123 55
132 41
310 106
309 147
221 127
9 73
456 35
499 215
551 60
404 48
650 13
435 15
137 55
593 208
294 52
78 173
196 144
63 174
305 209
573 133
626 121
71 3
51 100
411 120
628 63
574 198
230 68
50 55
478 40
425 128
40 29
121 10
41 172
99 62
476 9
184 78
473 124
456 14
112 72
436 40
624 28
509 18
558 96
524 167
573 3
402 108
458 171
628 185
163 119
402 25
337 57
194 212
249 84
265 65
516 101
48 201
415 56
147 78
368 38
370 214
462 91
96 41
528 183
562 73
539 158
333 119
124 81
134 103
23 142
250 182
636 33
130 166
4 204
431 55
491 172
282 62
123 73
397 31
446 72
255 167
410 22
189 104
192 215
494 118
360 27
200 60
168 75
180 154
377 151
506 184
13 117
208 127
345 160
125 214
50 66
221 65
593 68
102 140
219 169
647 8
310 127
388 154
162 125
445 102
507 71
36 14
217 10
456 144
176 135
128 94
242 123
517 78
152 53
334 47
456 51
288 127
572 25
281 144
646 93
220 87
627 170
481 206
320 7
2 38
382 15
252 60
516 50
330 38
156 61
43 153
179 11
235 215
496 112
6 9
432 127
413 181
362 148
456 36
332 14
156 6
226 89
537 36
102 200
37 33
511 193
34 142
156 140
235 73
263 1
402 187
5 184
318 192
521 61
440 138
281 112
199 23
269 167
478 68
440 196
240 199
602 64
100 21
341 93
24 128
135 140
602 199
90 82
618 177
403 63
283 20
41 167
344 125
428 101
587 37
224 47
45 169
181 53
327 33
292 154
19 68
359 123
47 67
69 211
590 72
57 69
197 135
104 104
581 53
164 164
42 193
209 60
99 96
155 38
243 79
29 98
36 18
65 161
18 28
499 142
236 181
16 212
392 151
316 205
322 150
419 175
550 187
595 78
321 47
366 35
1 214
350 91
251 25
80 57
463 120
305 75
525 162
127 99
321 183
233 152
437 148
545 113
460 209
383 86
455 174
530 82
32 46
343 34
194 54
200 158
247 93
11 163
96 80
408 23
449 87
52 90
244 203
233 199
260 207
343 207
501 13
110 107
135 61
209 96
624 156
344 159
522 74
300 50
491 10
346 71
378 196
518 122
151 41
305 65
296 99
162 63
76 151
66 71
301 84
614 169
189 175
99 86
440 150
110 5
40 178
229 79
160 156
201 162
529 12
99 170
121 27
504 76
255 183
260 116
323 183
235 214
185 66
184 109
542 192
459 119
164 134
270 136
563 78
186 142
396 183
190 26
469 154
549 125
428 129
54 134
463 134
202 6
164 22
340 3
469 19
8 187
358 76
457 136
18 150
261 140
145 14
400 24
340 152
445 5
260 74
424 34
290 48
254 196
375 97
472 128
409 12
253 72
362 44
153 184
270 59
597 34
163 55
562 202
641 74
535 77
554 21
145 140
508 84
479 185
245 101
147 140
130 16
509 46
129 113
360 180
265 57
120 87
256 54
471 26
311 47
309 106
106 165
7 85
351 105
628 113
424 208
31 6
469 84
552 173
487 164
550 64
44 117
355 60
167 154
618 172
312 192
606 162
585 31
442 135
581 22
464 98
249 212
403 46
428 194
234 93
276 57
96 159
15 138
130 74
230 64
187 10
116 61
370 210
245 32
47 144
91 47
257 147
57 70
315 117
641 98
241 144
50 14
130 160
478 88
313 200
549 6
374 160
80 57
542 177
204 92
499 61
64 151
412 79
208 182
302 148
495 96
459 176
287 108
248 188
444 176
28 102
298 49
408 207
244 202
544 46
222 133
27 37
448 79
566 172
421 17
552 18
323 181
171 81
333 144
175 92
595 147
323 211
69 141
214 35
453 166
637 22
523 129
429 178
75 198
395 71
381 3
28 199
505 114
367 157
292 17
208 95
336 203
624 153
494 87
318 215
163 152
71 9
295 138
32 43
132 33
587 142
620 143
152 118
429 81
116 43
384 139
105 183
304 84
21 190
629 163
592 154
194 85
494 90
265 115
221 158
270 170
305 42
158 148
337 32
218 26
252 171
47 97
632 212
250 152
456 141
404 165
147 84
307 201
600 62
646 90
485 120
625 41
638 124
255 150
21 55
376 79
443 137
308 72
344 143
431 1
435 26
277 41
612 108
649 167
568 157
576 165
538 157
379 7
48 38
362 172
365 139
277 77
358 29
61 113
195 77
340 162
402 154
361 144
154 130
330 116
352 63
75 2
80 169
311 9
305 49
197 134
98 112
442 149
39 120
185 35
141 98
284 3
566 114
24 123
3 37
522 136
617 119
236 107
404 77
569 99
545 110
512 145
127 66
410 194
499 132
243 103
329 135
296 36
9 192
219 212
404 107
124 173
121 180
82 159
401 156
475 99
507 161
245 53
337 89
381 214
255 81
437 85
105 127
605 29
604 12
417 72
623 212
532 136
287 18
130 51
268 42
62 73
341 140
149 106
607 52
415 185
529 23
41 88
348 161
89 172
479 20
238 50
83 56
338 193
373 180
642 103
268 143
397 19
506 132
218 58
528 59
153 155
566 93
426 2
336 51
175 204
135 208
226 171
310 189
453 198
489 116
98 172
28 67
430 12
176 28
335 191
79 90
639 45
289 133
33 64
558 147
238 159
24 141
174 97
203 148
466 133
413 191
57 203
39 152
423 100
294 148
558 175
297 62
164 120
238 4
436 88
50 196
383 38
399 108
497 5
560 164
205 172
393 41
482 164
463 130
619 15
576 132
100 73
367 25
24 160
389 123
434 156
323 206
281 139
427 178
489 81
637 44
354 210
355 45
159 179
178 66
638 4
528 31
476 206
554 33
375 69
158 157
602 50
584 153
201 25
204 72
307 31
57 87
464 93
447 184
585 156
281 9
589 176
248 163
208 189
252 173
174 81
543 34
412 131
178 147
20 77
118 38
466 86
553 1
565 202
633 57
634 84
28 96
356 167
42 100
189 65
572 122
210 55
280 172
620 42
134 178
439 22
467 182
506 29
66 127
181 113
339 178
559 102
484 48
555 152
490 76
595 134
100 98
471 58
17 55
167 14
227 97
253 5
415 51
395 143
321 213
295 20
380 110
7 96
615 9
383 94
6 85
39 111
406 213
597 41
481 215
294 167
352 113
338 173
446 202
436 215
252 58
112 199
391 87
184 105
436 96
396 215
14 38
543 28
145 56
521 198
204 201
575 32
646 212
455 168
232 164
14 9
323 39
22 37
512 33
30 170
489 50
217 43
0 0