175
1 20
101 199
500 510
1 1000000
5 1000000
1000 1000000
20 1000000
99999 1000000
5000 100000
20000 1000000
80000 1000000
7 1000000
9 1000000
11 1000000
17 1000000
19 1000000
27 1000000
31 1000000
101 1000000
201 1000000
3101 1000000
4101 1000000
5101 1000000
6101 1000000
7101 1000000
8101 1000000
9101 1000000
9101 1000000
5000 100000
20000 1000000
80000 1000000
7 1000000
9 1000000
11 1000000
17 1000000
19 1000000
27 1000000
31 1000000
6000 100000
60000 1000000
70000 1000000
37 1000000
39 1000000
311 1000000
317 1000000
319 1000000
327 1000000
331 1000000
5000 100000
220000 1000000
280000 1000000
27 1000000
29 1000000
211 1000000
217 1000000
219 1000000
227 1000000
231 1000000
26000 100000
260000 1000000
270000 1000000
27 1000000
29 1000000
211 1000000
217 1000000
219 1000000
227 1000000
231 1000000
25000 100000
220000 1000000
280000 1000000
17 1000000
19 1000000
111 1000000
117 1000000
119 1000000
127 1000000
131 1000000
16000 100000
160000 1000000
170000 1000000
17 1000000
19 1000000
111 1000000
117 1000000
119 1000000
127 1000000
131 1000000
1 20
500 510
51 1000000
55 1000000
51000 1000000
520 1000000
599999 1000000
55000 100000
520000 1000000
580000 1000000
57 1000000
59 1000000
511 1000000
517 1000000
519 1000000
527 1000000
531 1000000
5101 1000000
5201 1000000
53101 1000000
54101 1000000
55101 1000000
56101 1000000
57101 1000000
58101 1000000
59101 1000000
59101 1000000
55000 100000
520000 1000000
580000 1000000
57 1000000
59 1000000
511 1000000
517 1000000
519 1000000
527 1000000
531 1000000
56000 100000
560000 1000000
570000 1000000
537 1000000
539 1000000
5311 1000000
5317 1000000
5319 1000000
5327 1000000
5331 1000000
55000 100000
520000 1000000
580000 1000000
527 1000000
529 1000000
5211 1000000
5217 1000000
5219 1000000
5227 1000000
5231 1000000
26000 100000
520000 1000000
520200 1000000
5527 1000000
529 1000000
5211 1000000
5217 1000000
5219 1000000
5227 1000000
5231 1000000
52500 100000
52200 1000000
52800 1000000
517 1000000
519 1000000
5111 1000000
5117 1000000
5119 1000000
5127 1000000
5131 1000000
516000 1000000
51600 1000000
51700 1000000
517 1000000
519 1000000
5111 1000000
5117 1000000
5119 1000000
5127 1000000
5131 1000000