8
7
1 1
2 2
2 4
1 0
-1 3
3 4
5 0
10
4 1
0 -4
6 0
8 6
3 6
6 3
7 7
1 0
6 8
2 3
20
139 -296
103 473
-775 699
62 -362
785 -561
-828 266
609 -103
84 443
772 -839
303 262
-848 197
-351 -697
341 -474
-160 568
696 -209
-121 967
-105 -132
-47 -222
-408 574
413 -307
50
-388 -930
541 562
-198 -466
-693 -534
539 -968
192 326
-275 -529
523 331
659 696
416 161
857 -189
-898 -242
172 -387
-994 -88
442 -921
308 127
460 960
-253 -951
948 309
79 817
-851 -915
215 -174
-133 -184
-276 -365
-172 -214
186 -568
-138 857
315 -548
-630 81
723 -487
276 -703
789 -506
-496 981
-637 -901
-380 467
-997 490
-194 376
-627 -642
845 -380
116 851
-226 -359
830 -588
214 -818
-865 -716
643 -480
-82 -174
894 -502
-509 -993
-758 138
514 -413
50
249 -948
-336 369
847 960
566 573
-79 718
125 -305
-933 352
-879 -507
646 -705
-470 704
-389 -47
-549 110
410 -140
-517 -584
650 437
751 -136
253 -31
-772 -209
-430 -382
-449 680
-53 -369
-512 171
-97 691
719 -87
942 639
374 -611
403 -472
914 23
-188 -449
296 -733
-37 -190
910 -317
-586 -982
-146 -513
626 -215
-843 366
902 -552
484 -462
583 -490
-630 206
97 239
-992 -504
-312 -505
632 53
-875 553
972 748
-207 400
-690 12
-482 -934
-908 -974
50
-4 334
434 -310
-982 962
-396 358
-214 -567
587 951
944 927
-398 -274
249 -249
-885 -359
350 566
853 55
681 -260
-169 690
756 -477
195 430
672 -274
323 130
-538 942
-451 -140
-775 -940
37 311
-340 437
-20 -538
765 327
-56 597
-186 -811
828 171
928 57
-165 118
639 -870
-517 -908
931 -487
116 536
-31 -864
-520 -781
-894 -520
365 427
-375 718
-365 527
69 -355
-989 405
402 236
623 262
22 -310
659 -409
-351 -677
12 689
74 -346
113 -933
15
934 557
-303 244
-365 785
-633 613
850 -715
-805 -658
-693 -655
948 -330
108 707
987 -586
549 -28
-853 512
288 332
-598 -477
-367 783
2
-1000 -1000
1000 1000
