3 3 3 3
137 115 153
177 213 103
115 182 158
0.025 0.100 0.025
0.100 0.500 0.100
0.025 0.100 0.025
5 7 3 5
100 102 110 125 38
97 255 123 4 82
196 255 255 0 123
174 78 53 192 176
125 255 233 10 50
103 74 62 49 128
139 211 174 68 43
-1.000 -1.000 -1.000 -1.000 -1.000
-1.000 -1.000 14.000 -1.000 -1.000
-1.000 -1.000 -1.000 -1.000 -1.000
5 7 3 5
100 102 110 125 38
97 255 123 4 82
196 255 255 0 123
174 78 53 192 176
125 255 233 10 50
103 74 62 49 128
139 211 174 68 43
0.066 0.066 0.066 0.066 0.066
0.066 0.066 0.066 0.066 0.066
0.066 0.066 0.066 0.066 0.066
0 0 0 0