13 1 2 9 4 5 6 3 8 7 10 11 12 13
10 78 25 36 7 3 26 17 1 2 19
10 0 0 0 0 0 0 0 0 0 1
16 91 81 65 59 27 25 10 56 16 76 62 90 42 69 47 41
19 88 87 84 82 65 11 93 97 55 20 86 14 45 51 3 95 12 4 24
9 8 3 10 14 6 4 13 7 1
25 807 -587 -451 -225 303 -803 793 660 630 310 704 -487 824 -329 -47 381 -648 -418 -45 94 23 210 420 780 -305
25 -18 -341 -306 495 -849 -731 -218 112 203 -695 209 76 -664 -646 -510 713 -300 4 12 -319 -393 328 667 -410 230
25 -379 1000 274 140 507 284 502 456 -366 831 -427 -208 -645 -375 -196 -631 521 -4 -823 -216 72 -154 -206 -433 -245
25 535 879 -693 325 246 979 615 208 775 -291 -690 812 147 976 -542 -86 340 33 609 126 77 72 254 -642 193
25 136 -163 -310 -905 979 967 -604 -375 -757 -85 -457 -545 193 756 143 -453 634 746 -320 745 863 -501 -162 -814 -654
25 -947 -959 -914 596 602 500 -599 112 -903 283 -784 451 -605 -925 289 291 793 -940 138 76 -419 -239 -531 -433 429
25 -159 242 811 646 664 465 28 -714 -184 -542 830 -960 175 -848 447 93 -122 79 764 945 416 17 41 -19 -999
25 330 -50 859 899 -149 -134 906 -188 564 -361 815 -893 -756 -750 -635 914 -643 -234 517 729 668 984 -294 -571 4
25 -554 -103 -732 889 572 240 818 -801 -809 576 868 667 22 285 473 -797 577 907 -677 -987 912 608 399 -250 565
25 -683 379 103 -136 161 -615 -288 -981 -768 85 -794 56 982 -277 -357 764 -771 -773 -882 -97 -556 954 -715 -4 679
2 -259 -867                      
3 -194 -763 870                     
4 -845 30 717 -978                    
5 -697 -955 -21 -687 303                   
6 68 420 908 -4 -778 -862                  
7 84 243 -873 727 -278 -837 -578                 
8 -376 -889 377 361 857 -722 -32 999                
9 608 492 202 -811 477 938 490 103 -59               
10 -225 -743 -919 453 257 10 158 950 503 -788              
11 -796 974 -797 -738 176 -496 990 -547 -390 259 -817             
12 872 134 -357 553 275 -675 -150 -472 858 -984 -463 952            
13 761 -752 496 -875 53 -843 719 -39 -311 97 703 184 -608           
14 49 285 666 -680 323 -547 749 -531 531 -35 -857 -181 -179 729          
15 678 -871 565 499 -613 -71 -256 -887 50 693 360 601 709 -275 -601         
16 366 984 -910 -239 -125 946 449 -375 -229 -501 637 -771 365 201 -719 427        
17 587 663 345 924 285 526 -367 488 619 288 -363 31 -816 884 413 -27 564       
18 -784 -516 -655 -119 -495 249 277 719 -66 -490 620 -290 630 -677 -201 -572 -119 637      
19 915 -117 488 1000 661 -160 14 954 -502 519 -267 -218 758 734 -748 -120 306 5 -406     
20 -673 845 654 226 -645 -615 -802 872 -880 704 818 -894 118 242 670 -266 49 -364 79 981    
21 239 904 490 -473 -140 221 -526 179 630 -362 -548 -412 -478 368 -297 926 791 53 -646 -972 883   
22 902 -340 -736 -363 -641 -581 199 35 315 -415 -240 702 19 -920 -457 -455 -292 -905 -136 -233 -844 77  
23 -597 96 794 467 -338 921 579 801 397 702 -716 252 -845 748 895 -784 -524 -649 352 -957 -790 554 820 
24 418 976 -414 700 341 -52 -692 -547 619 -368 203 237 -819 -827 -175 -666 -147 -140 -289 808 -471 -79 -411 -562
25 -402 -326 750 45 362 -402 690 879 -415 261 759 -674 -714 777 656 12 -973 -631 -7 -289 788 479 449 174 -564
13 1 2 3 4 5 6 7 8 9 10 11 12 13
13 13 10 12 7 9 11 3 1 5 4 8 2 6
16 91 81 90 59 76 65 69 56 16 27 62 25 42 10 47 41
19 97 95 88 93 86 45 84 87 55 20 65 11 14 51 3 82 12 4 24
9 14 10 13 7 6 4 8 3 1
25 824 704 807 630 660 793 -47 381 303 94 420 780 0 -451 -329 -587 -648 -418 -45 -225 23 210 310 -803 -305
25 713 667 230 209 495 76 -306 112 12 -319 328 -218 0 -646 -510 -341 -300 -18 4 -849 -393 -695 203 -731 -410
25 1000 831 502 521 507 274 284 456 -4 140 -154 -208 0 -375 -196 -631 -379 -366 -823 -216 72 -427 -206 -433 -245
25 979 775 976 609 254 812 879 340 535 126 246 193 147 615 -542 -86 208 33 325 -291 77 -690 72 -693 -642
25 979 863 967 634 746 193 756 -375 136 745 -162 -545 0 -604 143 -905 -453 -757 -320 -163 -85 -501 -457 -814 -654
25 793 602 500 596 283 451 289 291 138 76 -239 429 0 -925 -599 -959 112 -940 -903 -914 -419 -784 -531 -947 -433
25 945 830 465 764 811 242 447 -122 93 664 646 -19 175 -848 28 -714 -159 -184 79 -542 416 17 41 -960 -999
25 984 914 899 859 906 4 330 564 517 729 815 -134 0 -750 -635 -188 -643 -234 -50 -361 668 -149 -294 -893 -571
25 912 907 818 868 889 667 473 -554 577 576 608 565 22 240 285 -801 -797 -809 -677 -987 -103 572 399 -732 -250
25 982 954 679 161 764 379 -277 -683 -768 -97 85 103 56 -288 -357 -981 -771 -773 -882 -136 -556 -794 -715 -615 -4
2 -259 -867
3 870 0 -194
4 717 0 30 -978
5 303 -21 0 -955 -687
6 908 68 420 0 -778 -862
7 727 243 -578 84 -278 -873 -837
8 999 857 -32 377 361 -722 -376 -889
9 938 492 608 103 477 202 490 -811 -59
10 950 503 158 453 0 0 10 -743 257 -788
11 990 259 974 -390 176 0 -496 -796 -547 -738 -817
12 952 858 872 553 275 0 0 -472 134 -984 -463 -675
13 761 703 719 -39 97 184 496 -875 -311 -752 53 -843 -608
14 749 531 729 323 49 -179 666 0 -531 -35 -857 -547 -181 285
15 709 678 693 50 499 601 -256 0 -871 -613 360 -71 565 -275 -601
16 984 637 946 427 366 365 449 0 0 -501 -125 -910 -771 201 -719 -375
17 924 663 884 619 288 345 526 564 587 285 -363 31 -816 -367 413 -27 488
18 719 637 630 620 277 249 -119 -119 0 0 -490 -655 -290 -677 -201 -784 -572 -495
19 1000 954 758 915 661 488 734 306 5 519 -267 -218 -160 14 -748 -120 -117 -502 -406
20 981 872 670 226 845 118 654 49 79 818 704 -894 -615 -802 242 -673 -266 -880 -364 -645
21 926 904 490 791 883 221 368 630 179 -140 0 -412 -478 -526 -297 -473 239 53 -646 -972 -362
22 902 315 702 35 77 199 -457 -292 -136 -240 0 0 19 -920 -581 -455 -363 -905 -340 -641 -844 -415
23 921 820 895 467 801 252 794 -524 397 -338 702 96 -845 579 748 -784 -597 -649 352 -957 -790 -716 554
24 976 808 237 619 700 0 -175 -147 418 341 203 -52 0 -827 -692 -666 -547 -140 -289 -368 -471 -79 -411 -562
25 879 788 777 362 759 174 690 12 -7 750 479 -402 0 -326 656 -402 -973 -631 -415 -289 45 261 449 -674 -564
13 13 10 12 7 9 11 5 1 4 3 8 2 6
25 -803 -648 -587 -418 23 -487 -329 381 -225 94 210 -451 0 793 -47 807 630 660 -45 310 303 704 420 780 -305
25 -849 -695 -731 -300 -393 -664 -646 112 4 -341 209 -410 -306 -218 -510 713 495 203 12 -18 -319 328 667 76 230
25 -823 -645 -433 -631 -366 -427 -375 140 -379 -216 -206 -245 0 502 -196 1000 521 456 -4 831 72 507 -154 284 -208
25 -693 -690 -642 -86 -291 -542 147 246 33 77 72 193 0 976 615 879 340 775 609 325 126 208 254 979 535
25 -905 -757 -814 -453 -501 -654 -163 -375 -320 745 -457 -604 0 756 143 136 634 746 -310 979 863 -85 -162 967 -545
25 -959 -947 -925 -940 -784 -605 -914 291 -903 -419 -531 -433 0 -599 289 596 793 112 138 602 76 283 -239 500 429
25 -999 -542 -960 -159 -184 -848 -714 -122 79 416 17 -19 0 465 447 646 93 242 764 945 664 830 41 811 28
25 -893 -643 -756 -234 -294 -571 -750 -50 -188 330 -149 -361 -134 906 -635 914 899 564 517 729 668 984 815 859 4
25 -987 -809 -554 -797 -801 -250 285 -732 -677 572 399 22 0 818 473 889 577 907 -103 576 912 868 608 667 565
25 -981 -882 -615 -794 -768 -4 -357 -683 -773 -556 -715 56 0 -277 -288 764 379 -136 -771 161 -97 954 85 103 679
2 -867 -259
3 -763 -194 870
4 -978 -845 0 30
5 -955 -697 -21 -687 303
6 -862 -4 -778 0 68 908
7 -873 -278 -837 0 243 84 -578
8 -889 -376 -722 0 0 377 -32 999
9 -811 -59 490 103 0 938 492 608 202
10 -919 -788 -743 453 -225 0 158 950 503 257
11 -817 -797 -796 -547 -738 -496 990 974 -390 259 176
12 -984 -675 -357 275 -472 0 -150 872 858 553 -463 952
13 -875 -752 -843 -311 53 -608 0 761 -39 97 703 496 184
14 -857 -680 -547 0 -531 -181 0 49 531 323 -35 666 -179 749
15 -887 -871 -601 -613 360 565 -275 0 50 693 499 601 709 -71 -256
16 -910 -501 -771 -239 -375 365 -719 0 -229 -125 637 946 366 449 201 984
17 -816 -363 -367 -27 288 31 413 488 0 663 345 587 285 884 526 924 564
18 -784 -572 -677 -516 -495 -290 -655 -119 -66 -490 620 249 630 277 -201 719 -119 637
19 -748 -406 -502 -267 -160 -117 -218 306 -120 0 519 488 758 734 14 1000 661 954 5
20 -894 -802 -880 -645 0 -673 -615 -266 -364 226 0 654 118 242 670 872 49 845 79 981
21 -972 -646 -478 -526 -548 -473 -297 791 53 -362 -140 490 -412 368 221 926 904 630 179 239 883
22 -920 -905 -736 -641 -844 -340 -581 -292 -455 -415 -240 0 19 199 -457 902 35 315 -136 -233 -363 77
23 -957 -845 -716 -649 -790 0 748 -524 -597 -784 96 0 579 794 895 801 397 467 352 702 -338 554 820
24 -827 -666 -819 -547 -471 -562 -692 -147 -289 -368 -411 -414 0 -52 -175 976 341 619 -140 808 700 203 -79 418
25 -973 -714 -674 -631 -289 -564 656 -326 -402 261 449 -415 -402 777 690 879 12 45 -7 362 788 759 479 750 174

