76
3456 100 8
3456 100 9
3456 100 10
3456 10 8
3456 10 9
3456 10 8
3456 100 8
3456 1000 8
3456 10000 8
3456 100000 8
76 100 4
77 100 4
92 100 4
46 100 4
11 100 4
12 100 4
14 100 4
78 100 4
96 100 4
9452 10000 8
9452 10000 9
9452 10000 10
379 1000 6
121 1000 6
121 1000 5
378 1000 6
160 1000 6
160 1000 5
45 1000 6
45 1000 5
45 1000 4
45 100 4
1 10 3
2 10 3
3 10 3
4 10 3
5 10 3
6 10 3
7 10 3
8 10 3
9 10 3
10 10 3
1 10 4
2 10 4
3 10 4
4 10 4
5 10 4
6 10 4
7 10 4
8 10 4
9 10 4
10 10 4
11 100 4
21 100 4
31 100 4
41 100 4
51 100 4
11 100 5
21 100 5
31 100 5
41 100 5
51 100 5
3205 100 8
7148 100 8
2344 100 8
2344 100 7
3187 10000 8
1569 10000 8
1569 10000 7
4617 10000 8
3166 10000 8
3187 1000 8
1569 1000 8
1569 1000 7
4617 1000 8
3166 1000 8
