25 3
4
10 4
5 1
25 3
31 1
12 8
10
5 11
11 8
13 8
22 2
1 1
25 12
10 4
11 8
20 5
6 10
10 9
23
18 11
2 9
19 8
23 6
10 5
11 8
1 8
22 12
14 10
10 1
29 5
31 7
9 10
30 6
2 6
13 7
21 8
12 5
26 5
23 7
13 7
9 11
6 2
3 6
100
2 2
18 5
8 7
30 11
26 1
25 5
20 9
18 12
30 9
29 2
13 7
24 9
19 2
13 7
12 9
28 6
3 7
28 2
26 11
25 11
31 1
10 3
23 7
13 12
7 1
8 3
30 1
25 6
4 12
4 7
11 3
11 7
8 9
15 11
19 9
16 12
20 5
17 12
26 4
4 10
15 11
23 12
10 9
8 7
15 3
8 4
6 4
6 10
1 5
21 10
8 3
18 1
17 3
8 7
23 6
16 9
13 10
15 1
20 11
16 12
6 6
30 6
17 12
28 11
17 4
20 4
4 4
30 6
5 6
23 5
27 11
2 7
15 10
11 9
1 11
15 5
1 2
27 8
1 2
17 7
6 2
3 12
21 4
14 8
10 7
23 4
10 10
27 4
5 12
20 3
13 9
21 11
22 6
21 1
8 5
17 6
19 6
24 10
12 9
16 3
3 6
100
2 2
18 5
8 7
30 11
26 1
25 5
20 9
18 12
30 9
29 2
13 7
24 9
19 2
13 7
12 9
28 6
3 7
28 2
26 11
25 11
31 1
10 3
23 7
13 12
7 1
8 3
30 1
25 6
4 12
4 7
11 3
11 7
8 9
15 11
19 9
16 12
20 5
17 12
26 4
4 10
15 11
23 12
10 9
8 7
15 3
8 4
6 4
6 10
1 5
21 10
8 3
18 1
17 3
8 7
3 6
16 9
13 10
15 1
20 11
16 12
6 6
30 6
17 12
28 11
17 4
20 4
4 4
30 6
5 6
23 5
27 11
2 7
15 10
11 9
1 11
15 5
1 2
27 8
1 2
17 7
6 2
3 12
21 4
14 8
10 7
23 4
10 10
27 4
5 12
20 3
13 9
21 11
22 6
21 1
8 5
17 6
19 6
24 10
12 9
16 3
18 10
83
11 2
12 9
2 9
23 2
27 7
31 3
19 6
5 4
14 12
22 12
30 9
30 6
28 4
18 9
25 9
9 8
15 10
19 11
25 10
4 5
29 1
17 10
26 11
19 4
24 4
4 8
18 6
4 3
26 9
23 10
20 3
2 3
17 6
25 7
10 1
16 8
8 1
27 5
1 3
28 10
7 8
5 5
7 10
30 6
5 1
20 8
14 6
9 6
30 6
15 2
1 4
22 3
14 3
4 8
14 11
19 8
25 5
9 9
8 5
3 2
30 11
14 5
4 1
26 11
23 3
16 9
4 8
12 2
3 8
15 5
31 8
29 3
12 1
5 10
4 7
15 1
12 3
2 3
16 10
10 11
4 5
2 2
9 6
17 4
1
17 4
17 4
1
18 4
0 0
