10101011110110011001001101000010100011011100101010101000010001001001000111010011100101110010101
10101110110001001000100101100010100001000101101010111001011100101001110100001010011101101100101
10101101110010111001100101001110111101011100101010101000011001101001000110011010011101011100101
10101101110010111001100100001010010011001000101010100001011001101011100111001010011101100110101
10101110110001001000100101100010010001011110101010100111011001101010000100111010000101100110101
10101110110001001000100101100010010001001100101010100100010000101110010111001010010001110010101
10101101110010111011101100100010011001001110101010100001010011101110010110110010010001001110101
10101110110001001000100101100010010001011110101010111001010001001000010100111011011001101100101
10101110110001001000100101100010100001011000101010111010011011001101100101000010100001110010101
10101110110001001000100101100010011011001001101010101110011011001000100101110011101001110100101
10101101110010111010111101001110001101000100101010111010011011001110010100111011001101000100101
10101101110010111001100101000010011001001000101010101110010001001000100110011010111001100110101
10101101110010111001100101001110111101010000101010110011010111001000100100100011100101110100101
10101101110010111011101101001110001101010011101010100100011100101110010100111011011001011100101
10101101110010111001100101000010110001010011101010111001010000101100110100001010100001101100101
10101101110010111011011100111010100011001000101010101000010010001000010110110010111001011100101
10101100010100111001100101001110110001001110101010100111010000101110010110011011100101000100101
10100011010111011011000101011110111011011011101010110011010100001011100110011011011001001110101
10100011010100011011101101000110001101000110101010110011010001001110100101000010100001110010101
10100011010111011010001100011010100011000110101010100111010111001011100101110011011001001000101
10100011010111011010001100011010100011000110101010111001011001101011100100001011100101000010101
10101100010100111001100101001110111101011001101010100001011001101100110100001011100101110100101
10100011010110011001101101111010100011011100101010101000010001001001000111010011100101110010101
10100010110100111011001100100110111101001110101010110011011011001000010101110010011101000100101
10101110110001001010000100110010000101001100101010101110010010001011100110011011100101110010101
10100011010001101011001100110110111101001110101010100111010100001000100100100011101001000010101
10100110010010011011110101000110110001010111101010100010010010001110100111001011001101101100101
10100011010011001001001101111010100011011000101010101000010001001001000111010011100101001110101
10100100110111101001110101100010000101001000101010100100011101001110010110011011011001001000101
10100100110001101011110101000110110111000101101010100001010111001000010100100011011001101100101
10100010110100111001100100100110100001001110101010100111010100001000100100100011101001011100101
10101110110001001010011100010110000101010001101010111001011101001101100100001011100101000010101
10100011010001011010001100010110010011001001101010100111010100001000100100100010010001001000101
10100100110111101001110101100010000101001000101010100100011101001110010110011011011001001000101
10101111010100011011100100001010111011000100101010111010011100101100110110110010000101011100101
10101000110110001000010100100010001001000101101010111001011001101101100100001010111001110010101
10101100010000101011101101101110010111010011101010110011011011001000010101110010011101010000101
10101011110010001000100100010110001101011001101010110110010000101011100100111010100001101100101
10101110110001001001011101001110011001001001101010100001010111001001110101000010001001001000101
10101101110010111000110101100110010011010000101010101110010011101010000100010010010001011100101
10100010110100111001100100110110100001010001101010100111010100001000100100100011101001110010101
10100011010110011001101101111010011101011000101010101000010001001001000111010011100101010000101
10100110010011001011001100110010110011011001101010110011011001101100110110011011001101010000101
10100010110010111001011100010110010111000101101010111010011101001110100111010011101001011100101
10100110010001101001100100011010011001000110101010110011011100101100110111001011001101101100101
10100011010001101000110100011010001101000110101010111001011100101110010111001011100101110010101
10100100110001101010011101001110100111000110101010111001011100101000010100010010001001011100101
10101101110010111001100101100110110111000010101010110110010111001100110110011011101001001110101
10101110110010001011001101000110110011011000101010100111010010001000100111001011001101100110101
10101101110010111001001101001110100011011001101010111010011011001000010100111010100001110010101
10101101110010111010111101001110110001011001101010110011011001101011100111001011011001011100101
10101101110010111001100101001110001011000100101010111001011001101110010100111010001001001110101
10101101110010111001100101001110001011000100101010111001011001101110010101110010001001010000101
10101101110010111011011100110110011001011100101010110011010011101101100100100011001101100110101
10101101110010111011011101000010011001011100101010110011010011101101100100100011001101110010101
10101101110010111011011100111010011001011100101010110011010011101101100100100011001101110100101
10101101110010111011011101110010011001011100101010110011010011101101100100100011001101001000101
10101101110010111011011100001010011001011100101010110011010011101101100100100011001101000100101
10101101110010111011011100100010011001011100101010110011010011101101100100100011001101010000101
10101101110010111011011100010010011001011100101010110011010011101101100100100011001101001110101
10101101110010111011011100101110011001011100101010110011010011101101100100100011001101011100101
10101101110010111011011101001110011001011100101010110011010011101101100100100011001101000010101
10101101110010111011011101100110011001011100101010110011010011101101100100100011001101101100101
10101101110010111010111100110110001011001101101010100001011100101001000111001010001001000100101
10101011110110011001001101000010100011011100101010101000010001001001000111010011100101100110101
10101110110001001000100101100010100001000101101010111001011100101001110100001010011101000010101
10101101110010111001100101001110111101011100101010101000011001101001000110011010011101101100101
10101101110010111001100100001010010011001000101010100001011001101011100111001010011101000100101
10101110110001001000100101100010010001011110101010100111011001101010000100111010000101010000101
10101110110001001000100101100010010001001100101010100100010000101110010111001010010001001110101
10101101110010111011101100100010011001001110101010100001010011101110010110110010010001011100101
10101110110001001000100101100010010001011110101010111001010001001000010100111011011001000010101
10101110110001001000100101100010100001011000101010111010011011001101100101000010100001101100101
10101110110001001000100101100010011011001001101010101110011011001000100101110011101001100110101
10101101110010111010111101001110001101000100101010111010011011001110010100111011001101110010101
10101101110010111001100101000010011001001000101010101110010001001000100110011010111001110100101
10101101110010111001100101001110111101010000101010110011010111001000100100100011100101001000101
10101101110010111011101101001110001101010011101010100100011100101110010100111011011001000100101
10101101110010111001100101000010110001010011101010111001010000101100110100001010100001010000101
10101101110010111011011100111010100011001000101010101000010010001000010110110010111001001110101
10101100010100111001100101001110110001001110101010100111010000101110010110011011100101011100101
10100011010111011011000101011110111011011011101010110011010100001011100110011011011001000010101
10100011010100011011101101000110001101000110101010110011010001001110100101000010100001101100101
10100011010111011010001100011010100011000110101010100111010111001011100101110011011001100110101
10100011010111011010001100011010100011000110101010111001011001101011100100001011100101110010101
10101100010100111001100101001110111101011001101010100001011001101100110100001011100101100110101
10100011010110011001101101111010100011011100101010101000010001001001000111010011100101101100101
10100010110100111011001100100110111101001110101010110011011011001000010101110010011101000010101
10101110110001001010000100110010000101001100101010101110010010001011100110011011100101011100101
10100011010001101011001100110110111101001110101010100111010100001000100100100011101001001110101
10100110010010011011110101000110110001010111101010100010010010001110100111001011001101010000101
10100011010011001001001101111010100011011000101010101000010001001001000111010011100101000100101
10100100110111101001110101100010000101001000101010100100011101001110010110011011011001110100101
10100100110001101011110101000110110111000101101010100001010111001000010100100011011001001000101
10100010110100111001100100100110100001001110101010100111010100001000100100100011101001110100101
10101110110001001010011100010110000101010001101010111001011101001101100100001011100101110010101
10100011010001011010001100010110010011001001101010100111010100001000100100100010010001100110101
10100100110111101001110101100010000101001000101010100100011101001110010110011011011001101100101
10101111010100011011100100001010111011000100101010111010011100101100110110110010000101000010101
10101000110110001000010100100010001001000101101010111001011001101101100100001010111001011100101
10101100010000101011101101101110010111010011101010110011011011001000010101110010011101001110101
10101011110010001000100100010110001101011001101010110110010000101011100100111010100001010000101
10101110110001001001011101001110011001001001101010100001010111001001110101000010001001000100101
10101101110010111000110101100110010011010000101010101110010011101010000100010010010001001000101
10100010110100111001100100110110100001010001101010100111010100001000100100100011101001110100101
10100011010110011001101101111010011101011000101010101000010001001001000111010011100101001000101
10100110010011001011001100110010110011011001101010110011011001101100110110011011001101000100101
10100010110010111001011100010110010111000101101010111010011101001110100111010011101001010000101
10100110010001101001100100011010011001000110101010110011011100101100110111001011001101001110101
10100011010001101000110100011010001101000110101010111001011100101110010111001011100101011100101
10100100110001101010011101001110100111000110101010111001011100101000010100010010001001000010101
10101101110010111001100101100110110111000010101010110110010111001100110110011011101001101100101
10101110110010001011001101000110110011011000101010100111010010001000100111001011001101110010101
10101101110010111001001101001110100011011001101010111010011011001000010100111010100001100110101
10101101110010111010111101001110110001011001101010110011011001101011100111001011011001101100101
10101101110010111001100101001110001011000100101010111001011001101110010100111010001001000010101
10101101110010111001100101001110001011000100101010111001011001101110010101110010001001011100101
10101101110010111011011100110110011001011100101010110011010011101101100100100011001101001110101
10101101110010111011011101000010011001011100101010110011010011101101100100100011001101010000101
10101101110010111011011100111010011001011100101010110011010011101101100100100011001101000100101
10101101110010111011011101110010011001011100101010110011010011101101100100100011001101110100101
10101101110010111011011100001010011001011100101010110011010011101101100100100011001101001000101
10101101110010111011011100100010011001011100101010110011010011101101100100100011001101110010101
10101101110010111011011100010010011001011100101010110011010011101101100100100011001101110100101
10101101110010111011011100101110011001011100101010110011010011101101100100100011001101001000101
10101101110010111011011101001110011001011100101010110011010011101101100100100011001101000100101
10101101110010111011011101100110011001011100101010110011010011101101100100100011001101010000101
10101101110010111010111100110110001011001101101010100001011100101001000111001010001001001110101
