4 3 3 3 15 35
5 2 3 15 5 124
8 3 28 2170 7787 975 6089 3008 2300 9908 4994 390 4930 7591 2724 7832 2850 2557 6169 6273 251 6843 6348 4198 2600 1771 6391 7621 6995 9369 6171
4 5 37 8859 8247 9444 9180 8811 9122 782 5126 9658 369 6408 3796 160 321 6141 8134 9742 9743 9307 5789 6106 7372 7475 5033 2821 4893 9613 2550 7152 7603 6258 3272 2479 6762 6730 8544 1876
4 1 12 3866 6017 1495 6510 8731 1326 9456 7284 2802 3287 575 2263
8 3 16 9287 4852 2750 3246 6457 9428 492 9586 7467 1642 8451 7045 6177 333 1804 3495
9 7 24 6656 1301 2193 973 7125 5239 8334 8494 1797 6663 6673 9664 8584 4708 7025 2830 3146 8602 260 44 7554 6555 9747 6712
9 9 28 198 3266 2164 1987 9920 3292 8544 9181 8629 6 5780 5638 1230 9586 5575 8841 4434 8852 2661 4272 8414 7559 9624 7748 4796 4413 2081 9901
4 7 44 8545 6278 6123 1048 8151 5380 7415 4201 6538 1283 4800 7781 1561 2102 2172 4096 4781 2232 4112 8078 2150 2496 427 7291 4165 2434 5073 8597 5916 24 8275 1754 5305 2728 3356 2742 4805 8559 1910 627 204 8831 4235 6412
9 3 2 7059 8426
6 3 29 6525 813 5494 897 9877 8975 8612 3229 9294 3796 2051 8613 9199 2981 8592 6259 5403 4794 8483 9236 7639 5501 7285 3068 9831 8597 4187 2602 5278
9 8 68 7166 6465 1576 7927 3411 1840 1198 85 6614 5790 6271 2898 1709 5618 2517 2544 7405 1368 5363 5344 1504 6081 7094 6865 6668 4003 4465 5185 4340 1328 287 5755 7110 1090 9734 3287 7867 762 2880 5079 2384 270 2340 5975 9767 2342 4837 9930 6656 5274 4693 5878 617 7777 2611 1133 3805 6792 7004 5652 2301 3780 1946 4819 688 7044 5281 8637
1 3 44 2454 3871 4680 9592 8801 9803 1874 6893 8636 6608 7163 7249 4013 9060 558 583 7795 8075 8858 4390 3898 4437 6304 9145 6446 7828 6714 7518 122 8256 4059 5181 4854 7183 7527 8120 7898 7796 2693 3593 2918 3179 4860 2118
6 3 57 3357 6749 399 9560 6045 5476 1431 1105 7704 3139 189 1252 2715 5123 8616 2830 3242 8268 7456 346 7691 5099 5170 1179 7578 5940 9192 419 6847 6951 2417 2525 2281 4210 9907 8097 2321 9180 7655 3641 4066 5727 6724 5870 2680 571 1602 6879 2803 2626 7642 1991 9824 9796 3346 9110 5885
1 5 3 7312 6506 3682
5 5 33 6013 4887 9523 3296 6958 9980 5371 3618 9503 3049 6622 1365 248 7392 5402 415 5077 8605 715 9129 9898 8154 406 870 1614 2641 5399 2600 7094 2501 3235 5177 6031
7 6 28 3583 7829 9449 1838 1051 1719 4378 6605 6538 729 2183 8865 887 3243 4145 8581 6034 8444 1364 462 6918 2314 7471 930 8415 121 1722 5980
7 5 84 2009 82 3114 7237 8779 9341 7530 1843 6009 8340 8433 8298 2758 7680 6487 4167 5780 9841 2574 7749 5393 1682 8922 664 4912 4259 1364 5693 2316 6990 1217 8039 1715 9286 3964 8282 2316 6921 6507 1505 4062 102 7756 8587 8188 3242 2995 9927 2612 8273 8943 3423 5459 3948 5246 8875 7368 2583 5644 1026 6248 6452 9792 7975 5627 6451 3347 5511 9781 7163 4458 9365 3355 6522 1314 501 9061 2522 3780 770 2118 2243 3666 5944
4 8 17 832 6938 8674 4477 6533 5552 1062 5362 4480 8651 8088 3349 6243 6838 3072 859 6955
4 5 40 5152 2951 4027 1824 4485 3147 8360 8169 6320 2168 9492 5992 1519 9059 5257 5977 646 7812 3585 4859 2295 2758 8836 4437 9810 6020 6901 6399 816 1039 1908 6859 7200 6012 849 1283 9079 350 9040 5863
3 7 20 2761 9359 590 1250 9414 1040 8730 3090 3647 7433 1144 4018 4210 3580 9923 1302 3926 9668 1206 2356
4 5 60 1858 4757 3949 5092 6083 1330 1089 1047 5564 488 4670 7412 6238 8563 9068 183 1507 4630 291 8411 9133 3284 6588 4086 2793 6217 6462 5483 8506 8156 334 6096 3342 5243 892 7988 5283 4410 6880 7627 717 5805 8601 6263 4104 5629 7123 6669 6329 7149 6799 7037 2968 9094 6333 3486 7351 5562 1770 6269
3 6 29 3979 6073 4559 2461 2911 1857 482 7119 1762 6873 2032 711 9469 1847 5541 3977 1003 9092 1201 6835 9856 1308 4665 9500 6582 6728 8094 4159 4615
3 8 4 9829 1747 7468 1149
4 3 8 8247 7120 4519 234 8599 9731 6000 1895
1 8 83 7209 3332 8275 9515 9037 2682 2983 5812 3595 6149 5202 7459 445 6939 3242 9080 2850 2814 4820 6285 6821 2030 4025 6377 5112 1995 484 4233 4282 201 291 5070 4285 8076 8141 6288 9503 9123 3958 4960 558 4482 4608 5574 9592 5869 1521 873 2645 882 5030 1534 2638 605 8115 5702 3912 1503 9390 9787 3092 7158 7654 3920 363 1938 6027 4121 8086 3372 2856 2299 2039 731 5284 6424 8902 8929 1277 4898 4189 1685 2090
2 5 72 1434 7533 3329 4967 1669 4287 4109 3854 1376 3474 9753 2294 4238 7284 8818 1448 6775 7323 1454 2547 5482 1724 2563 3343 199 2091 7659 4752 5734 174 9294 2825 3033 1131 9432 6408 6031 4947 1606 2220 4270 3342 8394 5902 4663 4417 6100 5179 8718 6554 5491 4176 7489 5868 2527 8997 3910 4387 1653 4232 5101 4964 4113 28 3097 4879 5589 6238 6728 8580 4453 3681
8 5 94 8520 6605 3886 5945 6302 424 9986 4368 3934 4465 1527 6503 6255 3003 6122 9705 3194 503 4081 7097 652 9748 1280 241 2478 8785 1588 5411 7494 8611 3215 3553 9909 7676 7433 8305 1060 9917 1175 8643 2534 2938 3179 8537 1871 8316 7745 1204 9044 8696 8540 6336 4906 5111 5495 2166 7997 2995 5154 275 3896 1424 5891 2537 5590 8120 9754 8109 5059 1847 2296 3373 2050 9717 3108 6652 1661 2158 4670 1149 2335 5106 5164 6078 585 1992 3990 6115 1915 2531 3277 7093 3340 6919
9 8 1 2442
4 2 34 9349 5502 1471 478 8138 3253 4084 3884 8336 532 5398 9855 7443 6539 3459 6359 2969 886 2759 4369 4572 2323 3102 1063 3908 5651 4375 2058 1280 5933 9444 348 2961 7158
3 5 28 5284 3410 5189 2314 3492 3674 3766 6279 5185 1706 7305 5355 1825 3247 1779 4624 247 8551 8813 5475 2879 1501 5893 3769 8453 2937 6349 6808
4 2 38 5396 761 9012 5690 1246 2204 4881 4453 191 2194 3206 9748 6992 3970 178 9711 7932 5766 4081 8741 5669 5689 5940 6546 7490 2996 3353 378 5009 1839 6687 2878 4286 5292 1361 5544 8318 3242
9 8 37 7481 2215 9931 5818 6105 3676 7759 6764 3524 3404 9702 6218 5915 8610 1351 6292 3381 7060 3335 3270 8306 9984 5607 425 2262 8046 5389 7541 6099 1300 7688 9293 8691 9015 4087 787 8599
8 1 27 1290 5295 4145 2947 6226 4434 1112 3068 4648 1569 460 2772 5459 5799 2249 1773 8464 9800 2534 1764 166 8458 7597 6586 4874 5797 8146
1 1 85 49 328 800 773 806 345 748 291 767 234 836 828 429 259 119 855 64 408 590 109 953 876 2 215 931 738 712 988 135 31 237 160 328 673 488 465 493 547 466 482 727 293 946 598 963 697 600 65 78 904 687 546 862 181 247 629 230 291 245 66 421 406 57 366 636 166 633 549 977 758 914 82 94 827 390 106 940 429 172 932 816 666 708 512 237
6 9 70 765 644 831 855 518 791 91 282 425 714 895 367 563 989 714 662 541 233 187 565 681 415 210 460 346 887 316 367 867 667 952 206 629 579 788 226 23 336 142 967 947 156 93 238 449 910 908 623 694 550 230 495 277 248 660 721 523 306 732 891 239 215 937 799 597 722 598 411 360 550
7 8 57 773 260 155 769 129 355 760 703 540 767 699 978 630 171 337 554 22 972 261 771 220 98 104 418 305 589 389 198 663 929 826 514 25 33 773 746 739 981 817 394 241 662 45 159 156 459 681 636 855 87 76 165 987 288 646 797 689
7 5 71 998 171 185 569 238 658 794 144 666 109 768 965 696 329 824 186 464 538 518 641 857 730 226 160 629 828 495 850 883 628 965 747 756 8 650 95 388 686 37 834 412 790 747 356 447 36 252 120 249 772 896 164 913 198 931 780 473 336 481 937 453 655 34 519 715 427 219 175 406 520 600
2 8 58 864 592 182 136 242 755 501 228 244 901 230 465 778 26 729 353 122 165 675 140 228 356 57 665 912 276 156 523 782 746 265 630 539 684 481 663 714 647 230 259 264 672 67 701 49 755 64 754 893 352 988 245 473 24 80 484 125 251
4 4 64 866 802 218 694 619 401 612 258 44 776 837 563 919 190 836 770 879 705 260 883 545 33 61 872 185 44 42 365 402 565 268 173 972 667 482 645 912 577 976 97 85 618 100 163 20 419 379 245 732 965 256 803 309 264 390 407 180 367 82 131 260 794 86 317
4 2 6 395 692 594 202 314 462
8 2 74 444 524 618 361 782 785 754 998 372 537 366 555 412 911 575 584 818 72 836 70 80 598 632 776 213 48 804 111 107 776 359 450 473 428 820 165 188 983 785 627 651 200 760 42 500 487 930 883 673 57 505 911 198 963 842 549 275 128 420 281 21 182 509 617 86 512 878 903 717 904 931 978 504 527
6 2 21 738 111 412 157 587 154 763 705 273 647 112 553 52 320 441 695 454 256 892 204 665
1 2 93 824 879 412 604 389 671 180 859 695 307 448 929 582 453 386 534 776 120 257 976 12 190 948 835 950 894 978 556 529 951 1 269 293 935 997 924 133 548 732 201 394 259 15 350 477 3 625 818 678 194 3 833 549 654 514 819 482 449 950 47 143 151 290 634 112 620 77 344 261 298 592 636 561 533 97 247 644 274 176 702 450 634 164 961 301 666 118 756 923 597 728 596 690
8 6 47 807 157 630 76 601 295 119 218 758 868 523 24 128 492 638 668 243 526 279 91 150 75 753 365 240 103 18 511 710 866 724 6 175 75 603 723 437 338 704 542 758 652 419 509 831 717 813
2 2 65 898 102 375 557 727 511 350 277 511 981 689 647 896 56 599 23 171 570 812 513 990 556 146 32 302 836 303 699 968 88 889 359 729 455 985 954 712 295 116 812 247 303 773 633 35 386 861 42 946 795 543 738 176 686 488 977 311 28 534 521 662 410 968 523 457
6 4 11 869 569 299 500 530 93 521 432 922 997 493
4 4 53 251 712 851 930 41 33 101 518 509 182 977 245 498 179 888 688 202 753 998 507 923 313 865 294 145 825 592 314 245 263 702 582 795 558 229 921 967 980 570 632 902 337 404 347 34 985 715 596 767 233 407 173 918
2 3 33 239 632 337 702 167 156 161 516 34 736 311 390 685 182 402 159 832 16 752 302 293 727 904 505 190 160 451 944 291 41 242 88 993
4 7 15 364 89 542 401 856 904 173 233 625 758 126 913 11 80 972
1 9 70 584 669 49 717 371 4 298 377 325 372 323 972 871 688 615 969 301 832 82 509 897 910 60 223 340 732 544 351 36 808 536 236 816 896 433 173 273 778 993 207 399 65 495 481 785 612 287 794 924 708 787 26 785 761 914 434 110 835 296 490 964 32 871 739 601 869 290 98 502 882
1 4 18 402 513 184 614 151 650 81 916 715 799 640 905 373 855 117 123 309 419
1 8 80 553 857 184 941 387 172 34 40 424 434 131 750 988 313 817 16 364 303 886 188 9 451 916 548 178 708 166 771 361 443 652 925 272 448 874 517 281 420 696 43 405 551 798 457 378 63 178 344 761 745 270 450 30 89 417 521 188 87 187 933 135 280 622 369 354 829 755 651 680 768 689 721 125 316 620 497 541 859 510 452
7 6 52 121 550 164 944 450 544 303 168 160 653 554 468 923 374 119 40 244 627 589 781 632 6 740 912 895 512 720 910 90 101 680 776 780 380 977 816 295 809 49 235 797 81 913 917 278 14 824 303 132 74 259 953
4 7 95 765 57 185 610 38 972 607 295 242 539 403 939 22 993 836 592 598 66 29 563 508 575 10 146 970 525 869 189 886 780 955 99 545 161 336 128 398 83 258 134 898 587 948 770 142 586 615 12 897 723 831 317 733 680 373 906 490 476 709 244 700 159 691 657 122 622 719 918 89 163 112 444 236 649 5 603 16 927 548 277 914 312 791 306 810 857 962 217 93 682 767 495 8 148 967
9 7 89 60 6 57 197 48 686 309 547 595 723 397 901 343 993 850 568 191 882 388 604 60 935 785 167 300 566 223 710 47 148 57 475 837 817 321 272 49 605 669 505 40 161 985 255 985 787 408 995 617 734 652 869 999 387 766 770 213 367 866 228 500 96 24 687 406 163 403 989 926 366 400 885 29 271 415 348 433 95 840 636 994 922 122 333 393 191 696 324 462
8 4 82 253 421 459 673 877 315 965 93 331 905 935 939 603 541 770 204 7 314 243 823 672 687 444 351 806 195 929 945 999 593 840 253 704 66 706 285 86 751 570 93 574 524 271 832 407 708 785 380 251 893 846 999 947 209 836 485 480 979 34 308 387 4 527 350 583 253 811 773 158 731 762 701 365 807 550 131 358 370 663 710 91 847
5 9 3 391 975 180
8 6 62 147 102 584 329 704 161 898 841 950 167 805 687 353 920 628 722 268 660 625 948 267 428 11 337 865 354 746 94 986 356 184 350 52 530 550 602 639 791 125 422 282 242 38 496 5 394 955 466 768 897 504 798 473 28 731 168 930 432 314 670 683 311
4 6 5 794 102 451 138 63
6 8 6 906 852 133 583 118 587
7 9 79 823 917 196 3 455 234 944 623 392 220 70 976 661 162 300 366 886 866 451 736 58 411 617 473 147 158 127 881 369 423 574 550 733 30 386 750 620 534 312 58 585 35 621 127 174 521 682 856 686 210 487 714 266 830 572 757 817 577 907 334 217 260 502 166 668 144 542 5 544 775 455 888 109 945 610 304 2 994 865
5 7 79 707 634 853 153 479 167 893 400 874 85 72 618 360 535 109 392 200 108 798 941 894 511 647 710 14 68 153 547 86 926 345 550 692 517 160 962 190 257 271 39 305 238 925 332 471 419 216 595 890 791 584 434 13 315 824 586 919 659 721 399 661 262 569 719 804 455 967 773 734 942 650 193 329 647 62 822 185 690 844
2 6 87 249 12 471 233 753 686 167 896 314 201 546 753 772 728 765 948 791 489 646 567 850 259 757 434 660 657 397 351 233 852 510 989 740 421 428 667 42 885 287 299 938 392 759 436 238 351 86 250 704 953 298 830 984 510 260 810 172 285 960 702 574 142 479 931 577 863 159 246 226 867 741 780 106 222 310 70 83 439 216 502 288 869 783 699 552 547 556
8 1 38 370 82 649 806 887 200 636 241 485 791 26 555 845 275 215 205 311 533 211 236 465 778 298 474 790 842 350 618 645 799 239 928 64 44 765 617 459 845
5 6 77 824 350 371 135 36 429 822 803 474 833 273 321 589 307 901 456 261 236 955 369 744 838 646 522 830 225 698 286 701 869 124 697 11 87 198 886 783 585 954 554 78 465 253 536 889 464 124 650 975 506 257 848 244 892 18 739 840 613 299 311 451 168 551 794 432 832 571 749 625 441 673 407 799 270 43 344 959
1 9 25 60 7 6 75 49 3 46 49 44 8 72 7 96 67 53 64 3 38 51 57 48 38 70 34 41
7 1 26 26 79 28 72 27 9 50 22 30 27 39 20 40 89 55 74 90 10 92 56 46 67 54 76 41 33
4 3 1 91
4 2 42 19 10 92 64 91 66 53 22 99 39 88 62 66 41 76 23 96 38 13 36 19 92 6 56 83 95 13 40 19 93 4 34 30 26 22 74 31 25 33 57 33 47
5 9 9 37 60 6 23 53 33 26 69 22
9 1 86 92 2 28 84 38 94 98 46 45 57 3 7 40 75 74 32 48 81 64 16 46 45 98 84 17 15 57 31 62 56 57 18 79 28 35 78 67 25 93 80 74 61 27 57 88 19 86 32 11 60 9 83 94 3 30 47 17 38 6 55 32 15 48 37 10 2 19 76 96 13 16 34 97 54 85 10 82 84 60 96 83 34 22 35 6 70
5 9 55 67 24 63 80 13 36 66 56 2 45 73 39 13 58 8 90 68 55 72 76 36 91 5 25 30 63 81 58 58 55 91 96 12 63 67 7 20 62 43 14 80 16 5 34 80 46 21 20 97 54 89 42 33 94 97
2 4 91 14 10 1 10 79 53 89 3 37 89 68 64 58 73 1 11 42 5 15 54 29 43 31 96 53 61 76 84 26 63 53 6 46 1 17 80 36 11 33 48 40 3 32 60 53 57 46 57 93 20 68 96 40 75 61 92 94 95 46 67 39 15 41 62 87 28 82 56 80 73 39 49 41 38 58 79 23 1 93 9 79 1 24 95 31 52 76 80 11 93 42
8 7 51 25 34 49 82 41 64 63 59 33 85 64 26 30 43 55 19 17 28 6 38 33 41 67 71 39 6 93 33 9 99 73 97 99 64 8 79 15 98 82 22 73 51 21 41 85 7 71 98 80 18 25
6 9 21 28 27 39 39 78 32 69 12 84 2 28 73 83 39 49 64 33 13 95 40 92
2 6 54 49 90 62 37 72 57 89 18 16 20 39 36 2 89 32 59 6 31 99 20 74 54 65 78 20 77 64 99 96 70 83 36 89 29 57 45 8 51 28 12 85 62 89 46 71 88 14 27 17 76 93 60 20 27
8 8 17 85 92 13 91 74 33 79 94 22 9 65 39 25 82 41 66 61
3 4 54 35 47 23 37 52 29 42 7 73 24 71 75 87 57 30 62 2 26 42 5 18 32 66 28 87 31 46 84 86 14 15 73 48 76 4 83 24 49 77 13 12 13 95 82 31 72 20 58 1 58 8 96 97 67
5 2 19 65 1 79 31 86 3 22 7 67 86 62 35 95 89 79 9 23 34 75
3 3 2 8 14
6 1 98 68 3 66 97 24 40 6 38 52 29 48 84 25 85 83 90 49 92 17 43 11 36 35 11 8 98 77 77 61 48 10 31 79 44 36 26 58 58 81 16 87 44 14 80 97 87 29 26 96 43 74 84 46 78 83 58 71 34 39 11 43 41 28 70 28 60 90 40 32 54 22 59 82 70 30 16 74 11 11 40 41 21 13 30 90 3 77 84 81 28 82 22 35 36 7 44 4 68
8 6 60 37 45 44 70 92 88 39 92 36 18 10 46 94 7 74 11 20 52 61 65 50 6 58 71 39 18 42 2 77 58 10 42 94 99 86 67 6 73 32 53 61 73 37 54 22 30 71 92 22 32 25 82 65 3 20 43 11 52 75 5
8 1 29 35 85 67 82 27 83 37 96 46 75 84 91 84 79 97 26 20 36 85 95 67 11 47 41 77 19 4 26 10
9 3 3 82 82 49
8 6 17 16 55 23 2 90 76 26 90 69 58 44 11 57 50 15 33 54
9 9 40 3 59 21 64 93 67 42 93 7 79 84 36 85 77 22 65 22 37 54 64 17 75 13 92 71 36 96 29 66 81 40 79 17 27 6 77 55 78 49 58
4 8 3 19 67 5
8 7 48 63 53 27 66 14 85 44 22 33 13 26 93 29 57 71 94 42 13 52 49 97 98 99 51 71 61 83 54 97 86 59 53 57 45 81 97 89 10 82 41 82 77 17 67 14 75 1 70
8 5 77 57 58 46 58 14 53 14 46 7 93 80 21 86 84 27 57 10 8 71 20 30 53 46 86 83 72 25 71 14 89 71 62 94 33 35 88 80 63 43 85 66 75 28 53 43 90 37 74 75 97 30 44 9 64 68 6 29 21 44 28 38 29 73 53 30 66 49 31 55 95 34 67 25 65 47 75 35
8 1 16 20 98 5 5 86 51 84 43 6 91 49 13 75 5 43 88
4 8 88 47 12 75 5 66 29 14 60 2 62 75 11 1 8 64 59 21 72 92 47 4 44 18 97 73 74 37 36 17 66 13 51 18 86 92 52 62 27 14 44 76 5 61 13 78 69 34 35 16 13 87 93 6 10 94 57 13 89 24 27 73 36 80 67 43 73 37 71 19 56 20 39 60 95 23 91 3 13 16 67 65 50 68 35 1 2 86 68
7 2 49 49 14 72 33 26 63 97 45 43 50 72 97 95 55 19 62 78 45 76 17 91 58 21 90 98 1 32 26 4 39 54 52 2 99 67 15 51 94 41 27 43 60 25 65 64 89 2 85 56
6 9 18 74 98 73 39 90 51 21 49 28 80 83 83 82 46 42 84 72 96
3 5 3 68 70 61
5 4 5 85 94 72 17 86
1 9 24 22 96 50 52 1 52 30 6 42 25 29 83 80 48 49 4 63 68 21 19 20 3 16 28
9 3 42 22 11 63 24 32 93 33 66 41 12 82 77 2 71 65 39 66 77 83 49 51 76 55 84 38 63 48 42 23 76 36 50 11 93 39 20 13 21 4 22 93 36
3 1 13 43 73 2 23 22 92 36 17 57 59 8 80 11
0