5 5000000
3 123456
9 23456867153
9 99999999911199
7 777
1 0
2 01
3 012
4 0123
5 01234
6 012345
7 0123456
8 01234567
9 012345678
0 0123456789
1 01234567890
2 012345678901
3 0123456789012
4 01234567890123
5 012345678901234
6 0123456789012345
7 01234567890123456
8 012345678901234567
9 0123456789012345678
0 01234567890123456789
1 012345678901234567890
2 0123456789012345678901
3 01234567890123456789012
4 012345678901234567890123
5 0123456789012345678901234
6 01234567890123456789012345
7 012345678901234567890123456
8 0123456789012345678901234567
9 01234567890123456789012345678
0 012345678901234567890123456789
1 0123456789012345678901234567890
2 01234567890123456789012345678901
3 012345678901234567890123456789012
4 0123456789012345678901234567890123
5 01234567890123456789012345678901234
6 012345678901234567890123456789012345
7 0123456789012345678901234567890123456
8 01234567890123456789012345678901234567
9 012345678901234567890123456789012345678
0 0123456789012345678901234567890123456789
1 01234567890123456789012345678901234567890
2 012345678901234567890123456789012345678901
3 0123456789012345678901234567890123456789012
4 01234567890123456789012345678901234567890123
5 012345678901234567890123456789012345678901234
6 0123456789012345678901234567890123456789012345
7 01234567890123456789012345678901234567890123456
8 012345678901234567890123456789012345678901234567
9 0123456789012345678901234567890123456789012345678
0 01234567890123456789012345678901234567890123456789
1 012345678901234567890123456789012345678901234567890
2 0123456789012345678901234567890123456789012345678901
3 01234567890123456789012345678901234567890123456789012
4 012345678901234567890123456789012345678901234567890123
5 0123456789012345678901234567890123456789012345678901234
6 01234567890123456789012345678901234567890123456789012345
7 012345678901234567890123456789012345678901234567890123456
8 0123456789012345678901234567890123456789012345678901234567
9 01234567890123456789012345678901234567890123456789012345678
0 012345678901234567890123456789012345678901234567890123456789
1 0123456789012345678901234567890123456789012345678901234567890
2 01234567890123456789012345678901234567890123456789012345678901
3 012345678901234567890123456789012345678901234567890123456789012
4 0123456789012345678901234567890123456789012345678901234567890123
5 01234567890123456789012345678901234567890123456789012345678901234
6 012345678901234567890123456789012345678901234567890123456789012345
7 0123456789012345678901234567890123456789012345678901234567890123456
8 01234567890123456789012345678901234567890123456789012345678901234567
9 012345678901234567890123456789012345678901234567890123456789012345678
0 0123456789012345678901234567890123456789012345678901234567890123456789
1 01234567890123456789012345678901234567890123456789012345678901234567890
2 012345678901234567890123456789012345678901234567890123456789012345678901
3 0123456789012345678901234567890123456789012345678901234567890123456789012
4 01234567890123456789012345678901234567890123456789012345678901234567890123
5 012345678901234567890123456789012345678901234567890123456789012345678901234
6 0123456789012345678901234567890123456789012345678901234567890123456789012345
7 01234567890123456789012345678901234567890123456789012345678901234567890123456
8 012345678901234567890123456789012345678901234567890123456789012345678901234567
9 0123456789012345678901234567890123456789012345678901234567890123456789012345678
0 01234567890123456789012345678901234567890123456789012345678901234567890123456789
1 012345678901234567890123456789012345678901234567890123456789012345678901234567890
2 0123456789012345678901234567890123456789012345678901234567890123456789012345678901
3 01234567890123456789012345678901234567890123456789012345678901234567890123456789012
4 012345678901234567890123456789012345678901234567890123456789012345678901234567890123
5 0123456789012345678901234567890123456789012345678901234567890123456789012345678901234
6 01234567890123456789012345678901234567890123456789012345678901234567890123456789012345
7 012345678901234567890123456789012345678901234567890123456789012345678901234567890123456
8 0123456789012345678901234567890123456789012345678901234567890123456789012345678901234567
9 01234567890123456789012345678901234567890123456789012345678901234567890123456789012345678
0 012345678901234567890123456789012345678901234567890123456789012345678901234567890123456789
1 0123456789012345678901234567890123456789012345678901234567890123456789012345678901234567890
2 01234567890123456789012345678901234567890123456789012345678901234567890123456789012345678901
3 012345678901234567890123456789012345678901234567890123456789012345678901234567890123456789012
4 0123456789012345678901234567890123456789012345678901234567890123456789012345678901234567890123
5 01234567890123456789012345678901234567890123456789012345678901234567890123456789012345678901234
6 012345678901234567890123456789012345678901234567890123456789012345678901234567890123456789012345
7 0123456789012345678901234567890123456789012345678901234567890123456789012345678901234567890123456
8 01234567890123456789012345678901234567890123456789012345678901234567890123456789012345678901234567
9 012345678901234567890123456789012345678901234567890123456789012345678901234567890123456789012345678
1 00
2 00
3 0011
4 0011
5 001122
6 001122
7 00112233
8 00112233
9 0011223344
0 0011223344
1 001122334455
2 001122334455
3 00112233445566
4 00112233445566
5 0011223344556677
6 0011223344556677
7 001122334455667788
8 001122334455667788
9 00112233445566778899
0 00112233445566778899
1 0011223344556677889900
2 0011223344556677889900
3 001122334455667788990011
4 001122334455667788990011
5 00112233445566778899001122
6 00112233445566778899001122
7 0011223344556677889900112233
8 0011223344556677889900112233
9 001122334455667788990011223344
0 001122334455667788990011223344
1 00112233445566778899001122334455
2 00112233445566778899001122334455
3 0011223344556677889900112233445566
4 0011223344556677889900112233445566
5 001122334455667788990011223344556677
6 001122334455667788990011223344556677
7 00112233445566778899001122334455667788
8 00112233445566778899001122334455667788
9 0011223344556677889900112233445566778899
0 0011223344556677889900112233445566778899
1 001122334455667788990011223344556677889900
2 001122334455667788990011223344556677889900
3 00112233445566778899001122334455667788990011
4 00112233445566778899001122334455667788990011
5 0011223344556677889900112233445566778899001122
6 0011223344556677889900112233445566778899001122
7 001122334455667788990011223344556677889900112233
8 001122334455667788990011223344556677889900112233
9 00112233445566778899001122334455667788990011223344
0 00112233445566778899001122334455667788990011223344
1 0011223344556677889900112233445566778899001122334455
2 0011223344556677889900112233445566778899001122334455
3 001122334455667788990011223344556677889900112233445566
4 001122334455667788990011223344556677889900112233445566
5 00112233445566778899001122334455667788990011223344556677
6 00112233445566778899001122334455667788990011223344556677
7 0011223344556677889900112233445566778899001122334455667788
8 0011223344556677889900112233445566778899001122334455667788
9 001122334455667788990011223344556677889900112233445566778899
0 001122334455667788990011223344556677889900112233445566778899
1 00112233445566778899001122334455667788990011223344556677889900
2 00112233445566778899001122334455667788990011223344556677889900
3 0011223344556677889900112233445566778899001122334455667788990011
4 0011223344556677889900112233445566778899001122334455667788990011
5 001122334455667788990011223344556677889900112233445566778899001122
6 001122334455667788990011223344556677889900112233445566778899001122
7 00112233445566778899001122334455667788990011223344556677889900112233
8 00112233445566778899001122334455667788990011223344556677889900112233
9 0011223344556677889900112233445566778899001122334455667788990011223344
0 0011223344556677889900112233445566778899001122334455667788990011223344
1 001122334455667788990011223344556677889900112233445566778899001122334455
2 001122334455667788990011223344556677889900112233445566778899001122334455
3 00112233445566778899001122334455667788990011223344556677889900112233445566
4 00112233445566778899001122334455667788990011223344556677889900112233445566
5 0011223344556677889900112233445566778899001122334455667788990011223344556677
6 0011223344556677889900112233445566778899001122334455667788990011223344556677
7 001122334455667788990011223344556677889900112233445566778899001122334455667788
8 001122334455667788990011223344556677889900112233445566778899001122334455667788
9 00112233445566778899001122334455667788990011223344556677889900112233445566778899
0 00112233445566778899001122334455667788990011223344556677889900112233445566778899
1 0011223344556677889900112233445566778899001122334455667788990011223344556677889900
2 0011223344556677889900112233445566778899001122334455667788990011223344556677889900
3 001122334455667788990011223344556677889900112233445566778899001122334455667788990011
4 001122334455667788990011223344556677889900112233445566778899001122334455667788990011
5 00112233445566778899001122334455667788990011223344556677889900112233445566778899001122
6 00112233445566778899001122334455667788990011223344556677889900112233445566778899001122
7 0011223344556677889900112233445566778899001122334455667788990011223344556677889900112233
8 0011223344556677889900112233445566778899001122334455667788990011223344556677889900112233
9 001122334455667788990011223344556677889900112233445566778899001122334455667788990011223344
0 001122334455667788990011223344556677889900112233445566778899001122334455667788990011223344
1 00112233445566778899001122334455667788990011223344556677889900112233445566778899001122334455
2 00112233445566778899001122334455667788990011223344556677889900112233445566778899001122334455
3 0011223344556677889900112233445566778899001122334455667788990011223344556677889900112233445566
4 0011223344556677889900112233445566778899001122334455667788990011223344556677889900112233445566
5 001122334455667788990011223344556677889900112233445566778899001122334455667788990011223344556677
6 001122334455667788990011223344556677889900112233445566778899001122334455667788990011223344556677
7 00112233445566778899001122334455667788990011223344556677889900112233445566778899001122334455667788
8 00112233445566778899001122334455667788990011223344556677889900112233445566778899001122334455667788
9 0011223344556677889900112233445566778899001122334455667788990011223344556677889900112233445566778899
1 0000
2 0000
3 0000
4 0000
5 00001111
6 00001111
7 00001111
8 00001111
9 000011112222
0 000011112222
1 000011112222
2 000011112222
3 0000111122223333
4 0000111122223333
5 0000111122223333
6 0000111122223333
7 00001111222233334444
8 00001111222233334444
9 00001111222233334444
0 00001111222233334444
1 000011112222333344445555
2 000011112222333344445555
3 000011112222333344445555
4 000011112222333344445555
5 0000111122223333444455556666
6 0000111122223333444455556666
7 0000111122223333444455556666
8 0000111122223333444455556666
9 00001111222233334444555566667777
0 00001111222233334444555566667777
1 00001111222233334444555566667777
2 00001111222233334444555566667777
3 000011112222333344445555666677778888
4 000011112222333344445555666677778888
5 000011112222333344445555666677778888
6 000011112222333344445555666677778888
7 0000111122223333444455556666777788889999
8 0000111122223333444455556666777788889999
9 0000111122223333444455556666777788889999
0 0000111122223333444455556666777788889999
1 00001111222233334444555566667777888899990000
2 00001111222233334444555566667777888899990000
3 00001111222233334444555566667777888899990000
4 00001111222233334444555566667777888899990000
5 000011112222333344445555666677778888999900001111
6 000011112222333344445555666677778888999900001111
7 000011112222333344445555666677778888999900001111
8 000011112222333344445555666677778888999900001111
9 0000111122223333444455556666777788889999000011112222
0 0000111122223333444455556666777788889999000011112222
1 0000111122223333444455556666777788889999000011112222
2 0000111122223333444455556666777788889999000011112222
3 00001111222233334444555566667777888899990000111122223333
4 00001111222233334444555566667777888899990000111122223333
5 00001111222233334444555566667777888899990000111122223333
6 00001111222233334444555566667777888899990000111122223333
7 000011112222333344445555666677778888999900001111222233334444
8 000011112222333344445555666677778888999900001111222233334444
9 000011112222333344445555666677778888999900001111222233334444
0 000011112222333344445555666677778888999900001111222233334444
1 0000111122223333444455556666777788889999000011112222333344445555
2 0000111122223333444455556666777788889999000011112222333344445555
3 0000111122223333444455556666777788889999000011112222333344445555
4 0000111122223333444455556666777788889999000011112222333344445555
5 00001111222233334444555566667777888899990000111122223333444455556666
6 00001111222233334444555566667777888899990000111122223333444455556666
7 00001111222233334444555566667777888899990000111122223333444455556666
8 00001111222233334444555566667777888899990000111122223333444455556666
9 000011112222333344445555666677778888999900001111222233334444555566667777
0 000011112222333344445555666677778888999900001111222233334444555566667777
1 000011112222333344445555666677778888999900001111222233334444555566667777
2 000011112222333344445555666677778888999900001111222233334444555566667777
3 0000111122223333444455556666777788889999000011112222333344445555666677778888
4 0000111122223333444455556666777788889999000011112222333344445555666677778888
5 0000111122223333444455556666777788889999000011112222333344445555666677778888
6 0000111122223333444455556666777788889999000011112222333344445555666677778888
7 00001111222233334444555566667777888899990000111122223333444455556666777788889999
8 00001111222233334444555566667777888899990000111122223333444455556666777788889999
9 00001111222233334444555566667777888899990000111122223333444455556666777788889999
0 00001111222233334444555566667777888899990000111122223333444455556666777788889999
1 000011112222333344445555666677778888999900001111222233334444555566667777888899990000
2 000011112222333344445555666677778888999900001111222233334444555566667777888899990000
3 000011112222333344445555666677778888999900001111222233334444555566667777888899990000
4 000011112222333344445555666677778888999900001111222233334444555566667777888899990000
5 0000111122223333444455556666777788889999000011112222333344445555666677778888999900001111
6 0000111122223333444455556666777788889999000011112222333344445555666677778888999900001111
7 0000111122223333444455556666777788889999000011112222333344445555666677778888999900001111
8 0000111122223333444455556666777788889999000011112222333344445555666677778888999900001111
9 00001111222233334444555566667777888899990000111122223333444455556666777788889999000011112222
0 00001111222233334444555566667777888899990000111122223333444455556666777788889999000011112222
1 00001111222233334444555566667777888899990000111122223333444455556666777788889999000011112222
2 00001111222233334444555566667777888899990000111122223333444455556666777788889999000011112222
3 000011112222333344445555666677778888999900001111222233334444555566667777888899990000111122223333
4 000011112222333344445555666677778888999900001111222233334444555566667777888899990000111122223333
5 000011112222333344445555666677778888999900001111222233334444555566667777888899990000111122223333
6 000011112222333344445555666677778888999900001111222233334444555566667777888899990000111122223333
7 0000111122223333444455556666777788889999000011112222333344445555666677778888999900001111222233334444
8 0000111122223333444455556666777788889999000011112222333344445555666677778888999900001111222233334444
9 0000111122223333444455556666777788889999000011112222333344445555666677778888999900001111222233334444
0 0
