00001
00001
00011
00111
01111
10000
01110
00100
01000
11001
00110
00110
11010
00110
01000
00001
01110
10111
00001
10001
00110
00010
11000
01101
11000
10000
10000
00000
01000
00001
10011
00000
00011
00010
10010
11001
01010
00100
00001
10010
10001
00000
10111
00001
00010
00101
00110
01011
10111
00100
01001
00000
10011
00110
00000
11011
11000
10000
01010
00111
01110
10001
01110
10011
10010
00010
01110
00010
00101
00001
01000
01000
10010
00110
00000
10000
00000
01111
11110
01010
10000
01000
11000
10001
10110
10001
00000
00111
00000
10001
01011
00010
01000
10100
10111
01000
00101
00011
01100
11100
10000
10100
01000
01011
10011
00001
00010
00001
10000
00000
10000
00101
00111
00001
11000
01000
01000
10010
00001
11010
01010
00011
01000
00111
00100
00000
10010
00100
00000
10000
01000
10000
00001
10010
10100
01001
00011
00010
00000
00000
10110
11010
00110
00100
00000
11100
00111
00000
01001
00000
11001
00100
01000
10111
10111
