2 C
9
1 2 3 4 5 6 7 8 9
3 S
4
3 56 88 12
1 A
5
22 38 1 15 105
83 C
31
936 704 450 472 611 681 578 656 82 880 70 833 89 959 781 174 91 817 532 426 577 595 492 806 462 168 171 492 27 917 53
29 S
436
871 79 189 538 132 462 826 682 4 230 942 797 672 735 276 649 249 310 241 64 718 691 693 411 839 254 873 10 677 238 677 151 815 221 450 868 284 257 68 488 544 986 520 271 422 918 263 459 855 613 705 449 820 480 912 962 882 744 876 367 120 10 812 616 688 159 993 379 808 512 309 168 386 876 203 317 476 387 318 882 324 766 686 839 623 314 20 57 659 133 430 738 341 716 838 984 460 71 252 934 770 422 517 646 950 889 911 18 561 609 947 528 67 534 744 560 13 191 343 273 673 220 579 133 534 673 573 557 867 58 536 825 199 259 347 869 714 561 972 296 126 827 476 298 96 146 790 510 137 922 499 487 102 417 961 53 908 73 612 710 808 611 67 57 46 2 352 360 398 360 279 570 691 226 99 774 515 597 197 434 501 243 189 853 887 719 115 564 693 599 448 401 99 266 107 915 936 52 230 509 393 817 445 249 910 558 715 941 665 70 479 382 286 494 882 717 169 417 31 385 206 934 619 388 805 272 405 140 146 919 392 433 518 410 259 439 447 881 943 317 560 604 851 757 977 585 866 609 453 645 799 648 462 984 118 216 937 141 415 665 674 748 983 470 169 99 528 213 521 552 570 73 732 657 644 30 940 247 81 967 817 137 999 555 659 23 711 727 495 246 150 678 719 486 313 960 52 138 541 525 724 218 379 975 250 490 937 62 892 999 830 667 135 63 81 712 358 774 359 309 64 984 491 971 478 346 543 325 21 988 916 689 526 88 995 124 480 986 683 5 134 544 191 26 606 799 403 634 411 173 822 721 547 423 696 574 670 906 22 205 819 814 608 785 550 990 624 417 396 9 383 186 424 173 250 864 75 222 832 208 716 649 973 516 576 828 155 710 826 776 986 153 894 732 634 907 765 210 290 663 637 221 253 257 783 572 799 487 603 788 425 45 596 617 132 564 45 207 225 484 108 792 979 73 700 864 648 656 687 508 946 851 20 984 204 14
44 A
93
867 844 974 233 363 241 376 509 478 50 317 121 842 365 732 318 146 204 371 775 284 910 55 60 877 291 461 767 511 961 885 218 599 670 528 44 342 818 206 430 744 210 552 161 716 594 879 246 726 766 27 937 111 427 577 269 222 532 205 810 418 906 367 25 333 186 506 706 854 806 598 949 4 316 998 704 591 423 824 338 443 206 66 662 322 776 948 31 889 269 794 71 933
33 C
21
857 290 384 52 515 788 84 206 194 989 835 405 96 768 925 130 577 219 690 546 999
83 C
483
854 104 312 758 520 508 480 455 508 423 264 305 700 803 230 640 113 309 978 528 904 812 923 261 936 452 878 224 999 804 89 931 284 188 70 702 948 752 317 336 652 215 150 89 727 713 82 212 736 985 967 441 618 390 757 32 846 606 547 86 37 760 10 179 290 173 774 124 114 336 363 69 912 2 608 578 6 431 606 776 354 211 132 748 836 579 241 754 751 370 733 541 900 172 851 139 545 793 426 237 302 861 360 160 784 525 616 746 941 144 906 194 169 115 494 475 961 854 810 608 732 362 284 177 777 699 10 852 414 612 855 342 566 364 49 89 982 662 107 444 623 678 394 402 328 224 990 283 968 444 438 630 845 199 838 997 364 630 578 167 339 178 465 322 86 921 448 18 312 888 986 830 736 322 53 411 935 619 173 908 98 63 844 506 367 134 465 713 679 640 937 151 935 345 345 345 915 945 385 53 266 501 540 410 973 446 941 826 807 349 601 353 393 753 652 848 97 963 726 305 544 543 495 388 437 195 542 92 871 52 899 78 306 571 769 233 609 937 910 851 379 88 607 124 562 110 532 200 897 806 997 128 165 857 370 634 466 528 616 350 533 725 223 863 150 499 963 835 789 108 273 542 742 800 169 675 88 4 971 242 174 12 32 45 946 924 979 44 109 74 295 284 378 188 912 718 459 897 24 835 679 971 445 384 252 77 596 745 704 827 98 523 491 37 88 261 162 686 254 199 203 279 870 768 430 165 644 316 99 68 666 767 11 455 638 435 174 20 590 203 546 148 789 167 229 793 304 742 535 863 33 574 937 721 581 701 370 716 674 445 77 345 451 893 507 682 819 624 449 950 694 911 201 553 860 956 94 507 347 305 246 689 532 791 208 626 109 69 432 693 199 93 774 938 869 122 10 187 302 911 323 138 433 954 910 761 667 623 691 910 730 764 35 179 589 13 730 571 82 434 441 827 354 787 170 922 975 867 314 212 590 879 996 716 506 899 349 836 224 425 505 665 828 592 541 43 777 871 612 26 865 484 124 585 336 625 601 96 895 188 137 54 458 620 267 507 414 559 997 709 456 70 71 659 158 632 23 917 908 804 560 246 599
21 S
329
813 19 806 341 504 725 969 94 655 652 184 906 857 628 93 41 401 196 36 899 51 176 499 777 427 919 96 675 264 918 389 316 465 731 684 125 222 456 452 583 62 784 263 78 141 565 43 511 799 61 356 600 738 245 120 245 410 129 853 449 142 793 16 817 835 721 716 37 144 568 483 215 252 357 876 364 329 328 957 976 228 194 530 794 680 827 602 656 371 540 728 801 975 894 991 237 722 301 731 938 7 728 476 830 417 560 909 574 834 501 233 529 490 297 746 426 459 705 567 709 102 97 824 25 306 60 554 962 762 676 695 546 609 860 597 528 979 647 443 771 221 127 999 699 807 537 541 943 349 130 468 490 418 612 690 638 325 815 321 854 949 388 893 795 945 338 282 936 88 734 264 955 271 952 972 690 17 30 719 642 714 626 251 769 527 532 200 49 591 173 165 90 76 668 722 475 358 411 635 651 436 588 714 73 412 77 819 347 95 338 807 695 541 553 784 808 338 29 157 761 328 395 765 866 692 131 927 78 122 896 763 205 653 439 649 225 266 571 28 281 160 316 399 634 481 879 318 299 804 128 701 932 545 117 416 812 681 293 283 644 202 526 617 663 730 932 265 926 846 815 872 173 491 628 251 915 485 877 372 821 724 56 253 588 594 4 542 74 669 922 357 947 535 567 334 296 578 361 254 968 164 80 22 502 458 368 396 401 88 940 561 595 652 15 723 193 853 165 354 683 849 841 289 981 114 788 25 777 68
55 A
471
904 239 397 463 910 771 820 59 250 655 132 139 669 741 704 911 134 734 988 62 563 813 995 201 875 324 430 986 200 357 326 496 652 325 659 464 723 454 812 572 620 908 401 522 384 248 738 192 460 24 1 358 851 468 320 56 481 128 839 61 468 445 901 921 496 206 89 56 301 900 657 452 586 967 219 676 394 38 309 475 765 547 315 914 569 761 500 724 532 736 726 524 204 45 824 489 737 670 552 72 590 19 36 779 61 29 902 321 535 53 611 670 394 504 814 426 109 274 30 297 518 528 950 30 550 6 746 863 671 40 955 452 945 971 50 160 68 119 345 739 877 137 225 591 293 976 256 810 515 675 941 117 607 568 245 500 134 623 818 65 227 539 828 124 949 372 947 39 737 497 842 952 660 73 370 165 406 303 794 775 65 558 55 454 759 767 704 163 209 771 505 834 792 281 937 299 617 567 797 753 578 592 6 420 254 542 84 198 831 319 179 940 359 183 126 497 407 782 248 413 222 668 801 308 628 444 605 689 296 889 355 165 689 224 925 425 758 691 439 588 750 310 337 217 659 696 911 202 422 293 239 424 724 17 650 33 902 388 373 418 370 582 376 250 121 392 13 28 240 172 925 832 746 18 820 59 955 716 702 646 686 73 109 19 103 626 300 886 554 328 485 126 802 785 408 264 49 814 930 621 988 364 766 998 990 759 946 651 873 997 105 650 506 202 953 132 671 311 3 312 419 730 853 207 772 950 688 654 72 385 363 570 882 71 226 929 95 769 746 448 754 516 105 181 193 786 565 409 161 216 111 354 699 79 139 248 867 476 262 477 760 153 6 700 737 702 578 700 735 887 480 20 407 979 259 28 85 784 481 401 112 316 937 713 425 925 52 596 774 570 678 284 475 940 975 986 637 463 503 837 483 110 141 551 360 202 15 10 985 968 544 9 724 876 266 116 8 226 724 840 274 344 851 828 883 868 14 853 974 475 986 221 242 445 347 701 864 862 868 109 72 521 397 534 547 999 541 85 438 193 339 400 863 355 483 796 683 820 72 667 315 799 524 195 678 759 501 881 158 137 533
17 A
293
740 10 216 373 68 375 46 133 669 490 529 430 169 927 395 410 755 936 681 463 948 45 476 840 520 392 351 454 629 700 873 18 953 100 909 517 935 139 624 20 5 478 292 391 398 156 860 737 402 47 953 602 294 27 18 253 498 830 667 949 979 119 51 311 801 568 265 167 820 22 651 144 456 865 787 674 424 860 565 176 982 832 561 820 265 826 519 170 837 732 461 192 554 550 481 76 868 933 591 499 760 418 771 339 764 129 869 510 916 578 386 12 983 800 693 307 471 476 375 83 161 256 216 790 731 986 568 964 709 43 933 532 96 813 70 164 193 316 555 161 684 534 965 359 670 480 396 281 146 17 857 560 222 796 949 352 375 786 924 962 700 47 359 544 131 848 452 967 933 648 275 177 533 20 588 370 995 45 879 598 994 110 744 126 378 921 527 88 785 683 448 322 36 546 476 293 673 751 280 171 328 700 999 94 640 84 486 720 666 717 707 165 445 748 119 154 312 518 483 457 305 30 159 432 430 263 459 50 800 60 643 983 291 923 330 173 702 759 798 516 257 327 263 325 859 724 160 549 877 572 188 597 682 705 468 992 527 947 45 982 725 175 767 963 420 311 391 149 922 573 698 940 485 233 437 669 872 819 597 499 70 129 832 123 800 162 437 350 327 742 735 757 444
48 A
371
305 348 541 714 961 650 717 571 228 784 905 197 385 9 790 758 525 608 570 930 142 664 341 751 570 383 403 812 145 813 336 378 88 188 797 497 224 608 394 602 158 925 537 504 704 65 471 734 334 480 386 977 800 263 843 768 167 850 818 940 177 846 935 450 947 342 743 159 853 380 825 10 125 866 892 622 346 122 913 221 632 366 374 241 753 211 821 726 3 456 555 478 189 216 522 926 265 590 174 673 226 959 711 621 538 337 318 547 949 417 688 375 913 712 453 157 10 304 865 781 771 475 876 306 795 665 737 497 839 187 87 509 123 483 400 14 978 37 848 323 606 741 803 57 334 149 499 987 566 64 150 151 225 672 377 46 38 153 356 651 662 916 818 954 550 973 30 429 206 251 399 532 550 916 861 696 90 94 383 265 654 132 37 241 551 386 883 671 341 345 354 812 429 62 817 913 682 400 126 649 412 266 197 568 168 128 342 655 127 711 640 540 978 820 425 220 778 593 173 557 392 1 828 4 794 385 853 563 10 270 55 920 284 607 382 805 185 855 599 7 762 18 234 823 934 960 681 98 410 470 17 254 420 992 972 393 618 675 447 71 613 974 901 269 185 657 407 396 884 657 835 756 175 806 796 152 537 534 971 922 402 876 819 116 923 911 165 897 234 59 292 870 362 356 881 122 702 302 167 499 263 986 792 109 28 480 404 157 453 583 74 785 800 327 401 396 404 766 617 693 458 471 171 548 642 462 409 757 612 603 931 766 585 554 137 860 610 467 101 919 776 166 599 228 538 233 960 575 665 838 929 945 437 574 311 206 199 404 472 649 500 497 11 496 219 466 154 241 555 469 220
33 A
163
975 614 110 859 747 775 553 445 188 96 697 374 544 518 909 798 659 892 908 868 246 616 122 477 385 228 789 440 97 551 780 330 85 589 312 134 360 824 702 348 634 440 604 371 559 582 774 633 636 150 43 464 611 678 736 703 860 279 219 209 651 6 319 411 848 230 518 204 738 803 853 452 632 101 271 914 271 155 364 246 943 768 248 300 678 618 879 762 613 659 365 146 798 695 107 140 913 455 394 661 607 993 606 590 822 101 339 525 37 423 822 755 999 990 87 816 495 685 684 940 450 65 548 753 505 798 8 871 778 364 22 832 424 879 902 343 168 465 776 738 797 450 209 893 22 819 865 662 274 877 588 216 437 279 54 749 457 742 703 750 680 727 902
29 S
32
919 882 569 823 832 313 633 804 865 561 371 56 639 463 81 809 233 593 953 683 438 461 688 968 907 312 732 658 494 995 286 432
63 C
350
476 7 689 863 811 778 512 282 168 515 843 240 644 354 711 871 87 70 602 259 832 755 96 227 913 219 976 549 416 237 45 770 377 883 963 93 230 704 8 883 332 981 291 402 80 769 217 23 407 523 74 167 185 400 564 411 52 664 600 836 564 338 356 504 289 688 518 930 394 746 254 156 8 898 77 322 54 232 941 219 543 935 272 323 427 681 662 211 353 500 705 14 273 326 329 466 486 599 891 876 665 650 441 35 253 286 77 211 544 350 891 700 359 524 426 433 477 850 230 454 371 221 720 165 550 938 660 67 124 193 326 776 902 836 305 894 876 640 908 606 360 774 748 840 754 593 308 733 668 335 24 42 38 163 370 54 29 569 969 27 40 614 939 795 117 776 612 27 43 843 245 253 437 810 273 39 942 706 855 695 123 715 484 779 266 717 400 334 862 760 297 944 963 68 758 405 560 636 820 932 833 787 911 105 314 964 135 525 418 976 226 486 904 211 537 122 449 323 970 873 753 164 624 988 409 439 373 524 428 390 568 891 706 640 542 855 634 614 51 381 147 20 143 117 246 752 693 862 405 502 399 724 881 352 26 353 982 826 554 38 994 387 464 462 216 118 39 69 878 807 934 189 806 920 914 163 945 720 927 950 52 886 124 497 636 762 717 597 392 31 671 708 371 640 274 183 453 655 317 961 203 855 48 902 332 163 438 798 319 21 396 441 183 230 44 68 559 394 449 437 574 403 355 66 843 594 427 844 614 317 260 341 846 940 452 474 323 94 226 644 538 196 371 325 48 970 905 996 832 757
38 C
279
226 690 403 90 753 743 154 168 615 830 520 783 489 351 252 334 686 937 94 431 914 878 120 895 1 53 843 922 987 458 204 15 16 890 558 282 740 636 821 271 196 241 904 193 145 247 494 159 388 934 15 540 210 283 955 361 328 8 323 670 840 890 558 417 511 538 571 390 724 865 278 70 117 22 37 68 106 611 733 454 408 71 800 145 217 944 337 60 976 333 543 509 374 48 292 133 268 462 419 145 814 973 885 972 644 376 715 615 154 794 391 200 373 809 640 43 382 887 836 622 530 88 458 291 362 358 301 293 254 843 8 263 782 605 310 106 866 54 726 684 84 253 585 205 435 386 268 103 769 820 148 69 569 982 427 101 17 97 822 173 213 171 250 341 385 100 534 127 235 229 772 809 534 653 997 740 604 617 399 619 929 392 102 201 784 131 445 502 974 234 412 177 114 362 168 971 849 913 889 251 570 715 300 729 475 545 964 655 511 625 919 828 761 727 421 907 978 483 430 83 717 508 534 543 685 485 591 809 370 778 876 386 658 645 713 802 284 486 881 620 278 590 865 804 81 172 625 19 753 722 780 743 36 655 869 263 473 489 911 56 647 976 279 258 434 177 445 891 603 320 707 256 395 876 465 975 167 731 545
32 C
22
836 96 585 693 552 40 138 825 984 134 430 343 87 830 380 986 397 593 912 155 86 857
69 S
39
833 865 737 644 32 144 926 924 326 205 549 655 329 651 654 822 783 386 232 132 881 76 466 129 615 188 403 107 544 435 691 632 177 107 214 266 297 578 377
66 C
36
599 196 955 47 207 13 386 973 501 657 676 618 577 146 966 128 936 684 869 881 383 655 195 447 717 563 3 601 763 55 330 488 355 263 679 971
28 C
101
925 790 337 988 974 144 28 711 464 260 320 737 281 603 423 403 91 514 190 464 657 977 131 560 382 121 76 505 702 314 997 169 322 885 365 626 330 762 246 370 553 703 170 305 493 587 724 168 273 311 807 620 373 723 373 39 316 774 572 495 899 486 701 372 971 406 844 580 900 20 290 478 342 778 502 232 697 601 950 299 137 635 385 468 928 436 412 454 175 77 824 169 70 499 251 909 659 59 849 408 393
22 A
430
49 373 615 907 351 41 255 860 922 782 992 909 572 324 621 915 671 578 556 414 340 114 561 803 165 695 865 101 407 152 634 75 333 280 699 712 190 847 315 19 815 372 557 142 8 296 747 437 666 265 581 446 683 93 565 977 408 294 819 605 978 191 89 396 792 128 886 297 151 550 481 259 427 966 541 716 754 703 629 399 243 149 958 808 547 173 590 195 356 431 206 539 625 798 749 280 346 225 931 854 23 677 666 800 730 934 703 824 225 864 155 71 184 762 489 712 561 11 539 218 378 231 861 842 224 897 215 232 247 512 139 885 471 173 371 474 950 713 83 880 382 663 30 802 909 928 76 159 341 613 3 646 47 566 523 942 270 59 321 262 970 575 576 201 803 506 437 292 476 598 639 300 531 363 186 685 960 658 108 930 50 456 123 116 96 413 819 253 804 11 362 492 592 886 259 297 648 209 324 147 872 468 561 982 364 775 163 189 103 885 759 126 965 118 200 67 154 35 47 597 196 24 224 787 919 302 88 813 540 75 181 351 203 89 170 199 912 88 842 708 944 429 418 239 219 727 890 838 720 180 120 305 401 381 733 137 771 444 285 233 713 674 418 898 263 176 709 538 439 472 157 60 927 723 876 820 519 615 648 766 814 547 441 336 644 376 317 660 948 800 179 229 186 680 317 139 497 468 544 168 651 488 122 472 798 558 2 773 354 687 229 46 10 127 662 942 918 593 165 669 133 150 53 382 524 347 634 128 892 842 953 698 754 825 750 688 323 899 230 981 164 243 938 36 96 471 766 205 436 429 865 14 97 494 182 726 457 934 758 718 303 875 665 347 356 714 694 376 497 313 442 455 144 244 375 577 757 483 355 861 27 553 964 388 826 274 127 486 603 314 44 349 189 764 218 358 930 275 171 517 543 161 222 169 37 59 426 223 848 977 541 412 828 395 264 640 92 152 148 228 21 360 557 508 600 185 660 748 454 743
18 A
313
554 106 459 938 25 683 173 677 402 205 764 583 93 940 263 95 967 219 484 906 811 803 506 918 579 933 377 277 584 598 525 798 761 854 987 985 957 499 267 777 849 500 506 255 788 657 386 383 565 137 364 828 347 637 648 92 102 13 932 453 131 771 159 956 441 909 514 330 53 333 967 920 783 83 119 254 637 783 511 742 599 787 220 486 981 989 547 629 761 178 897 338 550 805 964 258 395 748 232 274 432 450 693 93 145 299 534 667 461 899 126 475 254 262 707 222 549 640 836 242 334 172 903 49 86 326 640 615 761 207 977 15 941 486 848 3 803 465 331 291 10 713 839 225 655 656 348 437 786 226 910 968 837 40 475 193 722 581 708 328 19 789 474 636 437 229 637 504 205 34 295 757 513 379 210 754 40 751 913 632 914 149 746 350 54 769 582 460 869 373 687 798 550 728 817 177 217 798 868 998 820 238 463 643 182 220 251 729 308 667 1 353 406 315 767 366 808 989 199 638 321 8 437 699 738 223 252 228 204 112 789 505 803 623 416 659 256 176 224 585 388 72 467 322 134 762 510 49 111 183 31 773 71 120 61 513 624 266 314 583 987 522 968 670 818 669 13 248 153 498 487 930 962 685 893 71 794 945 868 240 480 580 312 6 874 365 227 740 119 781 171 598 898 529 899 731 827 248 534 130 46 566 243 939 812 622 469 727 465 526 920 889 12
80 A
48
641 154 989 12 721 968 974 572 660 908 903 860 237 739 583 652 904 553 763 281 743 736 349 611 714 377 272 66 919 920 277 824 529 368 810 25 424 20 893 996 230 69 374 328 63 494 45 290
57 C
205
5 103 505 145 836 695 799 284 229 930 670 862 993 256 546 979 947 953 829 435 389 502 832 13 302 774 438 587 484 78 844 847 840 276 935 611 717 377 372 988 515 874 269 319 848 172 957 932 210 886 923 286 992 161 690 563 67 771 34 602 322 551 939 12 580 95 18 866 616 735 175 977 554 731 514 390 356 141 811 528 104 865 899 886 93 153 983 220 176 174 10 990 23 128 23 748 491 221 293 100 441 115 805 192 282 429 586 543 106 782 210 123 238 398 163 79 574 746 492 849 101 302 405 954 701 969 759 29 42 847 903 865 28 379 140 347 319 500 336 987 616 200 973 985 903 409 261 779 689 861 982 326 745 476 802 787 467 924 653 843 965 131 975 366 600 377 801 816 327 935 952 709 972 235 925 260 257 166 382 624 817 332 291 330 420 309 616 522 963 788 905 844 946 742 362 48 528 375 637 503 68 205 829 576 991
15 C
41
660 920 471 856 243 443 84 770 690 634 409 975 551 581 756 641 458 349 33 957 597 612 452 691 605 598 705 143 865 5 145 856 187 488 491 70 215 59 743 350 961
14 S
62
178 614 879 809 103 895 783 914 296 426 650 731 33 865 830 92 856 147 631 842 975 296 745 374 926 915 58 159 940 970 430 669 52 820 7 992 260 378 325 480 491 775 972 463 105 42 961 843 108 736 695 546 591 734 755 73 429 958 7 859 858 876
44 C
243
792 414 162 504 175 837 17 369 621 555 181 343 298 283 360 755 207 55 903 661 51 913 84 655 374 692 73 674 120 568 128 883 3 920 772 601 109 183 826 765 851 240 281 82 974 550 783 706 31 751 572 849 637 9 144 228 972 496 26 910 182 82 476 664 808 938 828 322 540 720 824 948 479 635 508 976 764 610 197 194 178 689 804 61 12 646 632 56 110 468 827 209 29 476 972 125 883 568 10 215 700 807 563 761 411 874 889 308 957 431 627 695 524 769 630 987 352 666 593 624 557 599 918 475 684 530 765 588 278 334 789 71 136 296 797 55 178 504 360 611 952 604 831 453 349 66 898 607 853 215 492 892 162 830 647 354 234 733 422 316 253 808 91 658 612 731 958 926 520 831 264 233 869 576 260 840 444 537 597 50 229 331 239 743 478 257 360 705 651 118 757 408 672 320 490 527 424 699 767 435 395 110 507 655 112 443 898 295 458 253 339 231 717 229 160 373 479 939 30 534 218 654 832 122 491 111 807 550 372 147 162 769 224 583 67 738 312 749 872 374 49 153 855
10 S
387
708 876 205 444 960 391 792 333 198 513 950 289 280 534 768 709 364 180 742 674 964 17 106 57 784 700 489 287 767 112 269 725 692 522 115 304 464 195 480 58 610 995 283 677 202 814 150 155 3 432 219 322 331 68 280 310 253 582 262 621 659 618 4 166 351 829 191 799 333 401 317 253 694 472 114 736 627 838 485 842 481 549 679 612 919 63 477 978 730 371 393 608 326 172 227 578 146 129 899 604 849 717 665 123 391 73 534 505 256 683 22 299 558 193 131 659 300 383 83 910 539 499 183 444 543 563 337 437 619 377 784 211 462 321 429 797 20 929 879 54 196 135 662 362 188 944 157 117 498 178 13 41 499 115 272 408 331 746 786 354 468 44 439 817 413 624 302 675 588 441 9 427 92 454 859 892 558 649 271 907 443 202 371 822 287 417 933 290 606 671 978 786 55 811 870 373 20 818 268 501 858 506 727 596 259 666 130 889 109 664 325 313 892 370 8 701 561 261 590 181 615 592 75 359 293 200 675 553 78 537 979 243 504 275 725 530 183 415 990 199 603 857 550 547 817 571 388 115 131 780 524 387 999 228 111 340 722 155 981 136 783 324 76 128 315 467 86 957 583 624 487 894 449 511 96 14 926 189 759 418 844 844 559 677 121 763 644 12 328 120 833 659 589 466 724 862 791 461 273 562 879 842 15 391 385 38 159 16 712 172 669 55 815 369 338 238 571 896 649 481 865 951 19 574 749 511 65 75 613 697 733 559 751 274 305 390 272 221 934 701 819 246 343 55 397 226 859 813 632 974 570 255 651 11 68 80 525 436 572 335 238 936 687 986 133 528 814 812 83 627 278 102 938 977 654 90 338 801 643 399 834 925 584 385 977 680 566
26 C
173
504 946 654 882 789 842 416 548 914 341 588 523 342 487 835 217 590 142 373 916 676 582 262 405 589 967 309 347 888 97 336 945 831 238 557 675 845 749 104 731 141 859 666 789 802 536 837 720 148 572 897 516 309 967 849 144 190 624 791 496 125 556 423 957 100 850 510 693 720 782 259 98 978 434 879 961 2 141 247 566 101 519 899 716 772 568 413 417 709 612 975 893 450 237 312 552 891 129 971 100 266 819 87 348 140 883 519 514 730 862 78 623 854 414 278 786 84 560 396 246 168 948 300 976 73 387 476 910 134 924 622 166 565 29 39 682 225 293 231 873 65 437 188 343 264 549 704 172 291 251 911 876 393 293 341 206 494 341 677 686 408 205 83 434 983 623 760 348 735 872 228 72 523
83 C
158
388 453 996 473 230 472 215 711 214 964 824 501 98 458 520 90 794 266 375 683 459 753 41 862 347 6 85 851 185 671 727 266 791 932 344 765 782 285 326 357 251 317 974 451 992 81 903 285 748 550 930 873 899 357 65 899 924 547 565 885 102 576 933 874 823 869 892 552 480 704 99 726 205 397 84 951 519 807 497 523 797 667 493 154 745 585 480 315 536 415 583 370 787 652 48 4 814 434 901 769 931 8 299 98 737 56 77 987 707 104 486 433 979 308 385 896 547 58 620 126 510 131 921 783 759 755 174 108 94 636 505 349 715 915 650 905 568 696 773 728 517 374 135 48 799 67 262 477 895 255 188 32 25 578 521 879 715 850
6 C
237
652 423 193 222 107 951 568 607 991 980 791 220 348 145 452 514 730 975 638 84 433 283 910 203 800 368 383 45 34 217 756 902 729 309 431 278 253 577 851 980 967 282 785 810 933 110 271 375 193 874 922 540 577 338 126 411 288 81 232 978 907 21 273 33 361 979 840 866 457 726 666 132 368 541 151 847 115 956 210 891 831 228 117 287 132 76 979 990 220 719 235 909 489 414 772 294 216 136 791 171 905 373 358 941 626 626 315 220 585 134 458 915 510 977 706 152 764 374 953 408 9 827 697 234 712 475 898 695 630 330 807 988 310 121 41 915 882 159 293 726 297 390 132 477 641 136 127 32 501 194 375 722 668 248 879 234 315 527 643 982 111 363 72 414 613 848 491 395 406 87 420 733 736 603 725 841 532 821 703 35 743 654 308 652 767 654 313 577 668 290 892 543 840 31 555 350 44 328 774 433 978 368 841 520 250 887 158 911 250 109 674 522 651 52 745 873 492 383 913 173 223 613 950 383 945 415 101 916 861 289 429 939 651 508 852 551 971
32 A
155
529 879 501 207 414 302 151 562 164 726 979 946 166 721 651 770 138 27 798 418 713 482 822 803 895 499 121 863 947 698 542 451 261 836 504 255 725 768 583 298 996 500 964 640 345 514 853 295 142 995 358 599 866 631 185 409 409 727 634 797 684 984 681 338 207 921 378 32 894 362 884 191 24 785 879 712 616 217 86 286 237 425 494 54 448 71 734 848 39 194 94 431 205 847 858 184 451 311 765 451 860 294 902 230 700 267 997 263 903 940 606 324 814 669 275 903 572 143 525 845 78 641 156 358 556 194 847 9 207 275 254 616 546 860 320 730 87 143 505 155 557 894 706 59 242 296 223 653 633 691 457 465 515 583 308
81 C
265
40 7 767 302 159 973 407 255 528 984 20 631 896 376 853 478 647 178 595 891 210 155 718 788 736 998 543 713 844 79 295 612 129 657 552 534 301 49 601 880 272 877 422 58 994 260 770 627 904 838 372 645 845 755 111 232 574 767 578 873 912 816 614 363 734 238 311 176 552 526 531 124 290 420 446 404 439 499 60 875 790 161 114 513 244 551 314 842 939 539 942 272 498 115 318 782 252 260 102 625 417 193 959 289 767 101 195 127 236 401 29 700 549 269 571 14 366 392 284 420 148 979 247 858 959 448 516 370 120 357 142 325 198 519 357 180 788 306 435 165 369 531 899 687 513 554 895 884 226 451 67 205 338 39 843 70 28 775 256 322 285 284 757 589 192 563 738 433 279 246 723 675 286 808 726 564 758 651 6 91 516 488 513 962 198 492 669 22 349 288 298 771 207 99 328 31 967 41 799 441 111 142 376 54 164 992 327 646 76 467 325 408 799 155 373 338 732 980 212 220 406 636 28 416 961 697 3 538 303 444 586 931 851 721 883 971 956 164 237 130 882 766 908 513 974 418 461 108 30 958 816 842 205 569 40 815 857 433 366 253 956 921 603 544 800
55 S
485
749 175 866 661 322 854 908 34 911 994 514 105 727 663 420 424 798 52 387 342 718 191 903 268 967 447 865 335 264 871 245 546 746 970 777 449 449 651 715 719 464 354 692 327 507 872 59 384 302 232 94 410 575 296 781 296 918 379 563 760 929 64 501 195 748 301 7 831 561 858 874 579 945 879 882 342 290 847 383 524 149 761 644 36 375 713 410 258 7 539 612 241 105 548 559 13 354 410 720 647 662 371 394 665 742 594 656 529 740 21 929 240 401 788 116 679 471 929 869 75 360 286 763 949 585 711 682 226 716 36 705 929 328 214 952 863 300 740 217 60 191 462 806 960 925 316 881 856 381 603 441 83 68 247 646 186 700 974 935 87 528 193 189 963 297 879 96 603 492 111 85 620 281 104 340 638 718 529 542 901 420 817 376 859 81 451 725 655 271 467 237 636 27 574 867 803 307 477 459 980 859 601 68 370 49 15 242 403 813 919 281 198 695 52 978 54 763 455 596 813 270 516 127 147 379 31 608 762 658 834 408 434 672 987 23 551 732 430 711 307 496 628 851 265 351 99 597 344 441 816 877 950 904 649 76 744 904 503 332 190 890 390 432 44 211 496 116 177 283 965 972 819 102 341 861 46 861 754 358 835 974 712 942 434 772 498 663 332 869 749 689 773 15 693 362 570 768 860 50 648 177 611 983 786 395 111 844 759 920 150 832 590 700 812 751 638 304 286 882 822 641 687 424 757 183 469 82 689 220 187 239 897 367 473 28 56 263 836 600 673 779 570 717 32 188 235 554 398 141 25 23 922 607 91 149 62 892 451 46 363 468 866 208 294 552 300 787 526 545 163 512 418 315 355 585 453 951 630 966 25 104 609 346 284 140 902 589 32 475 970 1 749 862 600 504 232 700 279 673 145 175 979 498 961 136 252 372 140 726 822 931 854 213 308 566 459 732 462 495 437 146 248 820 166 27 886 859 773 444 406 259 960 616 926 266 133 695 763 782 453 794 505 631 757 160 30 505 350 931 511 738 601 178 750 533 111 876 179 158 525 655 813 943 56 181 944 218 329 572 32 463 86 38 691 671 646 5 134 662 362 315 822 105 93 486
4 S
379
861 539 444 727 689 913 5 408 631 983 608 689 356 631 185 993 626 626 121 81 987 557 316 874 922 460 367 131 371 844 476 466 391 85 540 299 252 567 336 234 231 134 661 693 566 708 973 660 406 876 221 268 33 672 943 277 42 225 806 99 475 132 762 888 805 935 509 787 934 11 398 222 674 662 968 662 962 28 114 157 671 339 120 476 647 417 258 211 48 317 698 516 811 238 553 97 777 508 874 854 966 426 291 996 26 941 98 164 549 152 331 700 886 260 828 840 920 331 795 899 843 907 438 521 691 373 809 179 410 757 978 394 605 677 628 452 226 476 609 934 923 582 72 562 75 14 329 429 823 978 793 277 663 182 720 98 411 128 445 541 644 72 377 597 330 533 378 866 794 747 785 524 309 911 466 474 654 930 814 706 671 181 286 369 42 317 515 557 494 286 91 995 929 211 831 74 534 212 352 518 788 448 540 390 261 852 980 393 568 728 15 118 663 861 455 746 995 931 975 306 880 735 187 462 325 58 848 528 845 137 975 171 518 909 81 437 432 359 64 193 455 546 3 488 318 603 542 766 519 876 425 15 577 458 195 709 297 590 440 171 858 291 385 507 707 98 905 914 494 624 7 152 893 904 327 977 623 225 295 68 170 371 392 948 131 363 584 390 389 334 987 964 755 777 407 298 348 88 238 253 505 777 847 189 314 357 789 165 280 510 478 146 785 210 451 678 655 50 49 738 31 904 896 490 727 705 990 207 469 679 545 324 6 167 159 74 297 817 678 183 944 948 578 297 590 547 991 811 152 852 945 790 178 63 344 512 200 969 673 90 314 753 592 735 475 307 758 230 159 897 222 205 681 480 124 799 45 109 336
92 A
473
246 445 410 515 831 545 269 97 218 889 565 221 892 293 437 170 750 801 714 561 391 545 17 564 277 597 602 512 368 551 894 997 136 891 546 139 982 864 776 276 819 744 256 149 440 70 809 671 444 741 73 246 418 887 880 495 682 243 366 283 782 299 123 798 419 168 185 503 975 963 632 295 546 575 593 439 334 478 94 961 925 8 475 915 156 789 905 77 35 312 666 591 32 99 234 364 695 670 889 389 520 136 25 786 872 284 49 163 15 386 899 483 507 71 559 513 568 313 24 116 933 960 393 237 404 859 491 950 647 326 825 288 620 377 908 290 18 25 196 973 561 682 585 78 788 706 718 390 186 558 100 818 703 226 389 506 685 65 488 182 947 474 674 803 435 422 226 147 563 220 992 927 700 565 144 612 79 200 129 558 1 406 211 457 375 756 281 385 408 242 615 704 716 526 714 320 378 499 248 933 809 358 924 507 318 748 23 528 541 111 16 737 14 428 368 221 793 437 304 411 211 905 301 687 879 215 549 376 580 530 243 487 910 979 577 332 239 368 461 565 270 84 634 16 258 563 853 166 981 854 636 574 933 183 168 190 480 309 761 65 9 59 828 112 846 845 981 516 270 517 828 164 687 586 434 786 157 270 308 280 964 973 160 398 144 412 963 215 359 70 923 696 292 583 805 284 736 334 638 983 460 918 979 625 544 5 811 500 800 419 598 279 547 48 788 394 648 189 407 249 199 615 107 208 691 87 208 521 890 137 158 314 924 78 767 616 129 395 358 285 708 94 274 563 394 31 321 710 26 236 371 211 938 308 305 552 700 387 866 52 454 184 331 78 786 595 478 899 364 271 386 998 323 452 487 312 91 128 554 372 144 552 699 802 105 888 784 964 618 955 496 488 231 158 216 163 893 216 237 401 975 920 226 690 774 738 698 755 195 787 692 206 672 573 673 499 834 637 524 199 325 276 524 280 506 941 669 2 537 750 181 788 646 208 965 988 627 232 960 884 147 982 552 55 200 717 644 394 659 469 98 680 622 273 625 664 821 545 314 230 288 613 503 521 156 737 395 650 577 634 406 423 578
31 A
52
164 650 747 526 814 833 277 880 23 242 150 53 102 362 396 403 611 238 243 986 56 503 794 754 606 105 57 14 221 392 463 684 536 398 827 921 198 615 326 188 292 5 918 358 921 747 619 225 350 64 940 809
35 A
245
431 811 733 109 362 472 593 118 492 322 174 521 144 408 122 580 862 537 574 978 622 988 128 39 472 991 748 754 153 525 990 157 459 205 359 92 564 435 169 721 667 411 589 311 376 708 4 184 197 518 37 966 439 874 819 222 274 922 746 602 709 189 431 111 45 519 316 392 289 330 821 232 138 774 173 177 465 120 765 799 192 775 790 438 546 422 77 6 54 659 162 175 834 45 481 180 509 287 432 63 996 505 623 547 179 884 580 586 497 234 491 602 297 527 34 834 744 520 598 542 164 999 807 690 125 574 995 194 440 707 589 565 415 979 6 720 193 74 809 429 320 598 93 589 371 998 168 229 741 293 264 539 566 182 83 541 373 693 906 753 144 858 837 533 490 866 757 3 675 653 505 701 747 574 845 830 992 359 829 178 187 200 14 320 643 842 833 920 718 219 397 257 455 677 422 857 186 761 463 745 673 278 580 250 872 611 562 749 314 204 775 321 143 150 830 484 358 108 683 825 159 784 663 407 432 554 733 262 608 293 959 94 449 919 686 302 890 366 180 697 776 127 485 524 521
24 S
178
117 324 663 171 965 555 940 447 778 3 268 467 937 50 536 142 470 394 487 467 312 294 587 491 541 649 495 83 800 557 992 160 383 634 313 654 480 232 680 2 352 498 80 859 475 976 123 32 631 747 545 109 452 542 419 110 369 414 451 1 402 831 541 856 307 245 75 232 658 541 169 678 387 963 853 993 150 871 101 161 187 917 438 725 674 359 528 653 621 155 138 637 492 915 985 614 793 643 857 313 991 82 248 118 183 17 135 220 421 190 382 132 539 288 899 882 804 621 839 639 871 185 293 564 47 573 536 36 897 43 790 972 190 470 509 930 16 422 618 842 427 75 549 770 697 195 221 8 20 669 30 53 160 858 373 940 25 867 3 449 663 568 833 790 75 520 884 671 467 712 937 960 894 731 785 721 321 54
81 S
456
558 744 658 367 381 59 813 523 477 827 722 249 187 120 825 263 548 229 989 677 49 727 429 710 740 940 599 741 444 822 800 204 813 494 614 601 726 60 191 483 36 317 840 817 827 951 608 631 172 235 657 920 532 191 194 468 96 357 234 663 232 47 402 913 791 204 323 710 340 922 825 929 220 206 47 272 801 731 343 815 262 702 237 342 715 158 658 615 395 782 352 156 795 759 289 416 909 347 363 983 383 843 263 54 545 15 876 911 574 879 637 684 26 587 131 473 323 114 634 293 410 685 633 916 871 90 232 712 22 399 596 209 761 917 355 855 810 829 183 906 707 375 758 526 583 716 338 929 328 661 641 968 257 500 78 518 355 200 842 717 100 178 793 694 544 250 193 598 519 66 782 871 89 292 126 527 567 970 869 820 15 920 414 564 682 231 436 43 995 747 234 66 57 540 747 459 886 373 318 947 243 217 53 517 124 573 309 221 952 411 674 541 896 769 384 824 54 26 946 458 480 775 12 215 563 55 905 987 489 647 259 708 373 270 623 240 451 993 314 810 592 466 429 826 63 356 712 51 652 390 50 658 992 14 780 578 790 316 454 700 696 128 315 455 105 147 148 851 67 578 599 181 723 352 798 629 443 965 703 200 910 216 748 376 173 903 378 278 85 302 87 414 567 695 103 364 264 366 880 783 410 612 697 921 851 950 738 114 710 373 644 791 842 320 598 468 371 431 207 329 283 734 938 850 19 494 69 683 189 12 744 390 255 830 557 905 933 956 658 580 241 46 869 451 403 485 722 240 23 995 465 37 428 55 76 948 473 950 327 905 455 651 515 361 733 916 528 562 511 607 501 424 385 25 657 834 51 488 616 699 226 658 575 81 661 183 841 787 644 942 26 926 988 234 934 790 587 271 439 902 237 958 419 276 837 369 133 932 82 870 130 975 528 978 105 115 827 955 326 500 797 389 945 178 536 14 472 324 842 467 319 484 559 905 32 729 723 944 218 851 39 858 641 142 73 518 759 63 529 530 589 616 951 868 560 568
58 C
40
717 404 40 713 690 752 311 757 291 649 142 471 447 734 457 444 874 239 832 120 488 872 471 232 983 377 939 212 300 433 755 813 432 805 143 856 142 533 311 552
36 A
135
844 393 510 672 143 100 518 640 319 942 411 84 62 557 222 922 213 58 896 948 913 683 611 394 11 225 205 858 455 529 876 461 888 707 829 86 721 776 875 222 479 261 490 552 514 168 648 362 434 321 136 861 870 208 635 705 156 356 938 474 255 334 283 855 160 988 471 245 751 511 449 151 788 684 491 485 575 890 473 972 853 523 937 982 485 922 860 642 62 233 563 481 928 496 208 807 363 112 9 415 271 436 234 233 909 202 748 858 520 259 915 703 4 43 632 581 576 895 460 125 27 41 935 609 678 153 293 257 842 757 974 418 959 666 350
95 C
89
267 180 218 200 725 107 401 988 980 198 458 307 903 422 721 25 260 675 18 20 653 726 94 718 463 994 392 594 139 776 843 158 507 352 438 105 783 692 567 750 153 779 571 56 62 348 946 227 550 446 696 5 122 838 910 311 555 842 738 557 285 915 84 865 108 210 318 928 597 491 187 873 695 986 973 741 111 989 267 755 320 755 161 721 302 833 381 542 54
82 C
195
798 711 953 353 275 876 207 269 629 114 139 548 714 882 303 880 267 984 951 119 409 380 532 778 346 890 8 283 620 68 563 800 420 391 81 738 800 788 421 728 811 604 71 445 432 460 871 685 52 707 782 156 213 977 704 661 105 424 350 291 334 204 21 848 427 16 586 168 496 545 653 28 953 974 190 580 882 581 487 270 107 593 753 941 748 685 104 925 462 647 198 151 522 60 832 628 642 314 770 174 910 16 707 506 990 326 691 397 522 786 749 65 370 970 375 716 941 785 554 602 707 521 187 304 316 801 594 169 808 390 120 107 643 248 913 524 249 266 403 3 542 856 728 793 282 842 699 769 941 276 965 633 715 288 613 568 181 781 691 48 603 776 557 856 117 501 865 971 211 912 381 782 242 181 306 466 858 489 362 216 656 268 846 457 286 314 263 86 1 154 707 592 274 825 576
54 C
101
935 527 238 891 279 3 275 12 25 278 553 11 95 291 999 123 167 248 978 589 885 262 334 624 770 438 100 209 306 550 188 310 179 482 344 629 802 676 347 328 444 217 409 142 967 979 947 104 959 597 17 254 540 600 193 359 773 383 626 126 336 286 88 126 538 544 255 795 370 693 83 933 187 131 416 533 804 435 450 682 393 518 937 564 440 970 983 68 687 945 790 53 342 944 302 388 37 388 659 207 604
3 C
207
283 382 595 333 590 180 570 194 264 374 303 973 640 14 984 518 280 603 322 518 574 294 970 321 114 343 724 964 971 769 408 361 136 970 409 827 373 778 640 523 33 785 762 314 845 300 133 631 989 597 749 981 766 76 469 552 511 358 84 964 8 302 678 384 314 637 960 766 729 606 342 523 776 235 12 373 463 344 61 204 18 167 344 140 154 110 892 766 771 702 991 479 556 205 615 747 531 191 867 206 269 808 383 391 710 467 943 755 624 896 431 297 294 20 850 934 509 382 497 272 380 371 606 372 693 16 949 820 768 627 113 166 431 885 670 346 668 590 181 114 611 3 814 564 817 535 437 838 417 48 792 548 114 330 911 438 976 109 250 612 705 946 155 87 44 536 205 40 673 286 158 381 525 186 433 536 870 637 843 416 719 761 961 899 189 835 176 626 129 73 762 196 727 319 243 409 602 617 369 216 597 987 215 655 802 362 889
68 S
379
56 25 751 852 869 490 23 219 321 521 547 779 167 924 371 917 490 363 128 713 763 968 253 151 621 232 533 629 881 941 861 184 465 604 330 425 341 214 790 781 743 886 997 440 153 830 100 725 398 163 655 948 421 250 700 927 792 427 66 787 63 115 978 321 955 118 710 187 183 655 635 769 826 998 446 925 979 930 478 102 264 843 167 88 893 860 80 273 441 138 382 421 883 921 221 106 68 293 224 877 784 167 44 938 525 925 450 319 945 154 681 490 232 381 348 633 557 238 564 956 854 33 666 155 146 644 754 463 944 187 653 738 556 890 495 693 205 181 875 357 996 617 277 616 347 424 606 502 225 992 995 719 49 328 764 779 126 99 860 585 934 53 150 126 169 912 125 815 120 698 142 921 125 647 61 655 508 742 748 966 665 699 453 973 288 220 658 800 667 502 390 454 954 601 544 625 257 658 477 460 703 97 823 285 307 900 697 165 481 729 420 987 744 878 223 889 345 37 326 732 714 490 946 153 947 555 401 306 383 784 894 731 815 943 32 852 957 876 878 611 622 339 150 200 319 483 888 428 983 320 581 534 407 278 835 210 996 317 603 578 818 379 268 129 359 746 303 217 354 730 14 480 672 921 993 780 336 728 636 955 619 906 709 920 434 292 246 754 736 220 226 811 460 377 691 974 103 390 308 835 138 915 246 532 153 47 436 559 231 25 831 363 470 698 243 248 130 655 573 544 624 602 654 836 522 779 932 587 945 823 876 50 949 921 184 840 780 988 962 459 547 66 975 454 55 518 998 427 520 550 100 344 519 902 300 869 191 597 782 722 748 410 707 576 265 890 931 936 359 444 166 579 865 52 617 718 872 403 58
13 A
473
315 239 650 680 694 685 14 996 219 27 367 43 694 892 78 610 588 462 991 65 613 920 359 932 233 364 3 555 431 664 867 864 813 134 202 742 613 722 621 420 637 184 940 336 797 979 785 212 854 201 629 664 445 603 966 457 628 458 59 846 596 303 399 54 863 5 975 820 575 307 110 849 428 973 527 789 98 79 956 12 417 501 50 641 448 716 162 580 471 180 10 730 492 996 279 852 553 532 579 519 187 840 49 826 895 417 166 434 652 961 395 151 38 636 339 679 537 76 93 79 23 604 825 810 591 224 408 672 733 755 943 306 242 361 499 334 258 536 802 401 144 501 78 959 644 244 803 935 857 390 444 499 723 198 416 431 384 551 325 781 408 795 200 834 159 58 5 643 1 386 277 305 344 308 179 161 617 47 811 507 60 398 505 370 888 69 659 181 977 597 628 96 930 924 369 912 333 482 61 381 446 948 829 574 154 271 467 453 614 745 205 925 15 887 843 569 181 980 462 568 794 196 822 951 486 696 802 824 701 270 866 712 929 169 8 811 255 128 816 684 589 916 224 857 825 550 340 384 931 574 162 183 535 805 185 194 657 542 726 679 66 91 206 958 531 298 343 292 290 252 371 963 381 947 534 490 466 541 357 164 568 557 559 20 694 840 738 559 30 1 818 14 66 51 379 649 223 68 838 492 524 755 952 237 590 142 241 975 405 182 861 518 547 570 162 39 9 414 496 209 572 33 628 836 473 95 963 377 169 314 882 314 468 361 30 61 931 392 156 769 137 524 997 536 282 503 439 117 61 801 315 725 179 626 294 919 698 465 475 784 883 887 152 193 684 600 295 142 1 454 120 372 448 589 709 426 556 822 189 563 668 351 958 260 730 86 530 249 649 623 272 595 503 567 143 892 442 57 688 80 761 979 666 5 249 503 396 841 104 532 197 730 161 713 79 688 447 38 195 855 209 729 127 433 512 255 427 90 67 248 59 282 519 659 553 428 326 734 633 119 231 341 981 177 951 327 124 92 485 538 288 985 628 85 272 444 151 905 46 31 921 682 205 109 422 606 764 77 531 613 505 451 289
86 C
282
64 254 577 777 96 922 680 744 128 225 267 915 701 288 939 681 482 233 461 883 756 239 849 642 246 578 262 389 667 807 438 148 786 241 868 824 190 7 218 400 703 698 799 704 188 48 696 558 454 601 947 570 181 715 849 982 368 128 713 612 194 488 94 900 134 161 306 688 434 348 331 715 543 398 131 750 642 798 285 43 138 219 491 186 758 140 850 34 384 456 318 684 177 853 334 524 870 965 521 486 777 848 863 502 515 355 910 435 83 28 128 345 872 209 919 291 798 18 123 47 530 253 196 837 577 150 866 922 902 135 685 510 243 115 942 680 32 567 944 311 915 763 443 710 687 689 41 621 648 259 758 993 75 620 185 730 140 818 503 14 672 801 241 534 225 30 693 82 602 594 301 537 762 617 55 546 288 393 298 11 955 369 426 8 930 444 509 929 458 593 285 120 356 650 780 222 279 957 798 889 972 714 92 946 150 48 373 765 624 931 200 248 791 906 253 804 862 127 481 795 472 263 479 31 753 930 63 315 489 129 661 597 533 856 468 130 593 978 505 363 14 68 476 522 391 440 511 616 711 249 455 289 742 974 520 83 292 371 888 652 372 818 257 426 549 964 412 433 164 633 281 486 563 360 864 411 261 495 834 535 494 302
26 S
160
88 161 869 567 356 508 811 56 133 551 378 260 700 335 94 397 724 252 897 329 832 281 541 403 959 270 775 396 448 41 299 40 407 323 818 841 732 775 894 124 442 389 91 236 15 446 169 424 578 174 907 565 990 263 134 25 207 863 916 45 547 547 809 816 529 684 143 266 716 964 745 793 547 611 713 886 781 85 751 761 208 644 274 80 866 621 332 349 708 926 494 582 915 260 712 84 479 902 794 156 431 56 60 655 260 360 444 913 103 532 397 827 294 167 869 619 562 58 701 642 200 108 40 239 327 102 10 354 794 735 908 297 861 245 810 140 517 228 978 102 748 109 516 15 948 115 599 356 823 343 94 632 873 748 977 173 587 977 236 999
58 C
143
158 524 920 775 505 493 829 16 151 668 251 476 930 22 122 66 319 237 229 403 121 751 450 712 530 18 801 624 636 261 59 402 4 470 171 291 918 147 233 959 308 452 925 772 169 716 938 383 298 331 555 229 438 86 635 41 23 962 660 1 557 637 712 718 32 685 307 264 171 557 979 711 769 366 882 899 396 466 872 849 869 181 90 606 227 583 765 108 907 844 81 395 804 467 252 996 707 107 212 937 127 444 932 901 534 15 79 453 817 282 377 613 570 844 965 924 914 857 276 22 338 399 157 65 361 591 24 581 862 223 834 77 528 62 583 379 85 121 935 208 989 195 817
73 A
7
414 738 542 298 993 735 924
1 C
121
254 833 234 292 954 352 549 62 546 251 187 876 649 273 225 151 7 616 673 246 533 784 848 941 403 976 852 837 719 568 97 681 424 76 538 137 950 291 616 247 698 156 361 10 421 190 81 489 824 350 630 951 863 552 89 271 604 529 961 762 554 680 481 939 311 977 238 837 388 350 517 374 56 111 794 942 69 364 865 739 203 965 520 329 319 153 178 124 162 425 120 227 480 111 594 724 910 268 119 627 504 549 422 514 979 893 409 793 520 413 633 375 718 814 895 441 486 56 410 192 447
0
