63 35 36 11
8
208 36 209 208 219 209 239 146 70 221 248 189 59 148 54 255 75 212 41 45 209 163 147 235 29 99 215 226 215 13 209 10 51 135 161
88 246 72 244 74 81 202 220 219 24 71 72 229 224 32 216 211 220 62 148 228 61 215 151 213 207 24 219 87 218 236 93 116 26 215
190 6 209 171 214 238 217 11 135 222 219 71 62 98 172 47 119 221 32 162 115 248 165 214 17 0 189 223 210 240 141 22 161 129 182
33 119 218 212 220 212 215 51 250 70 150 172 0 214 58 128 166 220 216 83 199 0 48 224 36 171 65 114 210 219 98 223 163 160 39
223 213 46 193 77 255 10 75 113 221 208 213 21 31 165 197 220 59 70 189 67 222 209 111 112 75 210 217 153 190 225 49 55 100 140
202 203 224 84 221 119 68 222 171 208 131 183 125 77 135 158 51 216 214 221 87 170 163 191 251 60 21 223 8 148 152 141 210 120 212
178 221 220 111 147 214 231 77 126 215 210 185 18 221 213 248 53 217 29 98 253 237 32 80 218 117 104 225 146 10 125 102 146 40 85
86 157 21 31 63 209 209 213 115 45 7 95 233 13 30 58 58 0 48 211 103 204 213 221 103 218 219 126 158 220 224 126 219 171 83
77 178 220 148 224 161 200 216 115 91 122 17 163 235 215 210 210 208 69 226 210 206 164 74 230 199 81 212 96 240 211 209 101 143 122
216 202 208 103 218 0 213 204 150 83 220 146 221 156 171 172 137 151 214 246 240 138 192 169 22 212 81 5 214 23 92 186 30 41 20
23 120 49 240 59 103 158 224 250 209 222 210 213 49 112 199 233 69 83 224 27 167 244 4 182 110 133 209 14 146 175 236 218 45 224
215 109 202 215 163 216 159 224 198 46 146 181 218 97 133 229 114 156 85 202 210 172 4 109 220 57 229 142 208 222 27 226 214 184 91
222 210 201 219 220 77 42 94 221 209 117 216 46 32 0 60 254 179 171 33 214 220 11 33 225 230 206 124 121 207 160 59 186 181 50
124 200 252 70 105 254 213 213 243 250 97 212 213 210 214 140 34 127 212 126 222 141 216 85 7 109 209 105 214 169 215 216 73 217 113
175 201 219 222 137 30 215 27 224 215 215 217 221 210 206 215 215 215 218 17 132 193 54 240 129 152 77 201 223 217 212 230 86 87 167
75 236 79 221 222 20 219 216 119 252 161 6 26 101 59 37 83 215 80 163 128 244 58 71 184 239 181 216 161 223 216 209 216 210 212
213 216 134 225 9 217 19 79 193 214 218 249 117 232 136 8 152 160 237 44 113 31 221 221 119 183 155 222 90 26 210 218 131 10 207
209 218 73 185 208 208 239 2 214 32 217 210 59 44 83 176 210 15 218 51 210 91 109 89 81 4 240 12 123 163 186 217 74 216 26
220 101 226 224 240 246 220 120 100 36 120 145 90 113 176 160 186 117 54 4 24 52 157 209 27 112 202 106 27 58 181 135 177 139 7
6 66 72 222 150 110 213 219 253 31 198 172 129 131 211 133 5 7 168 134 239 215 150 208 150 70 171 212 174 146 207 181 210 172 215
220 125 221 149 72 221 158 132 203 37 211 0 229 173 130 219 152 164 17 178 75 129 161 32 49 82 39 214 219 9 104 216 154 241 221
221 76 211 43 144 153 116 9 122 108 65 141 174 13 221 193 245 215 159 205 11 152 7 149 29 122 151 241 36 213 11 216 210 218 243
38 191 212 29 76 221 186 188 51 87 77 42 126 208 45 223 18 127 248 144 210 223 223 209 235 17 146 212 108 214 125 100 169 210 42
116 117 102 124 219 54 106 27 116 252 88 161 27 31 166 67 17 165 226 118 5 166 220 209 214 124 156 229 23 74 247 211 217 16 157
103 67 11 223 211 112 141 149 252 90 221 171 170 64 20 186 38 205 62 156 98 52 31 107 114 211 210 133 190 161 224 12 165 162 139
221 243 20 73 158 252 26 216 26 221 131 210 215 206 163 246 18 7 211 168 92 252 189 64 74 109 164 131 218 191 214 197 80 171 104
37 70 216 146 88 47 45 210 212 213 222 246 211 43 20 161 249 20 216 163 212 247 144 82 44 222 212 220 158 16 83 158 215 246 214
112 42 222 210 219 222 222 237 219 208 212 217 223 218 223 215 211 222 224 215 216 217 99 51 103 59 231 217 216 217 127 186 212 209 99
65 223 229 212 208 222 215 211 219 213 98 221 210 208 211 219 211 224 208 109 218 240 164 212 220 99 52 108 53 174 221 41 27 185 179
222 230 218 214 216 216 216 214 216 217 214 221 131 191 210 215 216 215 222 211 215 2 218 176 237 246 222 205 110 108 41 149 103 9 76
71 230 212 216 217 50 209 210 224 77 218 209 209 219 224 223 219 215 209 221 212 80 161 53 185 145 80 216 218 105 182 138 198 87 211
8 190 222 222 209 223 219 209 138 215 221 216 208 221 223 212 218 209 212 213 208 174 243 105 208 208 216 52 209 253 214 53 54 103 7
187 217 208 216 215 76 236 224 212 208 221 210 214 216 209 216 219 221 218 211 216 8 26 221 28 218 210 30 164 101 16 217 211 217 107
128 208 219 211 221 217 211 213 211 68 218 222 213 213 218 214 212 121 217 224 208 211 60 17 160 95 63 156 203 48 136 215 107 5 50
20 70 224 224 210 220 215 220 221 212 57 221 220 216 48 212 23 211 215 213 216 68 254 212 255 235 213 81 111 233 233 209 136 7 117
217 212 211 220 236 208 214 210 216 210 216 221 213 209 210 220 212 220 215 217 209 201 180 221 59 146 77 233 240 75 10 234 214 132 125
225 211 212 214 215 211 214 219 212 212 214 209 216 219 224 209 215 223 223 220 214 65 216 223 87 28 155 209 82 173 187 142 36 16 96
120 31 209 209 212 221 215 223 218 208 212 223 210 42 211 219 217 208 212 220 216 22 156 214 174 207 216 97 41 209 136 248 178 247 68
49 213 165 220 216 221 222 211 214 213 215 224 210 221 217 222 211 220 213 218 218 250 213 78 181 212 235 156 174 129 0 209 179 192 83
208 217 218 214 211 223 218 213 150 224 224 221 222 211 208 221 245 213 208 212 221 135 109 214 216 87 111 61 198 190 158 99 222 116 47
249 211 211 221 220 222 215 216 217 209 222 211 208 216 214 10 223 224 220 219 221 55 33 222 111 209 220 213 19 53 48 48 99 112 252
57 119 241 210 221 210 6 217 219 220 223 215 219 221 222 168 210 210 217 216 223 223 212 141 127 164 95 218 237 221 174 42 96 246 181
177 234 213 215 217 214 211 214 217 242 221 220 216 192 224 218 213 210 209 216 219 97 61 4 175 141 30 11 215 167 144 118 187 222 34
96 217 218 217 217 219 224 220 35 217 209 208 213 216 220 218 29 216 216 223 178 209 3 80 103 170 62 219 1 195 223 52 126 189 46
116 168 218 97 250 218 214 216 219 210 216 208 220 209 218 159 107 211 215 90 220 122 40 14 177 137 94 25 224 108 87 91 218 17 234
207 70 221 214 213 221 222 224 210 209 221 184 223 220 223 216 221 208 223 220 224 84 137 63 173 231 25 172 56 39 98 36 211 215 74
99 224 186 2 236 216 216 183 175 217 79 162 212 79 219 222 149 165 198 240 238 106 49 215 152 210 74 58 212 221 74 253 87 59 216
113 209 46 70 22 252 86 222 64 209 97 218 180 224 193 90 59 87 219 91 126 2 223 124 217 20 71 2 10 219 186 239 100 79 108
131 158 29 83 59 204 221 205 224 213 222 143 57 67 211 140 252 10 213 220 218 3 101 250 222 144 214 215 49 224 213 209 14 148 151
11 148 103 195 99 130 214 47 46 184 90 49 100 150 159 205 223 23 98 211 219 148 212 217 38 182 208 188 231 34 15 253 13 114 217
124 39 221 235 210 228 11 52 255 191 240 0 27 40 211 212 217 216 41 34 10 255 8 57 126 216 178 18 1 53 47 65 242 188 58
58 62 218 70 22 178 97 162 236 218 216 48 104 208 208 224 172 222 8 97 219 240 4 134 37 154 103 74 13 128 57 78 210 78 186
133 216 126 28 40 48 220 69 101 42 143 34 92 139 211 143 239 161 107 124 216 247 237 157 237 180 34 121 227 211 218 221 214 134 60
227 136 130 209 161 61 148 211 64 34 2 149 142 210 50 210 102 211 48 199 46 97 216 18 120 29 246 116 243 206 223 223 84 222 195
236 107 83 224 224 133 203 210 222 211 212 19 159 30 109 184 13 230 239 195 203 9 84 60 219 220 230 184 197 204 37 244 20 230 13
165 197 19 99 5 216 76 23 151 201 134 229 190 120 157 244 163 178 218 210 111 199 189 139 251 204 215 209 5 239 167 215 255 211 214
141 167 241 62 219 55 24 165 241 126 220 128 19 93 200 84 153 45 161 4 12 90 105 231 240 138 220 223 236 93 214 142 118 185 215
173 176 174 150 60 232 217 87 224 178 102 61 95 49 216 128 222 38 125 189 185 211 118 38 221 22 80 84 117 60 230 212 237 241 86
90 146 6 216 104 253 85 20 233 50 121 231 32 20 218 218 31 134 153 216 167 28 242 214 152 32 117 212 242 163 211 172 253 214 185
106 220 46 98 144 37 215 227 111 56 49 142 211 99 184 56 97 223 219 17 233 39 230 188 149 164 214 123 122 223 105 176 253 198 252
58 2 220 105 210 233 162 18 25 215 254 142 11 39 73 143 253 26 145 213 166 222 29 220 157 138 117 178 179 219 0 220 13 208 170
201 201 127 223 222 91 150 192 15 41 157 80 146 153 122 46 19 211 28 222 24 201 114 216 210 218 211 227 40 160 125 37 133 139 210
213 29 228 74 212 222 94 81 104 210 134 112 21 68 219 180 30 83 254 43 1 112 10 29 199 214 199 158 222 11 141 76 146 55 1