68 78 4 65
123
112 127 170 51 229 165 203 169 153 222 231 53 73 47 16 91 213 104 97 19 181 245 99 125 148 184 210 178 247 195 123 195 88 105 132 107 186 102 129 93 180 6 160 166 45 17 124 9 88 255 197 181 37 68 156 117 126 204 111 156 139 46 202 103 124 180 151 137 112 106 87 160 229 232 96 73 118 78
90 180 188 100 64 212 188 251 198 247 171 243 245 255 41 248 165 209 34 10 120 111 67 241 16 245 162 47 62 39 28 120 100 196 7 61 146 90 12 14 163 204 87 202 40 104 248 150 178 188 35 94 227 227 117 191 246 230 137 57 123 116 91 133 200 142 30 212 99 160 177 21 76 178 128 158 51 125
241 184 109 135 208 167 209 186 251 65 98 226 149 140 98 47 145 42 70 145 37 23 196 149 109 232 141 52 203 158 215 38 210 178 205 54 250 33 71 41 83 179 210 71 18 155 12 164 85 19 37 230 203 15 221 84 10 37 49 247 131 124 209 114 23 116 169 248 95 4 51 13 91 248 2 173 123 73
95 49 107 78 145 146 38 155 255 65 174 55 81 122 135 205 22 13 96 99 200 121 126 112 93 153 241 32 170 250 100 94 219 157 61 185 57 139 166 135 120 129 20 159 7 202 39 63 34 193 149 180 206 210 250 174 222 221 217 124 53 195 221 143 125 26 102 9 211 195 33 86 163 7 17 140 12 222
131 209 48 31 166 120 57 229 77 224 5 104 27 20 214 150 226 232 136 121 189 24 157 162 109 174 140 130 137 71 240 20 85 80 122 114 208 15 24 169 183 123 167 49 124 129 55 223 220 204 99 147 11 41 158 97 26 45 107 104 14 136 110 193 151 64 53 154 91 24 231 154 86 32 183 42 251 36
216 89 187 206 6 103 182 157 161 102 114 235 205 179 88 24 253 74 11 150 213 193 146 24 87 207 132 161 136 171 202 232 119 61 127 220 123 38 37 126 192 36 31 237 105 126 192 168 42 94 166 171 25 195 189 152 86 141 9 225 31 24 194 58 24 122 123 204 144 54 61 0 101 242 201 244 146 91
199 140 113 48 189 83 235 137 63 155 254 49 15 207 134 223 58 65 80 110 243 173 184 253 2 5 19 100 227 248 222 109 175 123 86 197 21 220 90 179 200 79 146 77 106 214 11 148 46 200 176 9 90 42 40 229 140 85 69 1 193 162 221 134 36 202 89 157 197 223 16 18 131 122 104 255 194 134
90 242 115 145 248 20 219 225 36 61 87 2 99 8 242 122 112 140 157 128 5 146 248 23 121 118 248 220 197 241 68 167 255 228 247 135 9 243 110 144 32 193 107 75 53 204 163 110 186 136 134 211 30 197 195 244 176 52 165 214 220 147 185 78 119 24 88 198 211 75 210 156 130 175 184 115 198 141
130 99 198 32 9 186 148 247 4 246 216 144 191 124 122 230 91 180 100 250 35 162 49 91 139 48 162 6 195 52 234 171 1 201 235 192 74 40 53 185 190 89 23 198 75 214 43 58 68 104 202 21 99 238 174 50 36 36 7 18 0 223 232 19 136 196 44 39 68 85 160 115 43 188 124 225 57 179
229 197 124 2 246 117 209 100 78 210 132 219 102 103 78 203 215 186 243 250 43 178 85 44 2 145 134 53 137 227 240 183 217 40 130 60 220 154 59 187 144 91 119 152 73 116 57 116 58 173 70 138 239 87 18 32 85 11 89 94 49 31 17 188 136 99 191 255 198 57 116 70 189 61 43 180 81 28
224 4 33 194 198 88 224 72 46 76 207 238 177 120 90 100 7 255 152 193 130 26 191 149 181 125 222 70 243 94 137 2 202 227 35 107 175 151 176 110 72 193 142 114 140 74 250 35 4 148 115 141 13 127 60 83 112 141 188 178 246 205 252 88 34 206 4 111 229 82 202 211 6 194 203 161 179 69
64 52 26 53 60 5 2 239 79 236 235 95 189 37 107 89 200 104 161 3 67 227 88 83 98 145 118 110 36 216 192 155 128 203 102 91 50 74 7 213 226 65 57 204 184 130 50 237 98 163 66 136 35 52 203 228 250 50 18 31 181 9 60 193 180 193 101 161 199 26 128 245 30 65 252 89 126 131
129 186 188 53 116 115 175 132 168 28 96 9 227 109 196 61 175 35 202 153 247 241 119 178 83 155 191 197 112 14 177 209 72 175 2 169 33 151 78 186 173 69 60 152 39 1 27 171 170 46 171 136 2 118 101 211 232 32 122 87 62 77 78 252 30 127 240 30 163 155 67 151 80 105 172 115 92 131
244 119 238 224 194 43 225 74 2 157 30 77 75 193 47 68 103 18 178 230 208 214 155 221 182 187 118 186 141 26 187 34 205 7 74 149 160 154 67 81 94 144 134 23 208 245 83 125 173 103 122 194 20 216 215 199 177 120 166 203 210 193 65 41 154 211 152 164 249 239 82 133 173 219 14 7 43 57
43 215 112 87 241 56 190 111 12 62 95 226 31 184 205 11 65 183 84 227 214 55 235 152 162 105 176 211 40 164 115 160 3 46 75 188 148 140 112 132 75 63 178 192 13 81 20 17 41 96 35 2 3 227 47 124 22 61 73 159 158 111 90 212 158 52 96 163 178 218 96 248 89 165 188 102 221 193
247 196 38 124 30 179 136 218 60 246 118 235 107 141 113 141 153 109 68 151 26 230 222 135 16 138 20 33 120 17 126 42 108 20 21 79 93 158 165 185 146 57 152 246 234 224 75 109 107 111 75 35 231 210 91 191 128 35 193 53 168 145 231 193 64 118 242 7 241 154 88 242 53 197 60 162 39 211
23 245 17 69 66 72 36 105 177 10 170 42 67 26 21 229 83 15 130 206 5 79 36 243 211 132 179 75 144 136 124 188 88 219 145 181 129 96 162 137 182 108 90 112 67 110 116 208 22 230 15 240 231 92 238 210 43 145 146 11 202 62 63 202 245 151 68 134 226 184 76 161 117 0 211 230 214 238
121 116 130 0 135 26 94 62 192 191 122 83 160 88 105 157 242 228 221 102 187 146 2 181 142 193 152 145 36 232 67 23 190 14 106 157 14 20 24 204 162 17 73 42 73 103 129 238 66 231 99 109 82 200 142 64 228 245 246 214 143 46 216 139 50 21 15 26 177 204 237 122 26 90 57 25 181 104
75 11 175 57 245 117 201 87 200 87 61 90 53 41 241 220 156 237 51 203 119 128 47 115 213 5 85 30 142 131 86 81 94 88 180 238 144 85 149 105 181 120 122 59 73 245 18 150 81 36 160 73 185 103 244 191 227 139 105 188 93 112 130 189 126 150 55 164 67 201 69 15 190 174 164 153 202 254
226 250 18 77 178 6 175 226 103 54 149 134 118 117 63 64 177 78 200 145 47 188 211 126 101 54 64 100 213 136 119 172 202 67 101 252 159 99 146 8 250 102 23 36 41 197 154 237 116 204 176 171 204 24 238 237 16 159 25 122 203 243 229 120 250 109 142 52 88 156 215 123 5 212 20 77 53 178
110 130 47 48 74 102 194 82 168 73 148 140 88 146 233 62 88 66 156 144 84 107 4 171 202 84 232 88 20 4 237 188 205 59 115 186 154 232 240 212 166 126 206 211 147 178 162 245 107 244 132 135 132 56 165 118 236 116 174 45 69 186 181 238 79 239 214 6 148 209 255 178 249 31 165 194 78 19
41 55 138 159 8 234 43 166 96 193 21 102 160 159 4 240 128 61 66 15 98 18 153 170 182 87 213 200 255 185 136 118 76 175 231 123 145 30 205 139 127 117 97 17 42 56 129 33 218 14 209 107 126 79 169 248 73 43 103 123 108 88 88 221 150 155 156 225 146 88 176 223 184 199 253 211 26 61
38 74 127 186 125 6 38 148 175 31 87 183 189 127 166 218 38 39 92 207 176 158 46 123 218 160 61 57 234 40 175 187 220 43 130 56 220 185 175 178 64 36 35 121 141 44 243 40 156 228 223 225 102 152 114 167 68 244 131 185 160 17 124 134 84 52 12 157 30 7 139 59 84 87 87 96 145 90
56 33 6 141 202 237 27 165 79 97 158 31 180 2 76 223 113 179 248 163 180 9 4 59 128 188 129 101 150 47 138 151 52 56 252 83 132 252 120 78 135 137 29 61 191 242 58 87 41 232 218 218 157 241 238 157 78 76 236 44 41 67 191 4 64 181 156 29 38 198 231 53 161 24 11 199 231 242
200 21 90 219 57 129 48 180 201 19 176 55 26 95 47 192 127 248 82 9 128 19 103 211 62 56 58 74 144 48 58 75 243 216 185 42 46 195 224 242 166 111 197 251 220 29 70 73 248 167 248 74 131 169 105 207 185 45 152 189 178 123 92 137 0 192 222 103 13 63 9 46 47 96 218 153 127 55
8 51 212 220 114 146 144 47 253 113 186 174 226 143 178 72 88 23 92 215 232 239 224 59 151 2 151 54 48 77 241 83 246 103 5 169 16 239 135 34 76 245 247 148 247 223 205 212 142 102 44 65 218 219 27 48 187 57 253 58 151 152 10 251 252 157 226 171 120 54 193 246 140 16 28 46 151 121
143 192 177 138 55 225 137 229 52 45 189 65 158 214 35 86 192 182 39 205 73 104 96 165 186 61 45 23 167 207 5 142 25 161 7 96 166 152 155 67 96 210 92 20 129 153 148 28 95 72 151 107 217 243 169 152 136 69 47 108 46 251 214 98 171 23 149 103 52 201 87 19 219 208 251 169 210 219
153 142 109 145 95 124 226 162 231 21 119 186 100 10 211 236 166 167 150 217 41 5 200 170 6 113 34 192 112 145 1 201 224 8 166 174 115 168 5 10 56 54 128 113 250 113 149 242 38 219 186 186 214 155 166 238 99 73 244 246 190 79 48 30 27 119 167 230 177 243 93 117 97 182 131 26 79 255
95 113 133 37 103 22 5 9 74 79 233 139 85 20 231 206 44 225 144 155 117 42 115 37 82 144 107 222 99 119 192 53 212 147 221 221 168 168 78 157 101 26 193 145 119 232 64 21 123 81 122 144 84 160 236 157 206 173 238 137 196 31 167 254 200 203 72 145 51 4 255 133 238 98 32 165 149 86
133 225 192 193 24 247 54 102 143 54 72 112 64 108 119 199 75 143 244 225 160 92 203 137 165 124 100 41 80 199 92 231 6 190 47 198 0 59 83 168 59 43 239 187 182 182 115 149 101 9 162 26 70 109 177 248 99 24 220 99 158 184 51 105 157 121 155 199 208 139 71 84 177 117 65 212 36 244
255 100 13 69 149 59 78 121 180 22 244 126 188 180 52 120 92 155 226 33 1 61 171 6 18 128 198 23 2 107 134 127 154 94 9 53 66 209 182 235 83 220 238 143 104 195 104 49 20 57 80 2 216 11 38 165 185 183 77 114 204 170 13 144 5 137 219 124 252 246 82 220 240 17 194 251 164 234
169 112 54 68 220 132 66 97 13 225 213 14 251 199 166 101 158 190 133 224 251 139 127 213 31 103 190 111 94 144 158 68 197 49 184 92 202 24 65 244 131 69 209 215 172 85 245 19 229 165 222 239 91 177 209 200 89 251 1 128 77 184 3 136 215 197 217 133 14 221 156 3 64 119 3 154 212 72
246 15 50 186 205 81 87 124 169 82 73 58 155 219 78 19 183 103 154 135 82 105 93 253 7 186 27 19 50 221 82 6 107 54 92 196 132 218 134 34 74 76 57 70 56 118 199 48 123 129 232 154 90 135 151 148 6 206 5 229 63 56 94 1 120 161 122 19 213 190 202 230 204 209 134 68 231 132
34 153 102 229 86 219 75 240 45 132 208 81 251 33 67 217 18 82 226 102 125 77 49 31 182 63 117 104 77 115 254 118 190 112 218 206 227 197 35 212 97 26 255 103 191 66 153 220 227 232 216 92 45 178 79 105 27 90 127 200 157 42 153 109 103 162 184 87 198 82 81 206 242 91 55 201 15 160
58 13 211 63 9 139 187 115 144 119 62 159 116 122 119 120 157 153 12 237 172 160 205 67 20 57 172 185 73 168 5 203 64 176 66 25 113 111 168 152 28 119 128 211 119 243 10 119 148 142 22 0 249 118 133 243 100 111 115 248 72 171 47 24 116 115 228 37 197 73 222 233 95 45 210 109 56 5
231 156 41 72 17 243 159 162 209 64 184 249 238 49 225 72 150 2 145 69 165 223 243 84 7 95 37 73 40 18 156 55 138 9 4 146 177 151 186 138 14 105 164 31 180 11 243 86 113 77 86 148 23 164 117 7 186 95 184 156 223 217 77 119 25 210 88 163 167 47 132 160 89 132 71 143 41 14
228 213 247 28 17 180 173 106 133 64 248 89 2 80 34 196 142 194 159 65 125 216 234 95 54 37 48 68 51 233 75 224 77 2 133 73 13 118 104 156 7 238 51 118 39 78 137 207 80 44 24 54 181 206 17 2 77 130 206 61 215 151 122 19 67 209 236 136 182 229 14 41 85 236 48 229 236 162
195 175 125 146 223 21 188 111 119 46 135 65 3 149 70 229 131 238 243 1 126 92 232 162 171 32 129 147 121 12 254 238 189 206 160 64 209 16 206 107 211 44 209 140 236 236 25 103 10 175 11 77 98 149 0 41 3 247 35 165 153 241 35 240 24 16 121 38 23 190 3 167 79 148 25 184 94 233
181 189 175 240 35 219 184 112 85 187 120 241 26 145 82 156 211 160 207 107 97 105 166 121 41 25 236 189 230 37 54 168 154 16 228 81 172 4 151 175 225 231 109 55 28 58 154 146 75 59 48 107 155 136 103 155 73 44 32 111 47 74 79 49 213 225 39 142 163 245 254 126 140 221 102 245 250 234
64 218 166 201 251 235 136 211 151 138 38 132 170 69 220 8 74 191 63 133 141 20 223 27 44 150 34 75 202 79 25 185 168 13 39 166 214 107 51 116 56 92 109 221 19 94 222 141 172 71 130 115 187 191 140 72 243 92 30 202 134 77 55 129 153 75 212 45 213 31 162 207 0 113 189 47 71 243
85 183 38 229 72 177 118 21 164 181 71 166 145 92 252 96 183 42 182 175 214 202 19 204 147 89 205 25 86 185 103 105 16 10 237 226 142 215 156 231 126 221 54 79 209 156 213 154 0 25 86 132 165 124 199 16 102 205 154 94 26 248 222 42 58 204 56 252 46 56 201 99 196 13 78 222 125 144
14 192 66 77 72 67 245 253 177 165 61 46 57 237 228 17 192 2 166 68 66 3 138 126 193 163 51 2 221 150 66 205 248 167 37 174 248 62 91 8 38 113 51 133 128 174 98 98 226 0 100 242 92 28 168 230 11 146 8 32 50 169 75 38 130 23 166 83 217 98 17 177 194 148 198 18 224 5
101 81 70 89 158 240 165 235 182 151 128 177 1 154 6 30 169 231 12 118 103 161 41 0 127 116 153 86 8 163 49 161 192 123 136 182 140 237 78 60 188 62 229 167 2 12 198 10 18 194 93 252 252 216 143 63 176 254 59 191 202 104 82 244 123 128 71 62 246 218 190 235 228 203 249 222 86 235
139 128 155 133 178 43 196 242 18 241 140 254 133 131 185 243 126 0 195 96 127 11 113 120 82 141 90 187 146 212 213 178 151 157 221 67 226 239 210 14 23 11 205 239 54 78 124 37 10 179 184 251 2 215 110 170 208 76 125 107 113 22 86 162 246 220 81 134 11 207 121 165 35 236 239 88 51 114
19 160 193 66 221 88 184 26 116 14 23 3 126 159 81 162 82 121 19 205 154 29 207 193 175 0 130 201 34 186 71 141 225 239 129 178 201 54 2 58 104 219 230 188 211 186 91 178 94 102 55 227 91 218 163 73 204 88 10 155 47 28 241 106 166 72 251 33 195 34 104 231 196 198 4 97 14 55
37 239 63 215 158 10 31 185 51 58 211 40 48 36 169 217 186 52 233 75 233 253 172 28 200 199 6 139 37 229 105 178 191 217 156 200 247 221 70 58 76 188 93 132 78 85 204 162 234 213 14 136 3 66 180 55 217 206 147 245 23 122 49 179 167 237 233 65 88 114 112 88 224 174 192 207 106 26
208 84 95 56 170 163 46 133 17 228 35 174 224 11 67 89 59 4 20 9 216 50 221 96 108 128 182 55 51 164 92 104 155 153 69 22 174 164 44 112 93 34 221 26 39 100 12 138 26 25 65 191 94 246 18 2 143 80 48 99 204 177 41 37 235 149 162 124 108 200 244 102 204 219 100 215 130 253
195 116 78 45 188 118 146 113 235 73 1 16 209 159 137 74 11 202 190 133 214 85 100 19 131 17 121 48 34 122 145 250 235 70 1 54 252 228 197 153 130 221 202 75 146 56 158 105 197 144 99 102 119 10 30 193 113 17 234 216 196 91 82 151 101 241 246 92 35 226 186 79 185 63 12 10 42 238
56 37 197 216 38 72 105 182 132 186 149 121 227 190 1 112 98 246 58 140 64 181 213 110 109 185 108 165 167 101 98 86 80 88 57 240 161 173 167 65 123 81 216 199 83 45 209 196 107 142 58 175 5 84 123 247 26 23 156 175 152 222 24 70 130 187 150 178 255 133 194 198 199 198 163 230 197 123
29 238 181 251 32 38 214 90 77 13 219 11 244 133 22 7 37 130 206 158 57 101 43 14 125 78 84 205 249 168 30 48 158 165 55 182 83 163 230 36 244 75 196 100 29 17 61 227 24 40 130 220 44 171 70 221 41 81 181 106 38 163 59 211 238 70 251 70 49 19 96 195 52 117 123 146 106 210
181 247 55 239 125 185 235 136 27 178 161 140 139 134 158 52 3 163 87 184 39 245 137 57 3 40 74 197 216 28 124 209 240 171 158 223 117 5 76 14 109 44 231 74 31 235 26 165 86 59 35 144 88 230 7 157 34 50 104 186 90 207 116 238 141 191 21 27 101 214 166 57 156 147 44 137 246 79
183 151 85 28 62 72 89 111 219 19 124 149 88 196 51 50 109 138 6 68 187 63 138 33 47 208 165 7 44 179 60 204 118 62 187 208 211 171 46 214 251 104 169 191 158 149 109 229 118 48 131 165 156 183 225 151 233 222 250 137 229 241 50 206 47 45 227 79 234 241 178 209 174 158 200 240 3 160
163 155 62 155 78 118 7 117 16 59 172 198 41 11 63 205 157 93 213 227 134 166 182 229 244 4 112 128 150 225 209 138 6 64 211 38 209 14 10 143 69 243 103 79 29 66 164 229 144 76 20 209 253 98 64 175 71 37 96 250 29 24 212 154 197 41 54 188 149 149 190 205 180 216 117 65 163 218
214 53 27 56 75 217 234 239 10 153 245 39 60 54 206 180 219 35 128 66 54 91 124 31 224 30 71 79 222 217 19 10 147 251 34 34 176 208 70 67 178 241 66 17 145 195 52 243 99 84 199 151 112 65 46 6 25 85 28 15 8 239 10 113 185 1 243 49 175 87 12 172 199 22 83 208 174 194
107 139 239 157 53 105 71 193 135 61 198 22 98 66 134 34 186 136 120 168 212 8 18 68 86 149 39 77 194 125 66 41 174 59 101 61 89 104 56 236 176 208 232 93 191 244 215 32 204 162 231 63 216 76 6 154 71 19 43 217 54 198 238 81 130 150 186 84 199 13 237 97 33 102 251 6 207 106
4 98 197 20 39 23 199 234 123 96 10 229 238 195 77 42 98 39 101 83 179 226 60 124 252 173 163 46 10 122 37 12 191 242 47 29 247 245 180 241 224 212 178 178 252 179 2 36 75 5 58 199 204 8 38 172 49 19 8 201 33 104 18 232 152 14 28 59 170 82 63 140 230 20 120 166 80 91
37 158 86 243 96 34 209 83 169 210 142 128 165 118 241 63 148 228 78 58 145 219 18 99 30 177 93 178 171 164 61 212 95 162 130 195 220 190 51 32 47 182 112 244 250 10 138 41 55 63 149 216 14 253 28 86 75 18 227 212 218 190 117 140 176 81 202 49 7 126 88 91 207 82 133 55 82 83
58 19 174 37 212 110 213 169 186 182 239 88 207 144 27 113 51 97 113 160 87 167 241 37 212 211 75 155 209 180 34 28 62 168 122 213 104 194 124 77 173 241 103 41 72 119 6 194 209 12 15 187 67 28 77 117 176 156 33 249 95 8 102 129 109 136 237 70 161 118 40 202 247 79 104 202 78 153
162 59 42 228 213 119 114 211 40 39 8 235 202 217 163 182 24 46 250 165 220 126 186 167 24 60 57 24 200 221 179 182 207 91 240 251 149 129 121 120 31 17 110 90 233 59 123 41 101 233 46 126 211 164 24 123 153 35 221 208 198 45 194 179 54 38 33 2 13 214 209 151 174 210 116 184 105 87
166 230 39 250 169 125 221 255 74 72 187 88 196 246 125 175 29 89 186 1 22 183 51 31 181 40 67 187 22 149 81 139 130 181 42 253 156 211 93 174 0 126 128 154 119 204 202 67 111 49 188 185 175 40 144 224 100 134 82 19 131 102 103 140 117 127 200 217 198 119 242 18 74 206 231 183 161 146
22 18 197 210 253 42 104 140 167 28 12 32 123 62 162 9 151 157 31 10 117 1 69 187 131 174 243 219 42 8 81 95 143 96 38 178 113 70 80 188 165 50 63 19 25 44 0 255 182 235 20 197 104 242 255 220 85 59 22 137 245 6 226 169 211 236 27 148 187 66 223 162 131 129 21 180 32 242
26 244 84 160 186 16 251 199 94 170 112 144 76 132 245 75 63 231 239 236 55 102 150 255 31 161 226 136 201 108 52 35 59 146 66 18 99 208 94 88 161 54 0 17 180 221 115 176 124 19 237 42 125 110 40 127 23 138 5 117 145 32 223 177 58 142 103 9 244 118 70 137 240 153 18 189 229 177
82 5 22 12 197 122 104 89 57 197 238 237 220 181 172 29 247 252 161 167 173 145 114 154 5 206 186 150 30 79 207 245 189 223 24 213 68 2 125 230 243 108 46 230 132 138 29 232 204 161 217 136 91 221 178 59 12 46 127 36 184 34 63 104 185 219 124 75 7 153 29 67 227 235 127 101 51 220
159 205 197 104 80 206 153 1 74 209 62 31 11 198 52 45 42 251 112 241 8 94 230 161 188 142 182 217 122 115 147 181 191 174 43 227 136 76 213 213 123 130 217 212 21 2 4 64 196 170 224 194 230 135 196 226 108 237 201 149 77 62 232 247 156 48 249 62 245 17 233 115 127 72 199 223 142 45
242 35 100 191 208 224 77 161 13 36 125 118 196 201 155 224 6 250 159 238 26 112 199 254 4 233 139 220 26 118 31 162 53 180 212 33 160 179 178 24 196 174 221 185 165 134 72 38 208 231 22 214 14 142 133 10 125 109 100 125 73 248 196 7 95 52 97 103 115 230 192 45 7 72 247 9 68 19
235 218 138 160 134 48 75 234 104 242 172 211 171 140 204 234 243 197 73 52 252 75 155 242 220 127 85 115 11 164 242 20 254 163 217 138 222 76 76 238 126 33 118 163 129 229 4 194 213 252 17 160 22 17 97 44 52 178 61 20 110 172 194 168 149 121 249 182 61 253 235 96 241 74 58 67 215 36
152 210 185 70 240 117 225 139 247 143 5 157 113 207 58 35 172 81 196 6 228 56 76 56 79 167 237 137 49 190 21 37 57 29 201 135 185 238 234 131 67 149 254 143 28 37 96 224 137 210 155 93 140 158 239 23 217 127 29 191 164 82 110 229 47 149 68 126 94 228 224 3 82 85 221 157 82 242
135 79 219 72 5 162 152 174 236 68 223 131 62 183 41 30 146 123 180 244 230 87 28 114 48 245 41 150 166 182 95 196 8 175 170 246 219 16 106 196 31 185 166 122 183 63 93 227 157 143 161 72 68 109 173 130 145 168 93 112 56 43 133 186 155 223 216 135 13 65 66 44 243 40 119 8 225 12