96 95 3 44
120
139 161 178 31 93 245 206 60 154 157 127 252 3 42 146 89 253 21 123 72 32 230 176 11 24 125 164 43 155 12 116 45 199 232 0 102 111 14 76 136 9 98 41 137 58 48 76 65 11 180 102 30 162 0 96 97 36 71 76 108 161 149 149 205 119 134 99 195 232 125 225 233 222 55 7 88 0 0 109 181 227 48 14 181 34 33 108 0 105 238 0 153 207 132 3
26 129 0 215 50 132 243 64 0 81 101 0 23 207 202 227 120 196 2 77 128 23 36 101 128 157 171 4 133 179 141 2 198 0 26 26 42 66 130 0 175 167 0 0 50 177 11 113 12 173 21 0 0 169 104 246 159 156 54 55 152 134 62 204 173 115 239 152 211 169 0 9 156 178 111 168 40 108 66 3 5 176 0 57 93 255 218 134 244 230 86 238 129 192 0
100 0 136 103 228 240 143 144 69 71 155 74 59 156 0 30 15 164 121 245 72 131 146 122 37 170 143 158 76 83 146 30 82 159 99 0 63 0 0 2 110 117 114 60 0 28 0 30 50 152 142 137 81 0 151 0 85 12 19 227 30 13 212 231 0 193 32 136 82 235 12 25 82 109 156 59 149 168 0 191 120 75 217 63 154 173 15 170 23 32 41 17 198 117 112
179 234 58 148 252 220 107 137 35 143 48 198 210 38 4 34 101 166 212 164 87 154 124 236 46 214 63 118 10 147 55 67 172 37 87 176 61 37 178 81 22 168 0 0 76 0 74 121 0 83 69 35 108 43 42 23 50 114 120 47 28 125 20 161 91 17 26 154 30 236 153 47 174 0 55 130 70 66 51 193 103 112 83 0 35 130 93 213 8 17 111 0 194 66 91
83 154 207 251 164 133 246 76 72 182 23 47 33 116 92 98 16 76 185 65 107 89 250 16 131 5 166 248 110 252 24 157 132 28 0 0 0 0 0 140 97 140 109 98 161 0 111 105 33 64 59 14 0 151 0 0 146 149 134 116 223 147 116 100 197 212 236 116 0 0 182 89 211 224 125 52 124 60 156 69 40 119 201 224 118 222 0 243 41 12 0 127 17 15 86
77 254 129 128 242 152 111 0 192 254 81 232 95 193 19 217 21 99 148 158 187 43 0 255 54 133 243 151 19 0 79 138 48 0 169 151 0 132 99 0 0 127 148 0 0 87 123 29 137 9 51 62 130 110 49 144 217 167 4 78 155 0 5 136 109 41 117 79 17 15 97 242 132 140 205 0 183 59 222 53 0 124 234 57 140 4 172 222 216 0 74 196 191 165 126
44 9 19 72 249 142 169 86 91 139 52 154 195 181 125 58 100 61 236 129 239 216 26 0 154 107 198 174 209 218 240 221 32 0 13 108 4 0 0 0 143 0 148 0 112 172 0 114 22 103 85 0 29 131 36 152 15 238 64 193 245 103 60 78 252 158 63 219 11 160 255 6 231 58 142 42 130 136 93 3 250 110 80 60 141 190 85 27 146 37 196 66 0 117 131
12 139 25 33 242 40 255 7 91 182 231 99 242 46 22 22 207 86 26 155 0 89 177 95 47 139 164 51 228 93 159 100 171 53 23 111 103 24 56 158 118 94 94 147 0 0 174 0 0 0 106 229 0 0 40 255 145 122 171 134 5 48 88 42 6 210 196 245 159 134 29 243 126 68 149 202 210 31 15 17 2 117 121 183 80 74 188 219 52 252 50 121 0 80 42
199 59 0 18 207 105 143 113 167 205 122 236 166 24 21 0 248 115 237 247 216 155 100 227 236 100 148 213 0 29 16 95 109 2 46 66 128 105 172 108 66 0 27 149 99 0 0 160 114 180 155 0 97 0 0 105 179 35 36 180 170 71 180 38 45 165 170 45 163 171 18 122 10 23 93 250 244 72 98 169 233 247 197 171 37 132 112 235 104 173 40 140 35 225 253
133 0 169 187 250 78 187 98 107 133 127 0 42 207 0 127 236 121 74 88 19 0 175 120 149 136 27 52 193 183 86 54 116 9 0 125 101 161 105 79 0 0 44 42 0 30 15 73 0 53 0 149 80 11 16 66 37 63 187 60 143 152 158 243 51 48 33 238 192 38 125 139 86 239 176 162 91 119 95 47 34 159 192 232 228 37 139 41 175 32 32 40 195 77 0
73 20 0 246 87 226 179 49 247 153 28 8 166 0 105 61 198 230 0 41 210 160 233 84 77 149 179 133 147 178 62 248 21 4 180 166 0 50 17 79 179 120 161 135 0 153 111 48 80 94 23 108 116 38 135 106 50 77 206 90 14 133 237 50 20 155 199 99 141 177 89 122 127 15 188 32 221 74 126 136 0 189 33 71 53 163 232 93 147 160 58 227 37 33 75
100 0 184 20 191 75 49 138 226 86 180 10 184 4 244 255 40 12 197 10 130 59 143 132 134 222 178 93 103 46 157 124 240 57 171 179 121 0 180 139 4 90 109 0 78 109 0 163 46 43 175 175 36 169 102 15 196 225 0 28 234 29 0 146 29 122 40 254 117 0 247 118 145 179 97 160 253 203 232 138 119 201 43 64 157 64 167 224 26 122 24 233 106 21 163
173 119 34 103 103 211 174 109 53 79 152 13 194 13 20 194 47 115 97 220 166 181 58 149 146 150 181 251 99 200 214 132 143 0 62 84 33 67 0 115 103 180 98 163 0 39 8 20 156 143 138 0 96 21 199 29 0 202 6 117 196 88 213 73 113 155 72 112 140 208 176 174 7 41 166 249 143 116 201 6 217 72 144 61 68 72 82 68 124 27 163 98 103 67 147
12 48 138 20 97 12 203 117 214 211 202 219 119 227 106 77 116 170 193 198 150 0 239 143 182 80 14 181 57 177 13 69 145 0 63 17 254 133 29 0 23 96 47 172 9 91 83 10 4 97 163 62 0 6 0 153 77 186 145 118 24 232 170 91 97 103 74 111 74 253 196 15 51 37 136 47 85 180 124 95 18 189 138 175 100 16 103 233 92 36 154 0 39 137 120
193 241 92 140 82 8 186 0 193 194 73 8 181 0 223 0 125 11 185 42 209 133 168 20 116 103 171 248 76 83 174 199 175 4 0 156 0 68 55 126 21 154 161 18 0 89 0 166 140 0 210 0 0 156 128 125 204 81 132 67 64 206 17 244 120 110 177 142 106 249 214 98 236 91 244 245 77 174 4 225 25 105 98 59 111 0 131 142 53 0 190 127 64 84 240
34 42 235 79 230 151 236 249 82 2 125 111 43 140 227 86 140 197 15 0 149 209 81 76 104 179 133 107 22 17 228 194 91 79 188 0 91 82 219 94 244 161 53 218 205 53 62 164 68 128 46 244 8 140 88 90 137 31 31 238 11 76 176 85 85 239 165 189 146 103 87 196 145 109 89 44 57 185 135 19 87 37 37 176 9 153 146 76 112 203 122 155 19 138 45
211 186 10 219 33 197 23 92 243 138 147 188 249 224 107 91 80 56 129 100 72 208 47 80 88 87 83 242 71 137 58 79 187 228 126 215 0 54 163 215 202 48 10 254 32 226 252 95 185 0 157 85 121 234 127 131 53 236 97 134 222 8 182 0 40 163 190 12 188 97 240 152 193 155 105 136 25 90 161 213 194 189 50 3 158 0 43 138 208 227 87 190 151 192 144
205 66 71 30 96 65 167 185 67 147 107 172 57 253 170 23 100 5 51 123 48 91 196 172 134 126 157 84 235 173 51 158 54 116 82 202 212 86 2 123 119 99 78 205 68 94 38 5 175 55 177 57 219 31 54 76 94 0 135 105 233 41 84 51 148 126 144 222 0 24 48 117 37 241 177 172 71 222 4 173 186 179 38 178 18 132 158 145 238 13 0 0 0 27 69
159 175 40 111 102 142 143 34 153 13 204 86 80 0 165 101 84 190 254 143 155 169 163 0 204 0 233 175 128 71 110 29 107 63 0 163 176 249 149 213 110 171 206 121 120 142 249 175 181 159 116 153 82 230 39 222 133 195 144 193 77 35 181 0 88 232 20 2 141 60 12 34 0 159 189 71 188 56 34 177 83 71 118 238 177 96 55 47 96 105 244 29 89 44 236
236 179 37 191 113 0 127 23 0 116 176 128 8 37 186 11 74 44 211 17 173 250 129 170 225 137 215 250 105 51 103 175 152 132 253 19 48 178 4 181 98 235 117 61 77 110 223 180 19 0 70 233 123 167 16 54 180 225 184 249 147 29 167 161 82 114 47 3 134 17 138 0 28 227 196 2 118 56 121 18 147 104 116 43 227 198 109 83 70 113 217 161 139 52 79
95 241 89 245 55 156 7 241 179 60 55 62 45 230 194 47 21 232 109 138 238 22 156 112 108 8 0 104 69 61 95 88 152 203 107 252 46 0 30 102 171 127 183 239 44 194 219 117 99 218 32 85 121 153 20 41 65 0 103 231 192 106 92 80 139 41 94 161 0 68 37 195 59 187 218 121 179 53 193 26 0 35 222 81 112 71 223 22 87 47 48 194 245 43 44
56 84 58 0 67 69 185 71 143 26 131 29 143 18 93 103 129 158 121 0 50 82 182 147 180 99 58 85 245 11 117 170 48 28 225 30 213 33 35 146 250 75 122 112 230 150 115 198 128 123 205 101 202 194 6 225 9 163 214 57 139 187 112 18 84 19 0 170 200 207 251 216 85 45 65 220 156 129 43 156 234 87 0 180 136 139 154 41 217 216 145 33 0 85 231
35 3 85 223 36 200 107 133 94 0 91 217 155 165 141 24 241 0 30 58 166 4 197 193 3 14 111 139 177 156 5 213 152 208 179 94 157 248 180 144 28 19 194 162 112 94 204 180 45 122 112 221 153 104 251 92 149 179 33 0 90 149 237 0 228 36 253 4 48 33 170 9 32 20 124 141 253 137 44 242 0 32 0 234 3 220 255 214 143 108 216 16 50 10 190
159 7 116 194 154 73 187 5 238 208 44 49 0 132 208 138 47 151 13 122 2 191 10 175 130 148 106 70 180 40 17 155 225 106 0 238 82 162 189 251 247 130 45 23 114 65 100 112 130 126 140 134 237 75 50 253 119 36 213 29 87 80 97 38 0 232 26 213 210 173 180 57 148 247 41 32 150 56 182 19 161 38 94 254 215 68 194 224 38 130 191 40 116 124 185
243 184 255 108 145 24 212 81 212 143 78 177 6 106 164 46 228 135 219 126 119 55 168 0 203 54 148 72 152 75 238 79 4 157 0 137 59 149 80 0 12 169 225 252 154 203 167 238 118 0 168 9 149 150 187 132 17 118 89 65 209 88 8 129 230 37 105 143 74 213 15 0 233 203 137 232 170 6 25 5 124 178 190 212 117 123 135 173 177 153 19 0 163 86 31
66 224 101 43 228 3 174 8 28 0 199 59 20 230 241 247 7 201 40 217 2 195 101 124 2 151 33 187 145 97 251 114 192 215 156 58 206 223 127 42 247 37 145 73 0 232 187 187 228 102 133 57 167 250 49 57 4 145 131 168 85 81 62 149 225 20 172 107 139 133 198 94 137 187 113 227 141 119 165 123 251 32 194 142 81 137 0 111 59 121 145 93 211 92 70
51 61 26 73 56 70 141 131 0 180 206 39 105 6 119 138 230 204 200 246 43 26 18 213 4 24 255 216 223 194 155 97 89 65 1 13 10 108 214 0 175 7 92 2 147 255 192 32 48 0 87 146 112 15 41 100 84 3 241 88 124 119 103 72 102 72 39 233 135 227 49 52 125 101 92 3 48 93 0 34 80 78 61 36 171 19 90 54 20 80 51 246 78 163 195
190 13 249 70 89 146 152 156 104 101 10 6 156 216 27 173 139 145 239 159 106 69 21 128 184 10 173 125 157 241 36 174 0 109 160 87 152 105 0 75 65 242 12 117 33 203 0 123 23 163 85 177 159 134 103 113 215 54 109 124 84 86 6 191 218 113 38 0 175 196 39 78 252 7 89 204 101 102 219 40 239 196 143 202 143 93 135 74 238 247 148 198 129 128 0
230 20 247 254 50 14 86 139 136 143 87 224 182 58 212 106 38 206 39 89 126 54 213 120 173 65 190 185 221 137 83 0 180 156 184 15 33 102 80 77 163 0 209 193 159 166 111 223 76 29 23 101 41 59 60 163 33 117 228 231 118 173 94 187 195 138 231 55 58 239 100 71 190 107 170 0 14 116 0 216 65 42 191 94 53 124 142 141 241 251 103 44 176 144 67
91 179 118 104 65 224 230 155 119 12 69 44 246 155 104 10 0 153 165 33 180 187 0 39 55 113 72 0 42 201 255 33 145 28 124 142 179 83 44 168 158 83 72 77 254 203 136 28 58 161 189 154 236 3 227 0 140 65 100 253 254 26 215 244 116 137 40 9 187 232 73 175 189 249 96 73 56 55 0 203 228 223 72 68 67 227 243 47 210 46 7 135 0 166 169
2 239 106 71 6 68 0 79 153 158 105 208 150 103 109 220 116 69 91 81 192 20 84 116 96 181 255 112 238 209 158 40 232 17 80 70 187 198 166 37 82 187 178 90 236 240 0 176 142 135 143 197 177 51 49 20 68 83 151 70 180 99 197 0 25 61 48 0 11 228 232 249 15 148 227 168 163 233 125 179 120 136 211 32 60 249 114 10 176 208 165 201 74 21 175
147 221 57 235 34 205 115 54 0 208 99 158 93 131 75 206 215 149 136 57 86 18 157 84 190 170 193 159 114 30 212 0 29 37 132 131 3 121 6 53 228 99 92 238 181 200 146 103 148 171 177 197 26 117 212 247 114 148 76 182 215 232 252 232 44 3 243 156 152 149 158 189 196 20 254 139 132 16 119 161 14 151 20 57 128 208 125 237 78 17 247 76 162 243 30
185 195 141 48 157 2 2 139 103 74 0 81 65 10 191 39 215 220 81 182 142 95 111 52 250 185 19 175 27 126 63 213 0 213 144 161 208 4 146 67 0 135 216 179 240 106 100 5 177 69 170 230 236 102 115 28 211 119 63 230 192 60 15 50 33 85 58 14 179 40 237 119 182 233 228 160 155 121 6 92 0 19 210 154 210 156 226 187 214 225 179 87 118 136 22
166 122 242 19 58 85 240 112 213 65 43 179 1 252 106 162 0 3 147 164 49 233 210 36 236 96 115 108 128 5 240 252 23 20 56 73 209 169 238 87 190 105 110 202 255 190 33 239 158 70 204 118 0 120 98 28 109 12 29 185 32 216 194 50 135 54 38 154 101 168 216 215 206 67 67 223 34 175 248 57 96 160 60 0 215 0 244 220 17 170 111 0 0 105 154
125 108 122 228 92 138 214 12 39 95 139 75 134 212 107 142 188 38 138 0 224 221 45 123 0 113 95 89 0 131 127 0 120 180 54 3 75 47 209 183 91 49 176 221 138 231 36 2 0 54 182 176 40 107 127 57 225 113 93 26 67 177 197 246 148 51 97 5 152 88 207 251 22 249 96 74 61 205 97 101 0 127 70 107 8 53 198 206 180 10 100 16 23 216 246
13 184 20 57 41 248 0 124 158 20 231 180 53 176 110 133 33 0 129 155 98 242 150 248 162 219 116 27 215 40 236 193 36 62 91 255 234 194 12 182 84 251 193 245 30 129 111 145 139 179 11 96 119 106 224 25 124 244 0 128 89 102 178 0 33 8 72 66 0 34 87 155 143 103 111 233 126 94 134 156 243 68 73 216 93 124 218 21 248 96 26 203 53 200 0
33 118 11 119 57 2 22 154 12 45 255 119 213 54 56 45 154 121 161 13 137 97 173 118 144 171 153 62 57 202 130 90 123 105 118 187 150 19 114 174 217 242 56 49 97 206 187 123 99 247 118 197 0 56 156 4 118 88 74 137 192 211 31 236 0 98 213 139 74 57 4 60 98 255 251 104 81 33 33 153 137 153 32 17 0 151 222 190 92 141 164 156 90 109 182
24 1 69 115 0 204 0 78 38 0 169 235 203 79 213 208 179 14 101 83 158 112 236 111 107 115 132 122 4 159 31 158 77 179 232 88 0 0 203 170 0 24 235 97 84 45 84 139 171 186 223 152 216 4 0 182 6 173 64 204 218 120 127 188 0 223 160 0 74 22 177 250 131 240 130 216 165 206 50 130 0 147 31 31 140 32 228 27 193 24 173 218 139 83 3
145 184 106 20 59 61 8 67 74 163 116 47 181 71 3 72 183 196 39 97 189 107 171 148 120 0 146 3 18 49 120 214 177 76 16 240 34 147 202 81 81 25 249 72 0 214 153 221 95 223 6 139 165 156 117 44 145 190 102 178 213 85 125 13 183 115 74 47 21 0 10 163 119 51 188 78 60 122 170 141 104 72 37 96 118 48 113 223 174 94 92 104 167 238 172
68 115 237 114 180 72 154 95 135 127 161 164 36 125 118 21 176 141 167 129 95 0 119 190 185 86 5 9 163 9 0 163 14 200 89 221 8 46 149 98 114 216 236 210 0 38 103 28 25 16 179 212 0 177 119 175 250 109 0 0 232 93 36 123 64 27 30 133 44 52 82 170 17 65 78 170 0 26 236 177 3 219 88 226 30 188 201 209 93 0 55 30 242 83 137
197 132 245 38 164 94 104 179 168 16 189 150 139 0 145 152 51 248 153 137 9 101 208 149 188 238 170 49 110 74 98 180 186 173 161 0 217 231 64 144 96 224 215 209 164 222 49 72 72 121 105 22 173 160 175 147 49 42 112 31 76 150 195 42 173 240 17 33 182 59 213 13 0 161 0 123 181 218 154 79 86 31 182 136 32 124 249 44 190 169 0 167 202 178 41
97 155 244 115 47 227 21 36 171 60 248 96 223 197 165 80 24 71 233 0 17 114 98 181 112 95 167 0 107 74 0 136 213 123 130 37 186 165 139 137 73 90 183 172 243 98 183 201 81 175 75 37 92 26 25 127 249 142 231 85 83 60 25 232 61 58 86 83 30 3 120 16 116 156 154 146 251 250 150 154 221 62 27 246 98 228 227 197 241 46 230 170 144 87 70
239 212 142 74 214 26 164 123 22 20 185 74 246 80 3 79 85 101 122 229 154 244 249 230 183 81 105 0 221 59 29 255 3 32 7 252 252 99 190 97 38 8 113 86 130 247 0 18 121 165 132 188 189 91 57 146 167 230 243 243 158 11 229 60 157 200 174 151 184 246 223 60 161 88 219 43 117 254 96 88 0 12 122 57 0 0 75 204 19 147 158 12 35 137 115
43 170 16 170 47 88 145 27 170 200 0 194 58 97 137 244 13 56 250 73 65 21 53 173 53 30 182 237 54 128 79 165 135 14 0 212 249 0 42 30 154 145 224 82 22 109 41 71 76 170 23 125 129 227 106 56 0 0 8 232 214 232 255 64 36 166 169 40 181 30 164 232 67 73 7 224 64 152 0 106 68 55 240 133 25 203 45 201 248 112 183 240 115 189 89
115 238 58 117 249 235 108 121 210 68 157 42 187 2 219 113 23 162 230 83 198 25 34 236 0 111 0 131 160 35 23 135 134 131 219 41 80 75 57 92 36 220 252 163 13 100 205 126 112 82 169 0 14 171 6 129 163 26 214 155 123 92 35 237 14 188 68 49 236 45 41 195 19 77 169 0 231 213 162 81 249 27 225 39 198 224 68 72 11 6 188 120 112 185 240
30 0 34 0 144 0 12 6 142 252 150 210 75 130 0 0 28 194 67 32 176 209 93 89 50 51 21 78 164 240 153 175 88 115 224 165 20 224 121 148 89 138 160 145 85 160 204 204 117 145 160 248 221 85 64 208 59 24 0 123 112 245 195 197 233 6 179 127 60 118 29 238 100 229 155 223 115 8 128 165 26 51 126 198 202 0 136 183 236 135 0 113 48 59 26
98 75 146 233 8 125 66 108 235 151 97 29 235 84 40 50 27 0 103 121 71 34 176 25 14 65 168 176 101 145 236 230 134 73 123 246 0 97 78 0 218 202 113 112 149 185 147 0 153 162 89 134 74 38 127 31 185 102 0 126 192 79 71 4 218 44 67 90 152 14 211 98 14 144 79 101 23 93 222 41 50 0 14 111 251 106 70 181 115 70 92 123 145 36 213
55 170 201 67 70 225 163 81 214 125 234 56 177 128 41 125 236 74 90 9 161 93 93 135 0 32 86 207 181 208 218 1 110 103 173 209 103 100 122 80 24 115 50 136 78 88 185 97 171 9 226 231 85 99 203 76 33 43 198 195 121 17 234 174 58 76 80 99 0 140 139 0 246 159 86 62 0 187 0 140 251 52 67 52 152 181 231 159 62 65 10 216 173 171 197
0 4 80 0 203 168 197 173 193 34 74 181 148 184 9 156 104 33 144 7 194 232 253 45 15 174 159 95 90 107 30 14 176 186 0 176 92 2 50 22 127 195 0 0 122 67 20 49 0 149 151 145 213 207 239 217 85 32 91 195 0 166 199 171 175 180 161 125 205 246 120 0 88 170 31 233 106 204 0 198 58 169 235 128 5 81 56 207 234 195 32 160 78 210 97
96 12 223 17 130 141 6 148 249 90 204 76 14 35 95 235 219 174 225 71 204 51 95 143 194 254 117 186 173 52 56 85 210 119 152 181 198 14 175 76 190 110 229 32 45 164 27 9 142 249 24 143 87 58 177 119 171 30 0 15 240 163 43 0 233 100 192 20 107 87 0 140 0 238 43 196 176 44 173 0 122 11 148 233 103 68 19 0 146 194 0 210 71 82 189
224 245 170 181 29 252 84 0 121 151 230 219 138 230 25 230 176 243 149 175 75 197 107 254 114 129 117 167 116 250 4 69 9 221 169 225 224 114 0 183 55 227 175 54 76 142 74 202 252 21 219 0 140 50 182 59 185 0 251 165 85 0 234 24 201 54 118 51 213 134 0 33 134 92 75 158 224 121 123 24 58 165 112 44 40 48 42 52 178 110 0 77 65 189 90
18 131 30 89 142 0 220 220 188 230 160 239 86 156 168 98 8 7 103 164 106 198 14 3 88 13 119 85 214 69 209 0 100 147 183 67 200 94 36 189 214 65 168 176 236 109 192 69 240 159 241 60 167 188 39 23 225 137 201 159 160 60 0 113 36 179 26 0 202 77 156 124 242 119 155 49 186 0 137 159 0 222 107 251 179 183 220 37 241 225 98 43 75 26 9
0 98 183 132 63 233 101 17 62 31 150 96 180 218 98 73 144 156 235 87 111 51 124 192 88 52 96 118 142 115 87 35 150 123 202 145 228 168 10 33 64 32 32 107 102 175 234 133 147 111 174 29 115 138 155 33 223 142 234 177 4 38 31 77 17 214 95 0 200 72 0 168 33 55 241 23 42 213 221 227 28 218 239 170 175 84 46 232 19 104 21 172 126 102 115
183 233 115 11 246 8 87 14 229 153 141 94 124 83 96 14 62 71 0 15 75 177 4 217 149 26 108 151 119 119 138 84 208 154 2 53 126 35 141 0 127 234 91 22 0 105 160 19 113 0 219 159 156 19 160 199 233 98 207 34 73 121 100 53 44 228 65 157 76 89 170 207 59 189 137 93 67 51 189 143 5 172 115 53 233 164 162 140 176 11 116 63 124 243 225
16 121 10 51 26 124 152 123 64 244 113 9 13 107 56 15 108 0 61 17 67 204 77 207 227 42 100 223 73 3 252 92 31 86 207 46 0 0 63 227 0 88 170 204 170 126 128 43 124 211 234 106 157 103 0 53 72 197 154 80 106 55 172 238 0 252 128 214 137 190 188 197 131 250 242 48 212 175 0 0 61 49 40 69 68 25 20 60 114 93 48 115 212 42 85
230 150 251 101 81 105 41 143 143 79 100 136 148 46 213 235 10 252 36 26 183 198 217 156 135 91 0 149 71 107 173 213 214 106 21 118 33 29 139 145 19 154 237 219 16 55 146 234 114 252 23 34 114 4 75 254 41 71 147 30 16 75 25 60 70 38 67 19 0 94 142 171 225 176 86 170 0 1 72 14 1 0 0 66 58 94 249 80 140 150 174 114 107 88 243
193 196 12 246 33 71 226 213 146 28 250 159 13 132 94 19 154 21 71 222 196 187 98 180 96 10 121 95 132 115 0 149 63 236 232 66 71 175 100 95 1 15 37 0 166 184 67 124 17 251 112 245 150 229 58 146 155 179 178 152 99 106 239 48 31 6 168 212 131 44 56 0 148 74 149 40 247 215 82 31 207 18 177 195 156 41 10 148 108 100 144 251 0 133 0
166 50 192 112 76 14 156 253 254 214 45 9 93 202 187 1 0 35 202 33 71 46 207 165 168 0 209 54 178 61 56 201 40 115 167 139 216 34 128 67 68 121 252 67 141 91 240 0 136 197 80 115 179 129 203 72 119 43 62 175 122 9 248 20 135 178 60 167 87 60 81 177 148 245 37 255 9 167 160 214 254 176 57 59 110 190 219 32 10 253 156 146 144 33 145
176 156 181 201 118 163 184 45 0 173 47 153 199 243 2 113 7 10 20 0 1 37 115 39 66 45 176 151 120 17 76 218 63 103 132 80 18 194 186 75 154 98 117 73 29 70 82 216 231 204 179 0 103 212 176 128 40 97 250 42 27 111 6 238 8 66 51 170 105 181 145 186 28 1 68 21 224 133 74 219 61 149 87 57 110 176 132 50 0 239 130 147 38 0 203
154 121 147 249 107 170 99 84 133 126 32 11 141 95 49 86 48 150 60 159 114 202 35 9 0 45 0 193 240 236 143 109 7 155 192 186 16 200 96 203 173 162 45 50 29 152 133 107 190 58 70 82 13 67 128 72 47 77 192 9 137 79 0 0 55 216 22 234 5 159 0 86 119 11 88 69 131 5 252 67 84 45 45 0 188 98 128 80 0 32 82 45 79 173 107
235 231 137 37 77 80 128 223 228 79 89 95 72 206 15 28 176 124 117 199 82 153 18 4 164 52 140 94 40 121 250 158 55 180 180 167 174 145 151 232 110 250 11 146 14 187 69 148 68 220 6 117 221 165 212 0 233 214 129 101 81 4 57 122 2 54 136 173 28 0 222 103 6 184 16 0 19 64 0 233 144 45 10 109 166 0 166 131 13 129 0 123 107 96 244
15 54 63 82 193 90 122 83 211 102 235 27 23 241 110 14 114 115 12 0 206 230 203 169 21 82 86 129 90 3 82 125 240 136 12 0 117 174 34 17 8 122 215 127 208 217 29 85 29 109 102 10 12 177 183 48 35 55 199 252 93 156 58 179 228 252 20 186 85 185 83 233 77 177 0 184 198 241 86 173 60 109 104 43 0 143 205 6 151 131 53 0 8 0 238
97 0 71 98 138 196 132 40 220 103 86 75 74 5 0 17 130 140 180 197 81 232 0 160 121 189 133 0 116 228 110 146 34 233 146 99 150 13 137 186 101 62 29 193 30 45 114 26 251 145 174 141 90 7 0 32 78 50 98 67 86 76 250 143 105 3 170 226 255 52 50 17 46 157 101 158 99 157 16 4 140 31 153 15 177 98 69 126 159 174 6 3 190 210 63
34 140 0 7 251 30 222 194 141 230 164 66 209 153 19 181 80 165 46 82 176 51 0 186 165 228 36 4 29 97 254 221 255 147 100 116 174 164 29 196 16 248 97 201 139 230 147 171 151 118 163 158 252 72 25 175 31 58 237 16 189 22 253 104 201 60 164 129 122 19 145 145 43 43 228 57 125 113 133 130 128 224 25 91 127 44 155 150 50 110 34 218 22 151 80
55 34 197 225 88 25 65 180 58 2 249 38 137 113 204 30 170 140 124 37 244 87 172 64 116 30 152 34 197 77 3 2 129 32 36 159 0 127 60 138 146 98 58 252 72 97 229 97 88 136 75 213 61 241 227 0 246 157 111 162 162 222 121 31 190 232 152 211 71 205 121 255 9 55 75 85 162 108 138 123 228 19 45 226 34 49 111 3 127 61 28 170 21 207 228
153 79 29 53 213 210 36 16 79 45 116 147 255 25 49 189 0 122 248 33 244 136 219 128 24 237 113 78 43 164 220 172 26 169 241 175 109 96 199 154 216 66 235 19 164 95 46 42 71 225 178 68 5 7 209 0 78 0 141 89 139 0 255 163 174 219 0 145 0 61 208 174 72 143 228 85 117 199 192 103 28 104 182 133 244 219 251 164 67 223 148 131 151 163 59
157 181 11 185 219 192 197 41 151 180 145 0 150 92 59 115 112 21 175 174 70 147 221 115 105 0 156 35 91 125 199 38 241 116 29 135 160 39 0 114 213 200 201 90 49 237 252 18 12 132 70 106 59 155 163 94 79 172 205 162 12 133 254 239 48 109 97 49 249 138 163 225 51 242 209 73 180 221 158 29 255 0 31 71 80 8 0 104 14 139 37 49 216 240 214
149 90 53 40 234 171 34 43 198 176 200 163 82 113 56 88 129 52 188 42 118 37 93 205 133 133 50 2 162 133 73 70 209 186 142 97 176 63 144 12 244 19 49 222 200 8 14 127 230 255 232 88 95 135 157 39 220 122 215 131 24 196 173 22 44 251 23 134 145 138 12 227 180 1 196 7 152 101 21 94 243 120 81 247 212 152 53 220 238 113 99 138 100 13 86
100 220 180 84 76 32 37 180 17 52 0 11 88 0 131 30 56 139 11 73 125 138 238 238 96 0 12 118 148 105 72 132 121 104 56 37 0 118 0 178 171 114 233 136 162 9 166 238 191 34 196 15 27 6 38 247 10 95 154 213 219 228 110 30 32 27 182 54 35 151 120 218 23 143 115 0 52 69 204 105 81 20 119 225 65 37 70 36 106 96 149 213 174 32 224
1 22 178 6 143 177 215 93 81 169 211 205 52 93 0 83 233 112 132 158 185 126 169 58 79 206 72 246 206 123 84 33 38 115 136 181 85 136 12 12 26 244 113 108 151 234 18 1 9 16 197 31 200 37 0 194 54 154 35 192 94 59 25 180 217 245 95 80 173 26 46 60 0 174 89 155 14 69 153 252 8 217 0 80 218 87 219 1 205 245 253 55 177 0 86
116 111 61 58 139 247 47 1 172 192 0 199 93 165 131 195 233 173 178 78 204 4 87 57 71 41 24 239 230 188 118 209 173 114 130 69 194 164 169 127 88 255 99 2 146 12 255 140 0 170 237 115 99 194 55 207 146 99 236 25 53 127 211 188 137 211 127 146 0 103 155 100 27 242 67 94 102 122 217 207 165 61 148 211 0 17 147 61 147 139 150 55 146 102 142
0 44 101 94 155 39 250 7 76 112 125 24 60 218 249 148 54 91 118 175 222 14 53 243 199 113 206 44 2 236 230 0 9 83 201 97 122 7 0 3 103 87 11 82 211 27 210 111 168 60 226 157 228 219 137 144 249 46 208 192 104 0 107 7 195 178 159 222 144 152 179 0 243 245 48 142 132 165 36 138 241 213 226 91 24 96 58 40 178 51 209 181 0 7 197
41 0 159 170 199 79 10 213 110 228 232 247 113 195 56 127 213 92 171 105 115 241 98 72 141 43 119 99 119 236 212 201 127 151 74 143 205 168 90 113 163 128 10 255 180 46 54 149 79 247 111 122 89 29 144 171 190 163 9 69 225 211 15 98 37 56 250 129 65 67 138 110 15 242 82 78 50 105 121 75 151 132 22 17 147 39 137 0 73 0 50 22 188 69 210
164 19 24 248 49 105 89 140 206 0 82 3 243 118 54 100 139 83 198 75 81 43 137 52 70 24 164 155 106 80 59 185 214 252 79 221 154 2 5 154 218 0 93 139 174 0 145 98 6 219 18 103 46 201 242 17 103 134 4 131 238 108 0 64 66 150 130 0 45 58 0 162 159 16 105 158 0 84 48 138 117 239 50 194 207 22 29 53 226 243 162 172 56 62 187
59 232 52 91 0 54 176 214 10 30 131 64 30 12 33 47 47 224 145 163 22 95 243 149 141 150 145 111 144 165 29 122 51 129 134 158 233 66 227 160 25 215 19 57 0 104 137 6 141 234 18 20 98 110 184 211 187 25 6 119 71 40 216 18 155 48 205 93 244 25 101 60 76 169 58 11 66 7 144 82 168 243 192 11 24 69 87 0 2 150 114 178 115 161 176
74 0 193 247 116 219 91 142 207 164 233 55 58 70 123 132 228 94 71 116 167 101 176 118 241 241 18 220 0 81 13 124 30 9 112 152 0 78 172 74 71 231 75 63 193 214 224 111 173 226 44 169 144 187 35 169 177 220 40 123 12 113 136 116 56 0 4 231 220 224 151 184 225 190 0 51 158 254 104 123 194 83 204 159 30 0 120 98 58 140 145 174 206 146 172
1 98 51 102 68 59 176 166 87 41 86 129 143 218 133 198 27 74 42 224 10 214 57 209 101 154 132 16 0 220 19 0 161 113 238 95 0 37 0 178 139 169 130 149 83 4 24 181 65 129 94 0 152 134 104 10 45 165 235 0 0 0 5 102 105 236 91 21 107 73 231 44 244 195 0 89 8 83 118 255 255 191 203 122 168 87 77 97 198 123 221 164 51 39 129
201 225 186 235 15 71 254 178 145 161 47 159 168 49 173 164 59 177 220 196 240 0 155 66 20 128 31 195 26 211 72 228 12 21 252 243 26 77 85 9 167 0 0 17 49 117 140 21 213 147 77 207 233 83 115 23 153 235 88 42 130 144 0 111 140 52 155 22 25 153 10 91 58 110 179 249 253 194 40 13 0 0 0 116 185 247 234 109 246 92 247 13 112 219 0
114 25 14 79 176 54 22 34 246 147 117 225 156 44 4 28 73 129 127 69 107 199 67 101 252 255 161 240 99 170 147 41 69 254 25 241 101 145 14 206 0 60 171 56 13 84 169 172 63 172 207 98 191 45 181 162 184 129 144 92 158 88 10 144 160 115 195 135 102 16 135 48 137 113 48 102 18 186 245 231 252 130 207 11 197 26 0 133 216 10 111 68 96 39 216
1 57 204 70 50 37 208 139 46 210 34 176 54 1 88 246 196 236 138 232 112 149 214 210 121 75 103 166 11 76 115 42 179 86 99 0 53 164 98 25 174 155 207 178 205 8 93 79 141 88 160 0 0 171 35 101 149 135 125 22 163 170 113 190 82 14 201 238 147 101 202 199 8 224 229 161 88 214 57 44 218 195 175 162 200 217 245 84 243 29 239 224 149 238 226
227 181 189 90 0 23 67 143 248 108 175 139 199 200 150 0 84 105 144 0 62 104 94 116 11 179 100 90 204 139 82 144 118 123 179 58 145 3 116 102 75 74 0 113 179 238 188 80 0 9 135 41 116 159 79 42 0 55 20 119 183 154 14 209 95 248 154 203 0 67 96 21 0 77 175 34 10 178 121 36 51 0 102 45 12 176 242 253 65 180 147 248 100 52 134
222 253 42 183 176 187 18 62 107 98 66 177 129 163 236 0 71 235 194 65 79 140 244 108 137 28 109 174 163 155 16 111 3 241 172 7 174 33 15 212 30 98 38 255 214 1 80 199 70 41 68 165 28 114 43 52 138 137 14 58 83 0 237 117 162 217 208 172 23 52 0 0 86 135 29 90 34 53 148 46 213 0 182 216 120 244 216 37 224 12 116 194 87 70 154
79 179 19 203 107 137 38 54 78 140 97 0 254 184 101 119 139 219 53 87 178 185 229 63 106 14 138 204 242 247 78 222 133 209 120 113 136 137 75 200 194 99 153 162 134 49 170 170 107 178 185 212 204 156 51 248 167 246 2 0 132 10 169 219 186 0 78 114 32 80 77 82 62 209 43 161 45 252 133 125 31 9 15 221 200 74 146 107 204 230 205 0 209 209 73
154 158 0 119 0 5 91 65 127 112 77 217 98 132 86 101 101 30 142 70 0 151 236 102 184 62 114 4 0 49 254 127 40 6 88 162 46 95 56 16 120 55 54 86 52 236 189 255 87 69 0 40 224 154 210 158 40 88 184 251 51 80 133 240 124 140 128 201 116 198 73 157 160 91 183 23 42 96 54 148 217 237 165 123 180 162 80 235 216 132 29 125 137 38 62
220 135 238 63 16 5 190 51 77 10 213 18 49 174 139 174 86 22 130 46 97 134 41 175 39 44 31 131 187 182 189 134 19 248 47 73 90 55 179 210 26 167 116 47 104 163 193 193 235 237 8 78 200 220 180 124 36 84 175 21 143 130 189 191 251 154 37 49 71 102 5 125 102 152 252 141 214 205 6 93 107 134 205 0 55 221 38 106 31 16 118 254 61 219 140
45 29 243 78 163 146 99 149 111 182 60 74 211 69 204 27 107 168 200 16 151 165 6 156 27 155 15 1 160 185 84 250 195 162 179 164 36 21 107 209 131 84 42 229 18 182 32 123 146 86 41 51 5 0 118 75 99 58 207 113 0 187 32 119 134 120 167 45 113 168 76 35 217 93 19 14 132 140 7 254 214 222 170 16 203 54 104 72 128 234 68 43 26 245 132
35 99 214 255 74 0 59 105 112 169 36 62 254 123 151 207 236 0 106 156 75 61 128 0 95 114 70 27 31 123 187 20 99 40 170 0 87 206 158 105 145 207 145 165 213 79 181 62 189 150 118 118 165 187 34 116 54 115 13 49 170 216 41 142 183 66 179 31 251 118 187 141 113 72 90 8 11 13 78 97 212 112 183 137 254 119 236 172 119 73 158 6 59 92 206
0 154 113 205 141 80 33 117 98 73 241 122 228 59 133 19 24 19 0 218 194 72 19 238 248 198 191 19 251 66 47 121 215 55 159 132 126 63 139 153 0 145 102 73 149 170 255 24 133 86 107 183 0 53 180 241 151 99 191 199 165 213 123 15 16 214 11 68 209 136 94 60 159 140 0 104 196 134 138 35 149 75 159 117 56 50 105 200 86 182 63 153 188 115 99
129 85 0 118 141 148 70 151 71 250 254 208 9 11 82 216 126 118 235 96 121 183 0 175 162 65 99 93 193 111 50 59 78 26 143 240 93 157 122 193 219 35 0 24 210 39 0 218 220 154 207 57 44 105 63 149 154 14 199 148 205 210 3 123 208 36 112 207 199 73 27 148 105 189 1 120 135 5 81 125 246 79 37 36 74 6 124 179 58 247 71 122 112 211 74
108 74 32 105 213 64 0 165 23 77 68 231 175 14 204 76 70 74 248 0 242 56 249 0 201 201 224 46 10 159 27 88 87 167 0 85 134 177 214 213 0 31 54 228 71 145 35 108 152 38 44 239 171 255 193 126 193 76 140 115 22 253 175 93 12 12 167 151 35 46 96 170 19 105 220 245 128 159 140 207 0 130 0 241 0 253 144 254 105 152 63 168 188 249 5
70 201 91 6 157 35 238 210 212 194 22 158 73 204 53 11 172 99 240 37 181 0 76 84 207 37 95 45 150 32 61 183 110 7 194 217 218 187 137 149 84 44 18 0 37 240 135 72 160 218 174 35 17 0 5 118 97 167 44 180 235 86 33 65 54 79 235 63 26 247 209 161 136 199 0 108 166 28 215 234 0 227 245 179 60 5 253 7 206 51 105 75 35 160 11
75 255 162 86 239 234 253 22 90 52 180 110 190 212 137 154 255 51 168 100 0 156 62 96 241 253 22 77 226 182 243 115 18 238 50 242 145 214 162 209 167 23 81 0 13 214 15 14 83 208 102 9 36 232 241 71 128 205 19 27 76 244 177 156 65 127 51 179 95 227 162 74 46 150 0 63 75 176 176 23 182 68 20 239 148 227 43 100 0 129 187 127 181 184 69
147 17 179 11 0 0 138 199 124 123 207 187 36 45 0 141 113 97 100 95 135 97 184 28 40 253 127 5 192 6 103 62 206 152 104 65 47 156 202 239 75 16 115 54 61 101 94 235 168 222 251 133 153 238 33 68 75 77 156 171 189 187 83 66 9 196 79 204 22 49 58 218 180 32 237 0 204 0 96 57 87 175 127 0 196 208 116 237 70 111 233 94 100 107 31
241 41 204 4 58 155 0 83 74 147 201 123 235 140 179 254 22 0 245 100 130 207 14 34 149 228 193 232 0 186 147 91 114 63 28 136 195 116 54 200 124 169 249 203 118 93 158 61 119 145 81 69 200 30 2 0 220 68 41 13 27 204 146 175 180 133 233 202 250 171 168 134 113 195 24 138 172 98 30 112 252 191 35 57 0 203 175 131 207 0 58 57 185 135 120
132 0 37 155 164 217 213 214 204 62 237 132 47 37 146 128 211 18 147 226 29 142 76 64 94 136 237 12 82 251 213 152 142 105 32 64 41 43 95 104 11 223 6 137 181 236 193 53 161 17 27 105 181 44 104 26 237 107 231 78 233 153 86 166 236 151 164 129 118 0 151 169 88 125 92 177 140 56 28 33 242 52 0 80 0 159 232 20 24 234 212 29 150 215 64
22 23 16 99 40 170 0 136 114 169 0 138 168 236 182 138 144 0 217 63 152 14 240 228 16 109 234 141 0 66 0 179 218 91 84 157 227 118 0 137 57 207 236 0 171 63 63 0 193 83 173 37 250 194 220 101 28 44 34 77 95 18 38 0 166 69 108 153 55 146 166 170 138 27 136 12 42 8 182 144 146 93 235 20 138 225 31 249 220 77 191 2 145 73 186