40 16 3 14
79
178 100 11 5 230 113 88 9 68 142 83 154 104 182 75 200
34 24 199 97 138 161 159 203 80 81 133 98 65 183 99 205
24 128 64 226 59 57 55 108 155 201 185 97 73 142 88 177
132 207 202 247 9 112 239 61 61 79 129 156 152 121 150 27
200 213 69 214 69 226 164 193 98 136 121 186 232 90 210 159
106 188 227 82 142 97 212 120 173 144 189 148 210 151 207 123
73 36 237 78 36 217 159 215 114 154 143 89 91 124 26 145
145 242 71 195 76 117 143 114 213 136 150 168 143 117 103 104
148 152 56 33 43 64 196 101 168 171 228 156 215 112 97 73
185 168 2 154 92 121 80 78 7 187 235 153 201 81 137 46
12 148 195 146 117 171 134 72 153 22 169 231 13 84 107 251
143 112 189 55 101 99 237 168 211 187 201 101 36 44 32 129
51 141 41 46 61 25 111 87 179 67 115 237 105 127 206 194
23 141 113 90 159 214 115 42 46 203 159 137 193 4 217 125
185 14 172 13 184 66 211 246 58 130 83 167 124 201 28 142
186 3 126 113 123 240 40 231 139 69 220 88 136 158 140 58
218 193 185 226 57 193 214 153 127 165 74 122 201 218 145 94
228 8 77 57 31 39 103 59 133 48 209 49 69 216 239 220
191 196 253 179 181 96 146 116 211 245 96 115 142 56 52 32
240 48 64 4 141 13 39 215 91 46 93 163 115 185 183 217
93 4 134 221 215 73 50 221 248 162 92 19 252 87 137 142
185 193 195 216 22 124 70 123 248 208 70 58 178 52 69 88
129 5 136 152 43 73 79 133 123 34 187 161 125 232 150 52
67 121 179 87 169 76 5 213 91 95 155 177 246 31 171 172
236 75 242 105 98 142 79 105 50 146 253 5 114 1 191 104
68 39 136 178 130 195 33 96 36 9 215 16 128 220 192 101
199 27 124 44 206 95 28 143 118 255 56 114 215 78 101 79
131 93 132 57 106 172 17 18 171 146 160 86 157 157 106 200
119 110 177 60 85 15 124 114 152 189 84 247 18 216 172 108
88 120 113 202 77 23 11 174 243 77 3 160 133 113 200 145
205 71 62 78 255 211 104 91 246 142 168 141 80 38 122 77
125 7 180 237 166 191 115 166 157 125 165 96 42 82 96 1
122 70 244 147 179 141 255 196 150 15 42 241 228 236 36 243
50 33 88 58 196 229 220 160 78 171 203 74 23 165 128 25
195 207 2 125 60 17 132 224 143 6 43 223 182 132 128 240
68 250 130 122 128 20 160 172 64 104 113 119 115 225 57 61
169 192 178 118 142 195 237 138 251 255 96 162 7 178 198 89
213 65 250 244 163 171 156 11 9 128 204 171 111 167 195 64
200 127 141 189 193 188 1 108 183 199 69 25 3 220 122 19
207 113 97 94 72 221 32 215 46 130 26 217 191 98 76 79