44 8 18 4
26
141 173 169 86 89 59 164 178
160 227 32 118 241 66 46 209
253 129 88 147 98 154 196 149
4 116 177 193 61 205 1 84
203 196 168 177 201 210 172 195
206 244 200 197 170 11 187 192
193 213 133 189 202 206 207 174
210 204 193 191 203 209 205 183
182 194 200 197 199 251 2 203
21 181 194 194 180 189 193 210
162 173 202 211 183 171 205 121
207 204 173 203 166 213 184 166
213 205 167 194 198 178 178 187
166 205 208 179 193 165 216 199
178 213 161 191 199 162 199 211
191 192 200 187 182 213 193 189
177 207 165 212 165 181 173 197
207 193 162 187 190 211 180 164
176 192 178 113 206 222 180 213
168 207 162 181 198 185 193 184
197 173 172 210 183 174 198 192
187 189 192 192 208 170 190 168
166 208 163 199 187 188 197 199
6 211 163 165 179 205 65 192
174 201 174 166 13 175 196 26
99 206 198 183 207 163 193 206
211 194 161 198 209 166 167 201
171 179 187 195 192 77 170 182
199 168 203 209 201 182 198 171
39 187 173 166 173 198 202 208
182 194 199 202 175 203 190 169
190 163 75 170 182 205 166 181
211 184 166 210 193 185 177 187
47 224 0 11 168 82 173 213
96 18 138 195 181 203 140 230
152 2 145 187 124 165 64 11
202 30 162 155 188 181 113 76
184 206 104 139 201 198 102 194
218 124 92 222 159 159 182 228
96 219 132 208 255 253 240 212
19 55 115 77 166 185 223 43
190 88 141 8 116 71 61 153
48 189 169 192 207 22 63 253
215 36 71 148 217 175 5 99