18 56 4 29
33
139 84 230 67 234 201 31 30 207 219 180 142 29 4 22 45 208 45 166 169 197 180 200 156 92 205 213 173 227 215 223 198 200 208 54 191 251 18 46 128 238 248 199 111 34 180 210 142 192 195 220 79 246 186 30 137
68 180 178 103 230 81 242 122 30 148 209 127 72 212 66 111 212 187 176 210 214 238 113 58 252 205 185 219 217 181 231 217 206 215 233 189 138 43 63 157 173 213 97 211 194 184 215 6 177 24 130 13 194 244 219 226
218 222 143 237 221 169 214 99 44 224 6 100 5 77 195 134 185 6 224 212 45 221 170 36 76 190 135 213 233 238 211 231 237 194 173 66 226 213 122 204 142 185 18 75 166 144 27 160 117 170 12 121 174 230 222 139
144 241 185 254 87 219 143 160 43 9 95 216 59 6 175 149 125 122 78 108 205 19 88 43 115 8 234 202 205 179 220 205 230 189 94 100 158 221 248 33 197 40 176 110 149 61 19 158 8 224 84 26 223 75 60 121
178 131 203 151 166 192 131 161 231 209 175 118 65 33 122 171 130 62 208 162 187 234 232 232 184 195 227 185 184 235 184 172 232 221 44 135 179 197 137 224 238 20 236 130 12 50 168 101 169 176 62 247 206 175 190 238
224 232 105 80 171 133 185 150 213 76 238 230 137 181 5 159 137 63 106 216 197 227 120 219 210 231 186 195 201 216 139 227 220 172 184 251 219 210 187 46 184 175 18 103 83 201 123 91 201 166 221 107 140 33 163 251
140 221 12 213 196 241 138 210 248 127 74 162 242 144 206 167 252 11 145 45 186 120 197 96 188 183 223 186 231 217 196 236 215 204 100 206 0 30 4 74 11 20 241 129 56 189 175 70 231 67 84 107 159 217 66 219
32 189 139 248 101 16 50 135 186 178 196 92 141 131 196 72 108 24 200 38 3 138 212 200 191 179 226 27 193 188 216 231 193 232 171 179 203 198 207 24 169 177 211 195 182 221 24 170 224 28 7 237 244 166 133 207
106 231 251 27 236 177 152 221 151 181 106 122 73 125 248 158 125 109 67 224 182 66 246 144 198 214 228 213 230 194 190 220 217 211 197 207 85 25 222 194 23 147 191 173 123 140 242 200 20 172 118 145 208 46 163 204
252 20 68 169 83 228 10 110 189 54 67 234 174 220 210 229 107 79 60 197 72 21 93 58 166 204 50 155 241 243 202 60 86 214 17 12 98 241 254 40 169 103 165 34 187 37 5 134 210 237 231 228 214 65 131 228
11 28 94 73 22 220 132 246 145 138 235 11 6 116 189 116 84 228 58 143 244 41 252 35 215 3 78 250 14 223 1 150 188 181 148 118 163 73 229 164 255 66 179 231 58 59 215 224 241 106 109 215 134 176 250 248
34 123 175 198 142 238 178 203 187 83 95 224 56 225 219 173 70 188 58 111 236 44 85 97 217 233 25 70 130 191 55 18 102 173 94 156 199 205 96 157 138 198 60 125 206 29 186 29 218 191 21 145 148 241 236 149
187 28 228 188 73 201 205 75 142 194 194 119 185 197 22 175 56 123 238 142 93 70 36 26 199 188 53 128 51 98 69 187 233 169 254 126 214 234 85 90 205 8 173 213 56 152 238 80 196 42 215 87 122 46 204 195
112 143 137 15 36 19 175 242 233 221 135 97 152 71 183 199 17 192 239 111 168 38 39 184 180 213 47 49 181 139 77 213 236 174 204 92 119 6 20 167 93 98 233 25 182 79 224 187 197 26 95 1 212 58 245 113
50 211 206 6 7 196 237 224 70 174 196 211 167 118 96 151 212 243 25 106 213 157 88 117 212 250 228 181 96 92 190 179 230 114 68 135 83 131 59 160 226 77 228 212 122 210 40 182 110 253 10 36 38 203 195 129
230 42 221 122 250 251 235 140 126 173 137 163 73 132 251 234 242 93 13 101 210 188 58 156 46 49 254 52 2 18 61 123 213 182 196 201 179 57 230 206 174 0 167 113 232 43 101 32 148 46 66 201 156 93 139 233
149 184 157 192 106 168 106 185 76 48 141 74 177 151 91 72 37 31 24 194 227 203 109 38 185 232 138 5 214 111 38 151 212 210 156 197 132 3 49 188 104 181 162 2 221 199 172 220 240 173 70 186 187 189 205 117
163 38 177 91 66 227 232 222 132 192 94 93 17 191 230 251 128 213 186 1 55 111 217 24 236 232 161 45 174 209 126 183 208 221 18 200 190 91 164 165 36 154 213 99 242 50 190 235 233 5 215 184 253 123 234 194