71 57 16 19
5
19 109 55 69 17 1 124 19 229 154 211 18 177 214 52 71 53 26 154 170 251 39 152 8 62 217 1 52 38 92 219 180 218 204 16 166 13 22 141 30 129 67 41 65 24 118 137 198 187 21 140 238 140 48 46 16 121
146 66 172 22 71 15 81 18 162 19 166 139 94 43 40 226 83 13 134 14 83 64 26 53 179 19 17 15 216 82 144 254 212 168 5 18 139 161 123 225 46 53 105 14 3 211 19 88 124 152 130 163 143 222 19 155 12
216 137 252 71 159 237 29 236 48 13 87 50 3 22 216 13 180 21 16 71 163 250 200 64 20 146 157 20 163 15 236 69 216 141 78 215 140 15 18 11 18 35 160 239 27 24 17 17 11 111 181 15 1 113 22 22 44
46 19 88 59 128 13 49 27 199 190 237 127 171 17 196 154 167 12 21 87 16 183 162 53 182 12 19 169 136 153 182 93 23 174 75 177 115 78 160 148 161 66 101 96 173 80 201 97 22 47 13 252 157 35 53 7 35
151 70 52 143 12 219 13 43 23 17 19 15 187 143 52 166 18 110 193 44 206 191 47 13 23 12 133 15 78 80 89 109 145 220 0 16 150 78 149 157 172 249 87 17 4 16 201 18 135 146 1 165 14 109 27 17 23
1 212 54 224 80 236 126 29 66 239 14 139 60 8 143 215 22 17 139 21 195 53 197 105 216 17 22 16 17 20 137 22 205 159 111 231 178 140 254 191 142 199 154 246 154 112 143 68 70 17 31 72 20 134 109 20 183
15 193 78 28 233 224 92 143 122 19 204 174 107 19 66 112 104 21 50 65 20 120 20 187 227 176 19 224 181 102 19 168 133 149 200 187 201 93 146 14 46 194 22 20 22 22 241 118 129 47 148 105 54 4 3 29 17
21 157 197 92 152 161 166 220 12 233 42 176 149 19 37 119 200 66 17 39 110 255 176 96 247 204 168 223 14 12 22 17 26 17 178 17 71 24 206 4 237 22 50 198 131 151 147 175 13 12 105 36 216 208 43 247 138
82 42 18 151 98 21 103 85 176 131 247 18 61 17 151 81 45 157 246 240 17 29 21 12 250 43 122 228 4 41 22 22 66 231 172 74 200 7 132 22 12 13 13 224 147 240 52 18 104 91 253 3 47 253 253 28 59
17 19 182 159 147 14 185 12 18 174 49 16 21 115 7 19 251 115 3 19 32 13 15 224 64 10 9 63 47 17 47 18 18 196 25 25 208 37 104 210 191 122 17 115 18 100 20 162 198 129 178 78 112 171 28 226 153
16 22 61 169 28 195 205 213 96 16 183 204 59 14 16 20 15 15 14 41 13 15 18 131 13 21 157 181 110 79 70 238 1 182 249 61 201 109 92 52 101 53 24 19 81 106 87 151 171 138 39 68 178 244 20 12 14
120 14 0 17 186 19 103 22 46 176 21 45 58 19 20 21 17 191 17 17 18 22 133 21 14 17 49 185 197 7 21 212 22 166 215 22 30 253 234 124 255 46 74 237 15 179 21 213 159 18 23 2 14 16 234 232 15
16 126 96 158 58 15 86 179 30 37 15 92 12 21 18 16 13 12 17 14 148 14 19 17 20 16 34 42 15 160 207 93 82 220 136 225 48 156 250 16 116 107 25 60 14 36 19 18 232 203 162 105 183 181 231 63 151
206 38 221 13 75 87 59 17 126 71 208 172 21 35 17 14 21 15 16 18 15 20 17 17 13 15 145 111 237 46 213 62 47 37 20 246 14 22 92 1 198 84 15 240 26 32 27 165 251 6 20 29 157 61 26 139 221
209 18 20 17 166 56 16 63 16 158 52 21 233 16 12 22 14 20 18 99 16 13 16 15 22 16 153 80 33 97 20 16 107 194 49 199 208 61 17 252 124 180 196 217 84 248 218 145 228 147 160 49 156 16 70 20 37
226 96 20 83 12 15 18 17 110 249 132 155 15 17 16 14 12 14 17 14 54 16 12 72 19 18 163 98 184 25 83 175 194 76 20 222 17 14 22 19 17 144 17 185 21 3 127 173 15 249 14 232 102 190 16 17 41
245 116 254 45 85 249 31 218 204 231 187 18 170 19 230 12 17 21 17 13 18 21 17 15 22 14 114 215 208 17 144 203 19 20 31 18 46 10 67 71 142 10 85 142 137 105 80 138 13 146 166 20 230 47 38 53 6
110 41 83 90 162 0 2 98 119 13 33 156 134 20 13 14 21 20 20 20 17 15 12 198 16 22 241 11 72 41 20 59 7 18 73 131 19 28 154 52 2 147 145 19 87 14 254 14 91 13 66 47 99 195 15 21 17
21 204 211 181 74 180 63 12 108 0 14 165 77 19 17 15 22 18 19 237 18 22 21 20 16 18 11 17 132 245 89 215 237 99 23 229 39 14 15 22 166 184 4 238 18 198 123 180 142 16 123 240 13 112 220 12 82
47 153 149 182 114 188 104 20 45 41 130 225 45 114 200 20 14 20 16 13 192 21 13 21 19 12 233 187 70 83 14 13 95 222 91 139 197 22 142 138 20 190 109 34 195 130 16 19 62 15 93 210 111 67 80 255 17
58 14 95 251 149 100 19 13 20 93 98 41 158 21 9 21 14 14 22 13 14 16 14 12 255 17 190 74 56 52 31 143 15 15 166 77 20 169 89 219 249 29 7 134 40 227 102 247 17 181 34 225 50 158 145 23 122
141 204 255 133 99 16 172 241 93 85 247 16 167 13 17 12 20 20 24 20 12 157 14 17 17 16 136 150 17 71 48 12 183 62 218 25 12 167 4 35 245 21 212 203 12 207 92 21 92 244 84 48 15 61 15 9 150
183 170 99 129 145 12 237 252 199 185 175 174 2 17 15 13 13 16 14 21 15 18 18 21 12 17 244 17 199 40 12 2 62 17 201 48 47 57 69 40 222 32 191 83 125 28 70 130 165 16 191 157 63 140 213 130 77
42 123 23 82 108 19 20 22 236 209 144 19 121 154 17 57 75 153 19 15 127 13 158 200 220 146 151 17 223 196 95 16 5 100 201 19 56 117 232 80 16 153 130 100 22 59 104 22 17 136 10 247 81 190 110 20 147
144 14 159 230 22 61 183 19 126 220 48 235 113 17 89 210 20 18 21 185 255 55 215 127 13 31 138 48 219 105 18 227 81 197 216 161 163 20 175 84 37 138 167 16 12 62 56 80 131 106 126 86 20 33 164 187 157
116 21 22 186 78 74 137 198 57 108 206 17 153 157 18 153 20 43 68 186 176 218 146 222 233 39 232 163 39 154 96 18 55 1 208 22 236 145 17 202 17 169 192 61 15 247 199 178 17 127 31 151 239 77 66 170 124
89 178 15 152 221 250 151 200 243 16 18 17 87 138 14 17 94 22 190 95 147 251 85 17 30 102 211 95 21 183 233 77 6 83 249 232 52 15 122 245 13 240 159 11 58 22 10 14 45 229 101 243 66 40 120 45 100
193 22 62 90 23 190 94 66 61 147 37 17 222 22 193 18 128 165 17 15 224 241 16 62 43 206 19 225 27 76 57 12 20 175 65 129 77 166 232 92 5 103 17 117 193 19 31 126 44 32 15 219 8 250 217 21 39
230 58 11 99 251 20 15 17 52 185 11 213 28 155 186 21 13 0 129 251 163 12 66 118 171 237 144 180 205 103 143 201 212 14 91 29 32 41 15 236 36 64 149 22 20 113 105 22 21 21 19 1 174 80 233 13 203
209 250 126 82 137 17 15 20 45 56 35 3 174 15 1 199 83 19 177 250 34 55 18 204 133 150 19 133 55 37 114 108 223 16 165 14 21 186 4 217 78 146 214 101 252 78 39 133 121 243 181 239 20 39 215 66 17
84 198 208 252 21 234 21 238 27 15 105 47 245 249 1 181 15 23 161 142 182 107 36 22 18 223 190 13 12 255 14 46 239 0 183 20 16 181 129 170 187 184 169 218 108 129 255 201 229 19 15 101 131 58 14 195 207
172 205 30 41 89 245 18 93 71 22 127 172 22 189 20 55 166 72 107 39 43 139 21 22 125 68 152 20 224 117 246 18 254 14 58 93 251 5 48 101 8 232 15 106 50 12 116 175 205 254 204 32 143 199 66 1 60
53 138 44 105 53 19 59 20 180 23 155 65 146 217 64 217 32 179 42 34 20 19 54 183 111 22 49 155 140 98 103 5 135 104 18 146 0 20 25 220 182 127 250 251 18 23 0 110 100 21 180 53 94 69 17 4 173
77 38 146 107 14 88 201 5 152 101 234 32 27 159 93 13 189 128 18 25 43 188 47 19 15 39 167 107 30 15 203 19 131 88 254 59 19 13 151 28 149 209 136 127 37 252 18 122 121 13 22 145 8 100 17 128 166
16 65 19 9 153 247 238 232 189 133 14 14 64 201 122 235 56 21 9 122 14 22 234 235 66 159 249 156 14 101 5 42 103 180 116 21 228 40 13 221 42 101 19 9 215 249 186 197 213 69 17 201 78 19 25 63 90
16 63 114 13 93 70 55 12 18 16 135 131 29 17 251 191 12 129 22 74 17 21 153 245 245 205 154 47 194 15 12 18 221 190 96 225 20 218 93 239 40 114 153 39 240 22 202 127 32 46 237 105 25 12 146 16 14
17 152 14 74 45 116 18 208 181 17 12 117 171 13 113 198 141 58 238 20 19 168 214 67 13 185 90 22 215 118 12 202 155 17 181 198 154 10 115 254 153 70 16 249 42 140 170 17 136 52 98 72 115 103 114 234 154
12 119 115 12 172 7 65 91 131 19 253 97 108 110 17 22 150 143 59 92 149 220 14 235 223 12 17 225 17 225 137 13 149 136 21 251 17 222 254 240 197 252 13 84 13 29 182 21 4 36 31 15 14 15 75 245 150
140 120 2 19 163 124 75 45 10 167 166 57 161 175 224 15 153 12 5 180 22 226 15 41 250 21 171 85 129 125 40 75 2 17 21 8 8 237 1 20 13 38 199 224 177 96 239 204 188 33 220 235 31 159 134 74 87
14 40 93 243 243 173 139 24 21 9 150 32 18 21 34 252 11 25 156 145 28 66 22 196 14 18 187 221 63 14 79 16 139 139 71 197 200 48 156 255 125 20 135 177 38 145 15 1 6 157 195 98 170 158 253 5 15
200 17 34 252 12 56 55 237 161 188 35 12 21 17 174 82 126 204 2 129 13 159 47 119 71 216 159 231 25 242 203 199 49 170 18 144 22 206 15 56 163 24 203 246 98 147 85 252 21 230 198 249 0 90 152 27 161
8 196 140 194 51 107 55 120 61 143 188 94 109 0 178 199 76 71 166 44 13 25 39 89 70 19 74 247 12 171 65 78 17 9 60 45 145 19 13 18 114 95 166 158 39 72 12 22 72 204 101 24 184 21 174 175 193
68 14 19 68 243 22 71 13 239 80 56 172 5 87 36 59 15 40 18 16 112 13 214 104 131 33 14 215 153 20 39 13 225 217 9 139 9 170 41 96 16 196 180 226 10 122 172 213 128 19 118 93 77 45 142 253 105
53 18 185 44 21 19 235 250 192 21 205 8 19 232 100 130 47 17 1 66 117 19 56 14 57 234 15 183 208 89 209 89 155 36 6 86 64 0 15 33 94 109 17 20 137 132 70 18 8 17 21 216 18 250 17 227 238
116 192 207 144 27 16 121 38 74 7 179 43 3 12 175 12 145 237 94 135 48 33 199 17 211 21 237 140 226 80 141 214 96 84 49 51 223 15 20 73 13 103 17 190 19 17 159 49 46 21 13 90 34 169 150 17 57
21 48 198 131 13 80 135 14 149 53 118 22 85 120 178 2 19 13 213 183 207 141 18 71 12 153 186 12 183 196 145 13 65 216 170 232 171 18 190 70 39 189 139 203 14 157 207 117 234 35 31 175 142 22 53 138 36
22 253 19 139 12 12 17 22 12 35 250 189 248 110 143 228 17 245 66 14 243 166 230 202 215 160 211 20 12 233 19 190 108 161 236 139 75 175 77 72 21 159 37 108 143 126 20 47 141 110 156 131 78 201 7 92 132
172 95 15 72 84 61 31 204 199 143 18 81 114 121 190 198 146 14 154 6 240 180 227 80 17 205 243 126 3 187 155 51 239 92 19 15 19 16 136 197 26 153 139 212 13 170 160 179 18 87 83 76 174 32 242 164 78
113 6 171 183 1 14 9 150 14 182 200 71 54 19 183 168 19 17 18 149 204 191 104 17 11 85 20 253 163 188 201 21 2 12 12 242 30 68 139 48 69 20 131 187 20 136 193 189 142 62 184 210 210 157 156 60 236
13 29 12 74 51 195 112 39 200 135 255 158 213 78 19 72 28 196 111 21 172 68 197 239 149 2 29 13 35 144 221 89 69 13 70 58 2 85 19 192 221 20 125 90 14 211 16 16 195 189 114 22 188 116 17 156 209
148 58 18 249 6 249 107 20 60 173 184 220 109 30 243 17 32 92 157 119 191 53 17 227 171 216 17 210 182 234 61 16 56 15 20 108 91 84 47 247 230 100 149 12 230 59 167 59 80 179 147 18 58 241 27 37 195
164 22 237 12 138 76 236 17 131 177 37 121 17 233 216 186 212 148 182 90 223 245 204 185 197 53 197 32 218 13 50 165 55 8 204 239 17 191 138 16 105 46 219 103 103 194 247 79 17 34 225 145 207 12 51 8 93
200 209 17 14 14 244 133 175 192 155 17 20 156 166 156 100 80 144 69 18 251 155 89 76 21 91 177 210 219 178 19 200 153 65 33 121 231 253 61 192 236 38 19 17 84 248 195 165 9 248 235 14 228 30 219 14 17
115 57 214 12 120 127 19 95 197 36 167 164 8 108 48 17 32 250 15 15 17 221 19 21 247 31 164 190 11 229 216 188 128 240 223 254 12 236 16 173 144 127 18 222 18 0 189 28 126 38 12 245 140 21 254 86 180
22 111 13 162 3 219 16 237 51 14 152 179 18 17 98 212 115 4 47 117 171 18 227 168 121 16 20 30 185 68 167 90 67 21 145 96 38 234 221 166 13 210 95 166 141 6 72 16 217 165 198 182 13 123 103 243 83
178 67 94 218 139 83 13 20 26 17 51 22 43 21 14 17 219 98 3 148 171 243 234 53 209 12 138 244 212 112 194 250 34 216 89 12 253 108 148 124 175 17 232 244 147 20 104 60 28 19 34 65 102 91 209 42 150
51 55 63 10 14 13 21 210 57 76 101 20 105 56 107 50 110 1 168 17 237 95 118 22 25 79 17 20 219 47 17 18 74 242 17 49 179 219 13 145 191 94 210 131 180 179 189 28 138 58 9 15 139 50 16 122 56
77 179 56 12 18 226 76 43 65 122 52 113 13 54 16 246 33 38 106 127 29 114 29 48 220 158 79 215 115 145 15 224 90 222 18 54 125 204 104 253 120 228 193 47 115 121 185 114 3 132 15 144 22 120 106 22 135
92 3 45 86 113 14 249 86 85 17 124 16 117 83 164 236 228 9 21 102 147 49 2 253 40 245 128 4 13 221 197 13 70 224 202 15 249 214 153 152 17 66 57 17 35 131 113 22 115 30 12 79 16 138 181 132 14
105 192 46 13 19 83 117 21 237 169 30 119 102 201 76 12 25 16 15 105 4 64 13 13 168 155 48 2 17 16 254 17 251 17 51 121 181 224 241 218 151 222 20 189 158 15 16 116 181 19 205 229 22 114 237 171 22
228 20 21 166 199 38 177 38 97 48 203 102 18 51 229 253 229 205 18 19 193 19 83 132 25 13 181 77 242 61 219 4 147 50 230 31 18 124 91 148 179 13 22 139 253 209 213 199 71 228 17 146 143 186 127 225 141
87 92 18 188 81 16 49 17 210 20 136 34 234 25 88 159 48 11 42 140 28 85 17 163 138 12 126 193 86 0 16 157 36 48 130 103 204 235 80 58 96 253 91 19 251 16 13 97 122 144 18 181 15 98 239 184 157
169 187 211 129 28 18 126 12 94 150 105 20 253 223 19 242 154 34 21 28 231 126 224 30 252 134 233 85 231 195 18 183 14 17 84 16 32 213 78 156 99 70 139 188 204 92 170 45 16 113 113 79 17 169 189 243 73
251 22 137 77 170 89 20 214 12 214 151 15 15 252 10 248 95 55 151 10 101 231 252 92 237 19 236 170 92 204 232 253 16 200 205 34 14 211 78 222 39 40 62 235 22 129 234 239 21 204 14 19 36 62 195 14 39
83 25 205 127 114 182 93 46 233 22 88 30 17 49 101 118 56 246 15 143 251 175 212 17 147 10 36 20 248 119 204 17 62 48 232 199 60 220 21 75 46 41 30 240 156 18 111 78 210 20 61 15 60 43 19 228 70
239 15 238 33 113 166 121 165 14 158 9 125 255 46 58 246 22 214 29 26 126 16 127 167 23 10 222 14 12 18 13 202 12 24 47 91 196 16 88 14 33 190 158 13 59 16 51 96 1 52 39 162 230 207 145 161 68
21 211 14 136 22 16 17 234 139 2 10 138 12 218 60 46 21 18 51 24 76 67 35 148 13 17 86 13 157 120 202 1 198 83 117 227 238 12 117 19 123 223 39 130 21 177 37 215 12 237 244 2 168 189 105 19 201
112 228 213 86 83 62 158 21 99 17 15 37 255 113 217 190 16 64 30 18 130 199 183 22 192 236 13 107 198 123 229 31 111 1 81 52 79 40 171 22 5 17 103 2 209 72 217 67 241 26 111 87 208 17 17 127 154
151 36 52 159 232 241 78 60 67 114 250 9 131 248 15 165 99 16 114 218 90 189 39 15 149 151 22 214 163 115 109 144 48 17 63 206 59 17 193 18 145 235 68 84 91 12 253 13 13 92 75 14 62 3 170 157 148
17 25 144 48 103 13 185 202 20 22 124 35 144 49 187 128 93 230 23 14 60 20 20 160 34 13 235 106 125 120 115 15 17 17 17 112 144 85 85 22 78 17 62 170 52 42 230 27 58 156 129 148 235 30 245 174 36
21 16 191 32 11 107 140 51 76 35 179 214 61 251 2 70 14 139 124 18 4 155 42 165 39 215 216 167 183 101 122 125 17 172 106 226 33 50 213 234 216 177 193 61 16 217 162 110 12 158 70 9 21 75 8 231 129