28 67 13 62
98
94 73 94 175 36 24 19 1 51 70 255 129 152 62 255 13 255 186 222 131 151 16 219 185 176 255 43 232 107 37 186 1 207 211 89 13 66 255 33 244 144 247 137 239 184 255 54 59 54 101 173 205 255 230 120 144 146 239 80 123 213 64 9 100 234 16 85
110 174 194 228 64 27 254 144 13 23 125 238 242 8 130 236 148 95 255 238 190 71 57 158 178 215 193 86 255 238 2 149 71 186 207 179 179 117 195 13 201 17 233 214 203 255 98 191 34 110 114 255 170 140 255 161 167 255 66 224 197 56 49 22 142 102 82
168 7 28 255 217 170 232 232 185 254 76 83 255 255 179 71 63 200 45 208 70 179 65 200 166 181 187 204 152 226 60 54 203 15 234 146 210 230 162 181 201 78 206 164 162 246 128 238 199 229 24 141 255 224 255 54 31 249 200 210 159 58 143 191 152 153 57
55 221 40 255 220 147 208 239 255 252 40 94 232 103 153 172 228 180 191 98 17 255 255 223 92 244 13 67 124 132 62 102 26 109 211 169 146 94 76 225 246 241 178 255 187 174 2 173 188 237 63 44 91 27 211 165 169 13 153 126 173 233 46 143 53 225 237
196 150 165 7 218 200 3 233 199 186 146 230 255 1 143 165 64 95 255 171 173 133 45 39 228 255 38 143 184 53 255 205 67 204 111 64 250 216 168 255 14 58 184 255 235 200 255 217 250 104 0 118 59 115 146 155 66 118 51 231 72 7 3 155 137 230 146
225 34 255 45 245 255 147 255 151 113 255 186 153 242 255 162 111 255 37 170 143 171 254 77 208 88 106 52 104 197 249 198 231 159 255 213 103 255 150 192 248 220 36 97 32 252 176 243 28 120 244 2 90 242 72 222 183 109 217 110 227 16 190 106 213 40 255
134 67 255 254 21 188 140 255 147 195 8 41 72 255 176 255 197 192 159 156 34 201 16 40 220 152 146 119 121 209 230 84 240 99 191 194 255 110 131 243 13 128 35 172 155 183 214 35 252 88 57 2 255 188 165 154 197 7 223 215 69 12 255 196 175 18 215
171 255 90 255 255 239 167 220 148 105 41 255 36 249 23 84 61 190 9 220 32 16 189 150 84 209 255 87 76 162 78 88 21 19 155 78 61 247 255 236 168 27 27 236 255 150 245 69 243 54 58 241 40 198 1 44 120 65 155 100 112 132 246 249 218 94 102
252 234 144 167 211 255 103 171 255 255 197 115 45 238 41 255 166 82 214 246 226 5 64 220 30 216 36 216 59 246 111 255 158 166 206 214 21 255 186 188 190 37 217 255 129 180 255 88 45 131 9 232 45 255 255 21 224 11 50 71 166 153 74 244 86 83 209
255 87 20 255 165 157 8 51 255 159 191 122 119 60 232 0 8 255 227 153 136 102 137 182 182 255 165 237 25 233 214 24 50 27 91 221 29 21 26 22 57 213 20 33 33 55 52 219 190 255 255 200 226 251 31 85 143 195 175 255 216 238 255 255 144 255 231
164 225 240 227 123 87 31 112 193 33 240 72 170 175 214 255 94 118 222 244 102 105 68 13 245 31 85 193 227 219 96 233 232 77 23 201 4 153 73 84 208 164 112 132 87 208 253 102 208 28 119 63 166 232 255 64 182 121 255 227 176 255 255 255 201 155 230
180 214 219 21 115 221 243 3 228 239 14 106 152 130 254 7 56 190 75 27 170 218 65 118 129 169 179 188 214 196 112 211 51 228 232 232 158 156 221 140 255 241 192 244 202 50 255 255 108 163 108 218 198 215 203 220 233 249 164 11 255 78 233 225 255 255 255
66 179 122 64 201 14 89 168 15 243 4 186 239 148 47 100 243 85 135 170 255 197 4 9 206 163 150 88 171 64 87 51 232 13 255 255 255 32 90 197 56 97 17 221 155 10 148 218 117 255 255 255 151 204 189 127 43 31 185 147 237 243 207 135 238 255 214
155 41 42 176 31 193 113 222 58 120 141 189 65 39 153 89 212 42 250 242 153 191 50 172 41 164 160 177 226 202 3 214 132 59 255 2 5 89 235 124 170 169 255 205 205 245 46 54 123 78 244 76 71 180 197 211 66 171 255 166 177 195 173 237 179 252 151
10 132 28 62 165 30 113 106 194 233 151 109 205 46 10 17 231 255 11 9 1 255 68 237 225 61 189 141 176 10 177 73 9 189 77 151 252 92 226 67 68 111 168 249 102 250 255 115 100 187 13 210 84 97 112 207 2 255 255 229 232 255 165 250 240 255 171
87 11 181 78 126 213 172 98 216 124 232 147 121 47 11 255 76 47 154 167 68 54 255 231 68 25 173 79 255 181 201 106 66 4 185 3 149 43 148 200 168 9 137 146 185 136 190 226 204 207 90 237 210 88 255 163 227 74 174 255 174 207 255 255 226 255 255
228 43 116 30 166 53 91 185 226 255 73 255 128 255 232 249 245 255 95 114 92 199 250 230 255 236 125 45 209 218 255 251 146 209 231 1 35 119 78 221 0 145 91 39 179 228 6 211 47 93 255 255 92 19 5 242 217 187 255 169 255 255 214 255 255 172 234
170 173 183 210 30 225 39 255 91 204 148 165 17 213 255 239 83 206 200 68 211 172 43 202 85 218 49 69 223 15 2 185 0 197 51 216 75 37 255 79 181 255 174 66 154 208 156 242 255 222 200 255 248 255 159 98 173 118 104 223 152 221 255 162 243 255 255
242 53 185 173 102 255 99 20 255 137 188 177 234 142 255 255 255 96 110 6 157 249 138 188 31 153 16 206 105 190 134 68 41 199 132 12 147 78 158 151 47 211 171 167 28 191 209 255 226 78 5 91 112 54 228 41 133 203 231 109 195 18 146 151 242 236 152
96 90 59 34 179 185 165 200 41 246 203 78 89 255 193 9 36 2 153 220 255 16 51 247 236 255 182 158 10 158 176 177 124 220 161 201 64 115 115 156 94 127 148 124 112 2 11 234 3 113 88 124 237 4 178 16 100 201 22 186 176 38 233 69 63 125 153
66 53 89 123 111 211 89 55 56 255 203 184 253 255 15 209 54 2 228 24 83 255 170 148 8 207 199 55 110 209 240 169 255 149 96 255 109 219 95 79 69 166 6 133 42 197 164 224 84 229 13 120 12 97 163 62 105 81 224 118 145 162 185 139 177 28 139
242 105 153 227 255 208 40 49 238 9 38 221 14 242 116 43 149 112 215 90 179 72 171 15 56 17 255 190 41 254 255 86 53 197 81 255 246 212 85 190 155 190 155 255 38 31 157 73 199 177 108 176 167 228 158 184 162 179 142 253 108 230 163 134 49 220 101
168 197 224 255 96 26 123 199 255 255 239 165 25 156 95 38 45 215 45 225 255 184 227 255 255 185 40 210 197 255 184 139 226 248 255 126 22 34 220 156 32 126 179 56 255 0 31 213 35 56 125 255 105 92 34 98 39 65 15 156 34 238 59 208 30 195 125
104 80 190 254 190 86 95 246 102 237 48 52 125 240 206 247 110 57 115 79 135 74 82 255 247 3 128 119 78 168 188 93 211 166 35 255 11 201 98 107 71 219 177 255 248 255 72 208 210 199 182 181 117 106 139 10 128 63 200 192 63 167 130 52 91 255 83
193 146 194 255 115 172 123 254 115 152 146 87 182 220 58 213 175 11 214 248 218 132 245 251 227 88 223 255 154 130 255 149 166 255 210 189 159 5 97 228 143 83 202 255 131 25 101 124 81 43 110 81 21 177 160 148 199 247 56 234 12 200 246 255 103 98 37
25 54 253 166 150 250 145 255 105 143 254 196 30 14 67 34 249 153 208 141 62 39 33 177 106 238 126 88 74 79 241 58 104 154 3 175 4 229 212 185 30 203 197 229 99 127 188 216 37 130 255 199 58 130 49 150 229 190 247 87 93 92 66 44 145 196 184
93 4 205 255 216 178 240 116 228 129 219 108 63 217 51 247 149 90 125 94 225 35 195 121 229 198 20 255 14 81 5 111 199 193 82 155 239 27 121 255 148 149 45 121 250 145 143 226 249 54 25 133 41 140 255 143 255 255 143 46 255 201 55 255 248 70 115
215 49 254 120 83 144 195 156 101 241 152 197 226 255 249 166 254 133 233 245 255 174 26 170 250 189 251 133 103 129 14 224 100 114 78 189 48 163 228 41 243 255 133 66 118 82 183 58 28 124 147 255 81 209 18 109 174 210 208 37 255 130 177 144 192 178 75