99 84 22 62
6
79 44 112 25 120 99 54 213 104 80 79 29 203 152 55 64 250 91 107 108 136 173 109 174 7 13 109 59 57 235 172 85 110 7 178 101 229 10 124 206 86 99 238 198 101 140 103 102 78 70 109 129 238 212 108 58 33 41 29 81 164 164 196 247 98 220 20 209 230 141 103 204 104 19 23 252 18 109 212 240 47 107 219 151
172 100 102 186 196 64 202 96 109 208 1 159 97 106 83 163 98 219 104 100 219 109 122 13 224 46 108 226 101 33 163 178 91 92 32 163 98 15 70 213 109 102 67 14 83 141 101 104 203 180 191 190 9 12 80 238 66 94 65 100 152 41 104 236 190 101 156 110 104 11 110 153 169 101 118 88 240 105 139 101 224 103 104 41
219 99 103 245 66 114 106 25 101 107 132 108 166 250 137 118 200 28 238 202 139 105 207 64 45 200 104 249 117 66 96 212 108 16 81 10 38 10 107 99 177 106 186 146 94 180 223 98 126 132 163 68 230 106 118 76 212 164 56 29 102 180 1 96 104 103 109 107 20 207 128 107 90 139 239 156 22 103 41 54 102 216 18 82
49 199 217 108 185 152 104 104 9 197 250 211 110 103 217 131 104 52 102 200 71 181 20 153 110 173 169 105 107 84 225 138 135 130 202 120 137 162 99 99 103 105 143 95 66 219 106 10 100 24 104 109 164 233 56 22 7 104 158 182 229 7 42 107 3 5 100 108 51 230 179 108 196 136 56 100 101 188 107 23 150 102 226 133
58 101 147 108 245 19 101 17 107 31 60 3 59 68 93 109 149 169 103 22 250 16 125 104 233 90 115 81 255 202 108 142 243 92 74 12 91 180 86 116 250 240 51 200 110 216 109 200 139 107 102 52 102 82 117 103 90 14 127 104 245 100 84 180 110 103 178 146 104 160 163 110 99 99 133 196 246 103 100 103 22 0 102 228
202 242 24 81 104 104 181 229 219 60 98 108 118 242 207 28 42 121 233 236 33 194 62 115 56 109 101 40 173 80 53 196 151 25 6 99 104 221 199 245 98 88 66 225 230 125 104 176 169 137 212 152 185 100 14 124 107 158 67 246 178 196 213 54 162 189 194 168 105 99 129 201 123 103 47 149 135 154 46 137 218 216 61 108
150 94 164 175 232 222 221 32 42 139 252 220 106 128 26 86 245 172 2 101 199 105 100 104 104 164 255 248 247 63 240 178 107 236 173 204 168 100 100 58 199 208 208 108 155 141 217 178 30 211 18 97 66 206 154 69 121 32 84 99 108 55 108 213 102 163 72 128 202 99 100 43 140 159 27 46 106 98 55 18 132 102 200 135
169 40 102 200 8 98 109 193 248 72 243 60 204 67 26 43 154 79 32 222 74 180 177 4 228 134 151 225 155 187 104 130 209 22 244 147 178 170 167 102 103 156 200 103 82 114 204 145 91 216 143 106 150 86 188 81 227 109 252 68 189 111 18 204 41 101 103 103 250 80 170 187 167 105 117 107 254 106 38 110 73 87 237 118
186 162 139 124 104 191 112 8 78 43 100 205 104 91 107 97 13 99 61 68 190 134 251 107 33 174 41 218 95 141 97 244 40 117 17 98 160 74 238 172 253 107 104 45 64 60 19 150 101 110 137 106 251 35 125 112 50 102 46 249 110 166 107 105 69 184 107 109 125 117 150 141 238 62 208 189 106 104 2 102 120 108 78 14
195 85 56 138 64 52 168 206 199 252 101 16 111 150 33 64 104 135 126 214 151 15 100 32 203 52 35 108 109 238 103 202 103 110 115 182 110 60 163 134 110 110 141 254 124 206 99 73 247 46 28 11 56 180 154 47 145 165 99 45 109 99 2 114 251 103 96 113 15 245 116 175 183 98 31 18 98 10 198 186 109 20 34 90
44 30 207 100 84 81 49 122 74 110 49 135 138 28 163 22 113 182 139 209 106 13 118 83 102 242 12 109 134 212 79 79 105 108 104 248 95 212 119 87 195 44 90 111 100 205 109 109 13 107 16 59 49 250 98 170 129 110 55 98 156 236 100 99 135 135 231 98 129 111 157 152 119 125 127 55 75 218 5 99 231 3 233 248
101 145 17 110 114 246 26 70 72 211 120 68 110 20 3 118 138 138 231 100 70 104 181 136 102 189 105 185 176 104 106 116 36 102 100 103 101 197 143 107 32 135 109 18 18 98 74 34 2 75 196 46 122 5 101 104 211 84 8 98 10 101 223 190 24 92 92 101 40 85 104 41 215 102 99 24 99 89 179 205 105 150 61 208
229 8 5 112 91 179 158 198 98 3 5 102 59 102 106 210 109 94 102 220 157 101 102 84 231 208 58 37 140 236 140 104 30 105 29 51 152 188 108 99 169 107 22 101 20 129 184 60 110 102 92 176 104 99 102 104 107 12 103 100 104 108 103 104 110 110 212 104 101 101 105 110 107 145 193 242 253 30 151 38 218 65 114 107
143 89 98 173 213 77 107 154 114 102 201 72 2 100 44 8 229 98 212 77 136 99 69 70 110 17 198 109 253 241 202 115 97 99 114 102 48 62 154 109 104 101 108 78 104 167 135 120 40 76 105 110 110 105 107 105 106 238 104 101 108 14 103 99 102 105 106 100 100 190 216 100 100 55 197 110 199 44 210 195 157 151 102 214
247 154 109 242 23 186 81 110 42 104 120 80 7 136 191 160 229 194 171 41 105 159 83 49 105 12 114 0 174 16 72 165 97 101 32 206 2 218 12 181 42 150 169 168 222 170 108 181 216 83 98 101 102 105 107 104 105 105 98 100 104 102 107 102 110 107 102 104 108 108 104 107 99 102 45 92 108 194 164 166 104 103 181 4
222 122 129 125 2 35 119 106 117 78 104 68 111 75 221 79 107 82 170 182 233 233 47 87 103 156 32 18 178 41 153 25 202 107 182 227 89 16 76 145 104 31 109 99 246 90 23 6 210 85 242 113 110 107 103 103 106 99 104 101 108 43 101 107 107 107 104 109 110 104 218 104 100 211 5 107 181 101 102 105 26 174 79 47
105 183 243 215 125 180 169 79 50 161 238 105 138 125 117 81 214 218 174 68 155 76 12 195 66 242 37 171 249 34 14 226 44 165 103 2 34 107 229 178 98 101 102 85 108 185 205 196 101 56 110 104 110 6 104 102 107 101 109 109 100 108 108 107 108 101 107 102 106 105 98 98 105 81 20 59 29 105 108 9 11 177 137 80
99 99 82 237 226 107 53 135 179 143 31 104 151 196 98 99 87 138 14 125 239 90 103 20 30 87 109 253 108 104 226 3 250 99 220 117 98 102 9 107 232 108 106 211 201 100 98 55 100 172 22 104 105 108 101 134 102 99 191 98 104 108 101 110 104 103 100 99 98 106 103 102 103 105 63 75 103 42 251 120 99 131 171 132
94 77 62 103 106 109 67 78 115 66 94 100 108 193 90 111 151 248 82 65 183 64 31 220 143 193 100 105 99 242 56 102 195 101 109 109 210 187 11 99 150 106 191 109 76 109 247 139 31 47 36 208 106 100 99 99 109 101 107 106 102 106 98 104 103 104 110 106 100 98 64 108 100 217 110 178 63 125 137 90 105 48 152 239
107 107 239 110 18 172 83 226 100 106 81 98 99 26 51 74 188 13 203 6 125 245 101 213 180 106 116 231 108 127 115 41 109 109 230 95 39 46 154 157 128 98 64 183 148 212 110 81 199 172 152 99 102 107 105 108 3 108 100 108 149 104 102 99 105 101 104 104 106 106 101 102 100 252 137 8 115 134 159 108 108 117 113 138
106 136 146 2 181 230 61 119 194 1 206 37 171 185 107 98 167 101 55 128 215 107 137 210 107 98 104 181 203 114 109 238 249 105 104 99 107 11 17 186 26 95 219 186 231 58 120 135 174 101 113 81 105 104 108 102 104 108 100 104 99 105 107 99 101 100 104 103 101 104 99 103 98 124 99 48 249 218 87 150 13 110 40 144
245 27 95 145 138 25 169 124 184 220 54 46 46 146 108 10 127 109 106 137 17 185 171 144 107 21 239 57 3 204 240 162 104 1 160 78 127 13 222 254 18 86 60 101 255 99 104 99 251 50 82 142 104 99 107 100 214 109 106 105 99 104 195 107 104 109 249 99 108 105 98 102 104 75 178 244 163 109 43 245 211 244 45 188
168 16 102 48 194 132 45 68 174 213 11 92 219 100 3 94 90 183 103 63 107 137 19 47 249 189 15 27 207 234 100 170 232 158 99 101 232 114 124 153 110 15 81 88 52 21 15 99 38 247 114 218 102 100 99 110 104 104 106 99 105 108 106 99 103 201 109 113 100 105 99 105 107 37 109 99 103 23 134 32 237 75 26 108
156 100 178 98 104 43 74 226 35 54 107 173 142 119 99 45 74 58 212 115 22 106 66 171 154 42 62 128 36 100 183 5 69 22 229 104 253 16 108 28 244 251 219 104 96 193 230 179 94 58 82 189 124 106 108 99 210 104 99 102 103 103 104 101 107 99 105 98 108 103 105 104 108 225 204 7 21 106 41 126 52 63 9 200
51 93 51 102 218 9 108 1 236 68 232 107 127 99 90 107 205 218 251 82 104 171 149 107 107 222 180 23 106 32 187 102 107 32 108 17 73 127 207 107 202 230 210 8 77 205 150 9 26 200 94 50 103 98 191 109 106 110 108 98 103 104 98 92 107 102 101 107 108 101 108 99 99 110 155 105 99 196 57 14 20 32 139 245
197 15 126 66 237 15 148 55 222 236 104 102 129 247 28 85 104 206 240 250 185 157 58 205 90 117 106 234 105 188 62 47 110 63 55 131 144 6 16 109 201 217 106 243 207 106 109 99 105 95 134 99 102 105 50 109 105 121 105 104 109 105 99 104 100 109 104 101 108 98 102 104 105 183 100 2 136 231 170 181 209 246 108 216
176 101 105 106 178 114 102 20 183 220 233 248 212 92 194 187 54 20 78 192 98 39 142 155 149 99 150 70 0 92 35 4 54 202 60 98 95 184 31 154 42 60 99 221 140 104 169 12 147 148 36 240 108 107 105 167 102 106 100 104 103 105 104 104 108 110 106 106 108 110 110 109 98 240 244 28 198 46 108 104 32 58 126 54
255 110 77 106 6 100 180 181 52 140 110 237 241 109 3 212 106 109 110 50 230 78 105 129 100 228 110 15 198 13 192 109 82 132 110 9 194 98 180 90 101 243 187 198 215 101 99 110 155 102 198 102 101 106 101 108 109 105 108 103 102 104 203 100 104 107 107 101 102 106 110 104 106 100 167 248 224 234 98 105 16 179 248 245
242 29 159 107 129 129 106 183 27 56 24 78 146 100 145 146 125 33 112 26 142 106 105 216 136 181 117 95 245 150 42 240 23 233 40 108 183 98 245 241 223 233 164 199 104 6 86 219 193 107 252 243 105 110 108 233 104 108 109 101 103 198 98 101 99 100 175 109 107 101 104 203 110 202 74 107 135 106 197 254 178 9 199 159
73 119 100 99 155 90 243 104 6 103 203 101 6 90 234 174 27 243 170 191 229 202 148 0 51 255 80 103 0 148 140 233 87 145 128 105 144 187 216 108 28 38 151 237 19 44 102 100 59 136 99 135 101 101 106 105 109 103 104 98 109 106 98 106 109 109 102 98 105 98 183 104 110 220 144 134 105 109 40 180 103 64 50 27
166 107 196 138 110 129 104 250 230 74 63 117 15 240 104 107 103 45 169 5 95 172 59 121 18 60 104 31 7 254 100 25 106 80 103 237 77 120 77 108 101 106 253 201 80 233 13 30 136 103 178 184 105 106 99 105 105 98 108 41 248 108 104 106 101 104 103 98 109 29 106 109 100 4 1 164 161 0 68 107 109 247 58 88
192 189 96 104 67 104 199 98 104 76 95 183 22 78 109 120 161 123 43 6 104 72 59 63 95 4 244 120 249 22 163 182 210 113 102 102 227 187 49 14 109 85 133 249 164 83 175 233 231 225 103 110 101 107 101 107 102 109 103 108 104 108 100 108 164 104 109 99 255 100 110 102 102 216 107 120 80 171 110 131 117 128 165 39
130 231 142 11 163 86 65 151 13 102 196 53 1 51 12 104 245 182 109 118 175 104 125 186 177 103 20 251 204 103 110 43 248 102 154 132 239 149 207 10 125 151 108 91 110 108 141 165 19 67 36 8 98 110 99 100 101 105 107 108 101 106 105 99 99 99 105 105 102 109 225 102 101 248 98 216 151 78 108 223 229 109 222 103
40 103 130 73 109 47 46 170 247 206 6 35 221 53 192 110 126 106 103 57 136 107 249 201 108 90 105 240 100 81 10 87 107 219 111 84 152 2 49 100 211 54 47 104 165 72 65 209 97 109 25 69 245 255 105 97 70 198 103 103 95 44 103 189 197 56 99 11 103 122 90 157 222 246 22 90 5 190 205 114 129 27 93 166
194 108 190 100 108 158 46 219 221 72 249 61 102 99 181 102 47 172 72 16 216 98 159 135 108 100 108 84 46 42 105 38 177 233 240 182 199 31 108 20 249 105 174 7 29 100 23 92 108 23 95 207 179 112 105 23 105 139 39 9 20 115 231 227 100 41 7 175 104 72 98 102 106 215 110 105 220 141 70 126 100 103 31 116
232 82 74 7 193 175 109 10 156 136 216 131 102 79 100 90 110 244 162 139 104 123 101 99 102 128 229 31 109 104 233 100 186 73 75 102 110 141 179 137 235 82 99 109 56 228 42 63 102 233 6 107 6 239 115 224 237 133 163 171 229 142 97 130 63 115 100 37 54 3 105 13 22 81 160 130 207 129 148 129 233 223 99 219
228 98 176 249 80 102 125 83 102 208 103 39 122 252 12 83 108 213 109 104 34 144 4 169 251 44 55 192 255 201 100 94 167 211 38 102 232 167 182 242 151 4 109 202 106 147 101 182 105 177 101 158 0 106 44 26 2 232 27 82 124 169 23 40 234 110 34 216 105 21 223 136 7 102 247 201 34 141 191 42 102 18 14 208
93 41 174 184 152 186 178 129 79 189 232 2 159 108 38 221 206 223 101 94 109 19 104 108 151 119 118 169 105 194 170 100 148 96 203 20 88 153 150 110 86 224 51 13 24 108 66 152 253 227 156 101 106 100 160 49 159 50 80 106 98 104 209 7 206 73 239 34 26 107 177 104 122 0 199 86 106 8 3 105 105 61 5 209
168 44 99 110 217 155 70 205 101 71 107 206 253 143 212 253 192 64 2 81 104 78 72 107 23 163 58 84 98 108 218 253 73 87 37 133 157 23 110 127 168 102 21 107 1 227 37 19 161 166 38 172 104 13 14 248 18 190 252 77 6 94 255 100 33 243 186 214 85 104 196 102 104 153 199 110 229 177 134 143 212 226 87 14
87 73 185 49 56 117 98 61 252 243 105 99 160 220 201 233 110 42 83 18 91 142 207 45 99 87 190 88 37 104 163 142 203 19 102 22 193 187 215 105 75 102 210 104 85 107 105 107 2 105 89 132 49 34 188 109 102 66 26 149 110 128 119 77 96 73 104 83 229 136 156 216 41 134 115 98 203 203 37 45 237 127 221 78
74 216 151 199 121 164 136 143 20 249 172 106 0 5 49 196 107 184 100 102 99 99 109 106 102 29 172 149 4 93 101 235 221 210 145 185 64 194 101 235 175 129 152 107 18 104 130 98 27 108 103 148 102 68 104 42 108 15 209 87 174 20 69 147 185 163 102 108 207 110 103 109 57 69 65 245 167 157 77 186 158 101 149 171
104 93 181 40 210 49 120 185 104 135 74 40 116 113 105 98 173 243 197 237 88 25 6 10 163 234 110 228 104 99 157 107 239 117 150 94 160 171 202 101 102 251 125 105 160 192 247 117 102 104 135 145 135 171 222 227 252 46 179 11 237 31 104 108 79 251 160 30 252 159 91 107 244 9 198 16 180 216 108 62 107 17 103 172
42 151 245 92 246 121 63 42 196 251 105 178 201 118 92 215 77 110 187 235 27 96 108 213 144 81 229 204 253 219 102 97 220 168 38 225 216 196 60 86 246 152 138 72 105 104 103 76 104 149 70 117 201 105 208 101 83 28 0 106 236 81 205 119 105 33 101 103 110 82 108 75 53 190 101 155 168 103 35 130 170 91 19 108
185 60 241 107 142 227 99 104 98 19 43 46 177 234 24 109 108 109 162 105 59 130 72 15 90 52 233 100 20 181 107 137 192 84 168 209 15 238 104 32 219 3 165 174 109 253 181 184 246 31 174 102 101 98 91 30 107 98 87 69 82 188 88 125 157 235 148 46 103 5 108 45 244 98 236 249 228 192 19 104 201 104 76 98
103 199 104 204 103 107 197 149 70 77 104 159 108 168 19 93 160 250 148 47 16 118 220 105 104 17 160 107 40 203 93 44 178 121 103 190 96 87 42 91 190 157 89 146 119 120 103 15 194 12 106 107 229 206 97 209 36 13 253 131 42 124 107 4 148 105 187 176 132 126 44 74 103 254 64 221 12 102 91 109 101 231 245 192
5 117 31 60 234 104 98 164 222 101 63 70 214 99 98 100 155 108 109 46 61 106 104 13 242 133 98 94 57 131 82 231 119 74 163 193 240 186 172 108 10 217 45 143 22 8 99 194 244 130 168 121 84 195 110 4 101 204 166 135 85 9 58 158 58 193 85 108 98 107 118 104 15 89 231 130 160 50 227 131 86 108 119 101
222 87 47 2 49 181 243 104 109 137 204 22 44 217 11 84 108 169 237 221 147 68 151 147 162 254 237 41 102 96 227 110 140 123 185 151 118 174 101 219 187 72 0 0 110 34 110 37 154 169 203 167 245 104 110 122 216 8 132 63 103 119 105 109 202 99 200 166 153 213 43 104 105 63 29 69 120 118 250 246 65 159 98 103
108 18 100 113 105 176 41 94 144 149 235 125 136 200 0 250 15 130 164 103 218 99 124 216 238 99 108 230 106 46 50 244 180 240 217 215 100 243 104 104 108 17 76 226 151 198 57 110 192 124 110 229 202 59 56 181 103 235 175 105 107 223 44 24 78 169 113 51 132 12 109 48 69 174 109 163 67 40 86 103 112 207 209 180
68 30 61 104 102 194 250 104 243 132 81 218 137 128 96 148 143 108 204 71 157 227 117 169 23 166 149 200 75 104 160 2 197 216 85 143 199 244 9 231 157 105 102 221 226 110 243 31 9 170 220 169 230 226 195 21 101 44 210 107 43 46 99 110 58 100 101 99 167 106 192 116 226 81 194 234 103 77 197 84 66 32 67 103
221 85 105 46 122 228 76 217 108 182 186 179 119 105 101 121 110 237 247 134 30 146 146 110 93 143 11 121 223 98 8 193 229 104 12 236 105 85 82 239 98 198 34 160 102 229 108 122 64 106 58 188 18 114 161 24 174 142 183 12 36 121 22 172 153 81 99 20 71 101 220 104 30 105 108 101 105 8 100 58 0 80 98 75
152 199 109 87 101 104 238 99 13 166 216 99 192 81 136 62 227 144 110 111 131 76 135 23 99 198 204 103 226 100 45 88 233 57 32 165 130 104 166 98 249 166 255 66 32 29 76 165 103 235 156 139 142 181 30 173 109 88 110 24 241 83 43 108 35 241 50 210 106 85 168 201 134 156 101 105 84 189 4 214 116 104 200 7
232 145 99 74 117 114 212 108 235 198 75 102 1 171 166 105 99 48 221 18 179 81 208 59 98 51 127 202 187 80 25 2 54 19 105 84 111 100 233 135 109 100 222 210 8 200 221 224 14 107 49 193 106 108 105 51 33 88 75 45 183 129 50 196 106 47 197 107 49 97 6 46 122 226 98 42 216 231 231 198 64 109 38 155
185 4 24 173 241 55 138 121 39 105 43 188 122 48 102 99 126 99 82 108 37 143 121 49 81 86 149 249 101 148 249 148 102 20 227 40 214 123 213 150 200 190 105 49 40 101 241 222 198 221 102 122 108 180 54 109 70 102 104 233 2 197 193 125 231 95 169 0 90 254 7 123 153 181 207 0 26 72 220 147 148 254 104 78
91 101 112 100 176 59 175 235 104 98 191 105 91 246 107 173 197 55 198 180 99 2 71 31 137 46 151 109 36 25 251 206 69 34 32 131 84 13 107 57 13 231 102 38 228 152 146 106 216 61 130 104 46 14 114 109 10 236 211 109 110 105 115 6 131 104 103 146 171 187 17 207 106 145 247 9 74 227 226 103 110 14 112 240
104 60 102 109 83 98 157 72 49 191 53 111 5 106 131 229 97 70 206 93 238 37 10 148 221 100 145 113 140 151 71 105 172 188 66 170 103 181 33 35 132 106 151 40 116 92 2 177 205 169 254 113 107 51 67 102 30 53 103 16 212 102 69 10 239 115 227 107 164 98 158 150 184 215 231 131 220 50 50 15 66 105 21 145
228 107 149 96 120 103 203 105 108 129 26 193 192 108 182 186 106 181 186 101 60 147 14 132 169 247 100 190 20 116 142 182 210 158 148 109 104 94 33 102 110 198 102 151 199 97 100 214 116 204 244 51 94 205 88 108 140 106 93 145 101 45 246 96 126 243 248 254 98 2 157 190 220 98 113 244 167 210 110 214 24 163 11 63
49 103 27 141 107 214 127 100 237 208 141 28 65 2 124 155 104 109 249 61 238 128 105 133 36 74 164 147 81 10 211 207 88 8 5 221 141 51 58 57 202 151 85 33 242 53 30 104 78 61 105 38 248 73 77 193 99 212 104 147 109 102 51 103 72 7 228 181 101 186 41 75 85 105 211 89 115 65 208 100 49 240 167 131
74 193 114 53 34 74 100 97 31 105 104 7 104 122 174 105 52 103 110 5 77 132 58 108 45 109 107 215 132 173 105 216 228 58 240 115 180 99 104 102 151 190 104 107 188 86 104 105 193 155 131 99 134 126 55 108 82 138 13 60 112 38 102 202 8 245 53 216 108 247 254 29 168 2 142 162 105 50 206 201 238 182 162 106
117 237 130 67 231 104 149 0 1 165 103 142 162 128 33 106 65 26 104 123 100 110 159 41 231 13 195 38 74 204 203 234 107 171 16 106 221 101 109 84 20 114 108 232 230 102 107 18 218 109 104 109 135 57 39 200 206 89 150 176 103 42 148 105 234 199 102 11 233 32 103 102 102 13 123 39 233 80 25 208 104 45 61 152
102 243 15 249 98 197 141 134 104 109 184 99 238 130 51 73 211 32 97 186 3 222 115 157 243 134 42 206 102 224 66 145 162 23 218 167 50 158 65 191 189 188 99 35 82 28 162 222 17 224 109 41 213 210 96 77 14 161 230 0 104 98 132 202 99 110 58 230 197 38 45 149 108 56 223 60 157 54 132 96 173 140 96 13
43 216 101 70 110 110 160 102 11 163 62 15 105 129 102 116 109 250 109 253 203 101 101 16 98 228 115 115 101 107 205 189 162 233 54 69 146 184 156 206 110 104 77 109 92 246 130 142 252 98 205 166 116 173 103 124 165 84 231 98 32 150 13 156 103 103 223 29 99 106 53 242 104 155 84 175 207 10 102 46 196 250 107 239
184 104 137 180 102 99 93 47 252 104 224 48 105 138 80 106 35 5 237 179 185 196 107 233 101 113 185 58 0 216 75 19 120 196 102 178 181 153 28 240 150 141 158 109 109 105 178 98 24 101 107 250 166 99 138 18 255 117 107 255 145 82 234 38 134 111 114 208 241 101 75 39 227 51 223 1 19 254 31 174 21 195 21 230
166 75 204 104 110 117 18 94 144 57 36 99 80 105 104 77 27 124 54 16 238 170 152 139 102 188 163 181 238 47 39 82 11 60 155 105 159 98 186 67 135 10 75 254 18 165 8 122 132 139 113 103 107 189 181 72 194 104 154 43 106 121 107 204 49 7 130 66 229 21 241 201 129 76 78 110 100 203 241 45 11 101 107 97
240 178 177 140 22 100 109 120 25 234 97 99 101 56 76 77 90 191 152 136 253 1 105 251 196 104 99 17 108 6 102 12 251 119 106 99 104 18 179 105 182 9 208 22 148 194 195 189 255 218 255 110 199 220 105 228 20 102 95 99 12 38 107 116 236 107 130 102 174 104 101 1 85 105 38 104 104 4 175 39 161 253 107 156
147 152 104 3 114 99 76 78 214 106 43 173 237 28 171 110 19 179 108 113 108 114 80 100 239 69 105 250 54 95 252 97 102 105 100 142 255 129 208 104 100 10 56 163 221 167 107 208 225 114 152 177 194 129 72 156 190 219 232 81 128 53 123 100 61 10 163 116 68 60 84 91 108 228 2 48 51 190 109 120 142 200 106 23
115 105 66 140 185 115 77 223 107 122 98 105 196 19 102 105 225 107 102 90 223 19 99 161 254 107 40 155 99 7 104 139 76 96 234 235 41 217 246 216 51 131 95 46 108 251 105 138 75 19 99 84 33 191 182 3 179 254 13 243 98 19 60 104 1 146 40 106 50 62 104 49 171 97 111 99 127 225 165 86 147 155 206 13
182 98 100 58 180 50 103 109 132 61 169 140 32 103 242 249 32 31 3 155 18 108 152 107 107 219 246 100 103 106 1 93 108 89 233 9 2 225 101 230 219 107 117 70 101 86 158 74 73 106 220 105 108 94 202 107 109 178 230 201 212 206 104 24 217 218 20 102 117 105 19 229 134 47 140 28 115 27 73 253 186 3 196 40
70 59 102 137 148 188 159 221 114 132 69 96 6 68 110 110 208 168 246 107 11 105 104 54 183 222 57 123 146 105 229 108 195 113 138 239 63 178 141 12 249 52 158 110 109 128 238 110 81 165 140 101 107 118 208 195 202 106 156 192 138 220 86 176 132 80 5 194 157 165 246 157 149 10 49 221 215 103 68 246 109 90 26 107
87 138 202 74 105 13 117 138 104 59 0 226 111 121 107 109 13 45 10 68 1 246 62 86 105 11 104 58 41 134 64 204 94 227 38 152 102 18 4 200 110 192 103 153 104 106 71 107 34 36 98 238 183 69 179 52 12 9 36 237 105 230 127 82 117 8 221 107 110 155 34 98 181 58 25 1 93 225 110 221 229 196 251 168
87 88 127 109 45 109 99 130 151 112 18 184 21 76 200 219 156 156 108 2 5 243 138 110 248 227 104 65 133 151 95 200 204 204 40 57 101 1 101 68 104 168 108 130 252 7 103 42 129 170 92 228 200 88 104 79 12 238 149 167 152 47 202 105 69 110 48 109 253 239 146 249 140 148 138 137 222 99 196 65 104 83 124 203
107 78 100 70 130 20 32 108 77 105 53 106 60 180 101 229 179 41 115 104 202 41 98 220 238 176 204 109 98 190 182 6 254 8 101 45 201 73 16 150 62 239 127 220 86 148 130 216 242 231 175 148 226 99 136 6 99 207 174 155 26 60 44 13 164 57 119 146 110 142 243 182 100 223 108 77 101 251 233 105 102 104 241 120
33 250 142 108 179 65 135 90 150 145 94 108 234 155 101 153 210 157 160 84 89 99 217 100 76 121 107 38 110 201 205 149 7 142 33 99 57 135 101 97 6 7 84 180 112 16 2 67 65 100 183 139 27 191 122 22 121 105 231 46 25 173 108 55 103 118 68 171 97 53 50 161 124 210 46 106 216 247 134 207 233 7 62 109
163 221 118 102 104 109 228 35 213 50 166 218 41 107 227 46 110 188 75 98 235 40 170 14 103 110 98 245 81 214 102 102 19 222 99 21 129 42 62 172 252 243 102 228 41 130 100 33 108 105 66 48 134 229 8 146 110 10 58 36 100 212 99 70 102 52 105 85 105 98 58 91 53 67 106 130 107 251 100 95 22 101 160 220
115 106 136 44 57 70 190 110 97 99 67 183 43 163 30 7 186 213 168 110 211 232 57 127 148 193 0 169 218 85 255 187 149 46 77 27 34 52 127 245 107 76 102 219 164 162 240 60 74 165 117 140 104 101 45 172 102 43 0 103 146 101 213 199 169 206 140 13 218 135 141 40 110 101 78 124 124 69 57 207 49 144 209 52
101 100 197 88 52 45 60 43 156 72 101 51 200 169 174 186 15 37 162 85 2 102 100 241 93 128 102 231 125 239 80 199 46 82 108 165 58 52 124 99 125 215 19 103 236 152 201 98 254 88 38 95 104 156 34 48 99 30 218 206 198 98 18 43 106 16 171 87 119 105 198 99 109 60 231 149 138 222 100 200 166 148 219 102
239 128 10 179 168 50 188 100 104 104 200 221 75 97 101 59 229 162 104 183 113 117 110 106 84 233 242 160 161 99 22 196 26 108 68 68 60 111 135 56 84 26 212 157 174 126 89 23 104 27 25 104 15 218 27 64 99 148 112 197 18 34 125 107 105 228 250 104 177 66 123 107 215 132 172 50 96 80 28 41 126 15 99 12
98 139 141 82 12 110 163 118 42 143 76 173 104 86 46 199 228 127 205 3 163 82 102 150 226 161 102 159 168 166 37 214 141 110 229 221 95 30 161 36 95 99 212 109 133 205 202 100 54 226 60 102 108 249 108 174 194 103 10 236 216 198 65 103 152 193 77 109 59 254 104 101 82 104 23 29 183 47 253 105 107 101 217 62
164 43 102 69 104 248 104 45 250 82 108 248 188 224 241 101 108 130 99 233 139 114 197 82 36 154 12 112 59 188 231 109 215 38 131 138 105 156 104 108 149 104 95 198 217 162 99 164 141 104 184 109 171 110 111 203 241 254 109 212 145 194 20 233 35 95 228 222 105 39 93 110 45 110 10 180 104 31 45 106 241 9 65 140
254 68 10 107 107 63 215 132 230 228 158 193 20 184 230 116 139 47 84 88 153 108 103 51 17 253 109 135 51 221 104 103 220 73 5 190 185 108 13 109 173 8 244 109 26 157 183 2 52 159 64 102 245 21 99 81 180 109 225 42 186 98 108 154 74 101 215 122 110 158 136 185 33 187 119 10 155 106 47 17 99 209 124 164
156 148 146 182 103 193 60 156 253 29 142 113 51 98 0 56 252 111 234 75 102 107 137 93 172 187 110 28 189 41 126 11 106 110 150 148 224 47 115 193 243 103 40 99 228 160 202 5 59 222 99 200 101 35 122 26 109 104 106 123 89 102 255 31 53 164 81 128 110 103 13 77 1 47 217 108 110 142 245 179 106 183 250 99
49 103 105 123 186 87 192 49 45 46 151 103 222 109 250 105 106 41 135 99 65 9 100 234 102 145 103 54 159 142 223 150 44 83 37 99 235 175 255 247 245 224 79 46 11 136 106 170 112 126 136 69 179 107 165 192 107 9 69 112 109 105 66 151 209 56 134 160 18 146 102 108 233 109 52 101 14 242 90 25 173 105 35 120
32 16 61 93 103 244 31 219 161 37 129 102 117 157 93 104 114 200 101 64 163 102 102 123 194 105 119 110 152 139 31 101 209 221 233 214 161 190 2 23 63 13 122 97 104 109 107 110 104 224 111 104 230 108 6 114 103 199 88 210 187 103 57 189 231 233 55 66 168 120 224 200 107 225 102 98 222 66 105 9 253 125 105 205
226 180 94 103 180 134 250 106 177 191 193 215 184 52 236 247 70 146 232 100 136 115 36 231 53 102 234 151 53 108 104 54 219 186 178 102 21 31 124 104 228 70 89 104 104 122 213 69 41 159 18 29 181 66 169 191 242 57 253 108 107 215 182 106 220 34 99 31 139 124 215 141 100 149 110 95 55 101 188 195 102 242 102 17
92 85 211 105 29 27 10 217 241 113 252 189 62 150 193 63 196 248 7 102 191 92 137 245 100 233 102 165 170 123 120 61 107 140 46 7 78 100 67 222 81 13 102 123 87 208 104 233 207 104 222 92 211 13 134 159 175 251 190 204 225 103 68 103 162 35 15 114 98 252 28 145 210 104 249 104 171 108 247 178 51 109 106 70
107 245 66 33 117 149 79 100 212 65 76 212 133 123 102 91 140 22 45 143 18 231 208 209 153 253 138 140 44 202 179 110 102 106 202 174 2 160 215 43 99 249 163 43 176 192 149 98 76 103 225 103 73 249 99 232 186 117 68 42 73 106 102 245 168 106 17 62 104 58 86 107 43 69 169 62 91 13 103 23 167 62 44 26
179 121 248 185 250 109 212 54 56 17 25 33 18 181 252 13 35 116 104 8 37 101 124 115 104 29 78 231 172 46 104 100 230 61 106 117 58 235 101 104 130 112 105 181 114 109 61 32 99 139 220 9 104 68 52 104 3 64 180 231 110 99 252 13 65 94 53 9 85 104 92 216 104 248 137 88 47 23 226 53 67 50 167 7
132 220 110 137 47 118 164 58 252 69 212 122 231 107 100 167 184 83 246 101 53 104 193 100 94 247 100 99 219 99 114 13 32 191 54 244 107 88 98 254 39 85 38 213 2 152 73 244 248 205 101 100 37 240 106 100 103 0 91 115 50 43 83 99 222 107 239 177 135 255 74 149 106 202 193 194 99 41 1 109 226 208 103 42
107 110 212 102 255 107 135 154 104 225 98 17 105 18 226 145 101 226 4 220 27 23 103 220 17 181 103 107 54 105 195 153 167 192 233 13 193 237 140 104 91 101 57 101 90 112 53 104 140 99 239 57 103 119 104 104 59 119 171 98 52 132 165 240 111 188 110 154 100 110 227 215 44 221 104 194 227 99 192 58 139 145 31 104
143 131 216 157 152 9 190 27 81 196 92 91 93 1 224 242 178 133 93 104 212 112 57 103 151 206 0 245 104 107 109 80 162 76 75 161 184 75 187 106 101 95 193 213 103 127 217 70 213 46 109 7 249 109 20 226 102 101 78 104 242 72 14 228 101 153 234 132 30 19 108 51 42 202 112 67 240 202 206 34 109 18 49 3
129 110 67 214 62 9 61 36 102 63 226 98 32 62 205 120 139 77 175 108 192 92 150 172 59 191 191 146 215 65 201 255 133 213 100 106 123 143 110 204 182 57 110 11 31 84 15 4 102 14 127 54 175 249 26 5 9 107 217 101 253 25 12 98 85 47 110 169 108 84 66 60 104 169 47 25 106 53 109 191 33 100 239 17
197 61 109 216 144 106 105 100 98 142 72 149 93 103 103 110 28 90 104 14 8 232 110 0 119 104 105 99 226 254 65 25 65 12 34 2 124 39 211 228 57 181 178 235 104 211 107 121 143 167 83 252 111 249 210 176 38 202 6 128 192 56 255 33 106 67 221 85 102 110 202 8 145 162 204 103 100 110 103 99 41 67 229 211
103 12 109 113 3 205 35 7 172 202 57 102 102 108 97 30 28 240 202 106 123 201 21 183 183 191 103 187 225 71 129 132 10 158 147 81 104 157 84 106 113 89 106 101 171 145 226 102 38 98 216 174 107 106 239 135 221 6 154 71 135 155 90 0 43 162 39 250 242 148 29 47 104 139 185 99 97 67 212 242 109 107 7 132
110 237 13 59 99 105 203 141 102 56 13 147 30 124 110 177 246 106 220 100 213 53 106 100 255 138 21 172 113 99 119 149 1 80 158 183 9 111 109 238 136 35 105 31 100 232 68 154 149 212 39 233 21 161 80 100 255 221 103 105 254 174 98 135 13 93 113 99 171 200 225 215 88 106 79 62 153 91 250 196 104 102 95 164
106 74 104 45 167 67 5 249 161 167 165 244 185 68 155 207 124 182 173 102 180 143 124 216 222 218 45 240 116 106 195 76 168 251 45 104 129 127 199 114 180 80 181 28 101 216 99 193 255 197 100 32 233 178 106 16 12 65 236 109 4 213 110 102 105 184 26 4 102 102 42 218 109 241 163 181 22 127 98 109 227 107 225 88
251 227 13 246 110 122 104 1 85 104 70 167 176 104 112 4 21 143 16 91 104 204 40 181 21 41 9 82 207 142 206 98 52 100 132 110 216 145 88 119 163 24 102 99 42 172 152 101 237 91 104 39 100 105 237 215 212 104 103 35 107 57 74 109 249 130 198 161 115 222 26 59 166 105 102 220 81 236 77 220 183 109 107 65
105 208 128 209 150 74 178 104 143 237 28 40 75 229 218 154 104 102 51 164 128 106 110 141 104 241 57 104 231 223 216 153 110 189 95 41 102 104 228 85 158 204 158 49 135 11 21 2 98 170 103 30 160 26 105 3 31 103 98 87 125 213 101 23 244 155 226 149 215 51 109 108 109 99 104 16 102 152 135 99 221 101 100 20
55 126 134 208 41 110 104 139 188 105 204 101 78 248 32 101 98 128 37 199 208 98 178 50 101 29 162 250 125 74 105 183 141 101 218 43 74 77 101 109 248 100 103 108 83 42 212 229 105 0 64 153 79 110 82 217 86 74 227 100 198 223 110 163 43 109 20 106 154 243 118 254 251 217 140 209 182 103 144 68 177 10 174 190
212 193 11 240 67 18 22 238 158 214 105 156 100 230 90 124 193 188 74 145 104 30 87 212 86 1 242 171 18 237 227 184 105 180 65 39 61 156 200 8 243 19 99 107 2 207 15 164 145 57 42 199 121 103 191 100 12 83 98 47 111 89 141 55 99 133 27 247 97 80 161 98 189 100 104 158 8 105 86 78 103 155 206 104
22 119 129 81 155 62 232 174 59 245 237 188 249 155 74 217 104 10 29 62 103 20 101 5 55 103 102 24 104 90 62 48 14 220 193 2 178 141 98 141 128 112 104 129 128 235 237 104 99 223 35 133 30 217 227 149 145 93 110 110 101 156 200 171 33 104 98 1 146 120 108 172 107 104 149 107 30 144 109 97 2 100 108 132