97 76 35 69
97
31 42 106 250 199 25 197 235 166 207 120 58 70 152 99 23 178 131 133 205 224 249 82 176 192 38 220 221 28 117 41 54 255 215 157 89 186 71 80 111 1 97 132 230 42 75 242 235 99 157 230 183 39 248 23 204 84 169 15 139 227 40 130 188 113 170 87 39 147 185 111 38 44 15 255 140
217 213 50 233 98 21 161 218 25 112 64 112 236 234 45 236 111 106 207 71 219 175 251 219 24 255 178 217 60 211 255 103 124 174 239 72 224 59 42 204 119 45 115 74 218 16 102 105 61 189 144 114 157 238 25 222 163 158 7 83 249 255 127 142 77 196 255 144 58 203 18 141 4 129 180 107
142 255 242 90 19 154 116 70 133 114 255 75 224 87 188 206 163 237 166 214 226 183 66 90 235 218 238 95 174 203 92 219 188 199 255 255 178 6 176 255 194 200 29 130 0 226 201 185 37 162 255 234 232 127 112 236 131 167 246 20 43 35 38 48 105 223 200 101 225 213 58 143 37 255 46 66
252 126 133 159 208 169 209 62 251 52 144 136 238 93 111 137 6 101 93 46 241 214 158 255 170 79 196 120 178 51 184 153 209 249 101 20 67 43 164 24 151 202 31 20 137 111 1 32 175 224 38 168 255 240 107 202 174 215 255 141 189 156 62 43 144 222 138 73 220 174 204 7 100 251 170 146
178 198 91 215 92 255 143 104 185 35 243 224 19 113 126 216 67 110 28 168 214 127 233 21 249 203 48 158 132 167 174 106 207 178 255 83 29 28 107 186 161 194 130 255 131 122 226 245 250 100 255 100 255 255 9 212 89 35 220 184 184 196 228 185 203 17 131 68 225 164 167 177 61 243 216 187
140 167 80 151 244 243 172 126 255 145 185 39 51 149 227 138 39 30 243 23 27 109 161 54 174 195 92 221 239 77 158 101 147 132 56 203 109 170 138 218 155 42 157 185 245 19 229 255 72 230 156 255 132 189 226 229 180 136 46 251 218 226 216 184 88 220 67 65 134 255 201 255 211 255 169 92
187 151 120 166 111 144 12 171 119 142 130 67 194 250 196 177 255 180 65 178 255 209 57 209 14 217 55 172 155 165 212 235 30 97 20 12 180 40 247 253 30 231 124 96 160 44 110 196 59 208 122 26 203 99 62 147 145 42 157 155 249 2 204 11 99 217 77 245 100 82 92 52 219 180 255 63
187 248 158 246 242 230 51 143 138 233 255 245 36 228 203 13 167 50 123 165 157 113 169 149 81 103 84 66 158 83 118 135 255 150 144 110 217 188 192 208 248 196 104 200 255 99 168 42 88 94 106 72 61 188 195 167 82 30 219 230 28 254 150 125 23 191 102 74 116 255 13 185 114 186 206 47
59 47 170 225 22 56 166 255 117 221 255 138 142 150 2 160 118 185 51 142 254 107 246 217 255 84 234 61 189 1 229 83 214 227 6 139 197 205 119 168 189 39 55 233 124 131 244 45 50 160 74 123 171 130 1 236 127 134 231 79 138 218 16 190 144 74 81 66 93 127 225 36 217 103 193 255
90 52 192 193 146 29 51 149 187 243 68 30 33 208 199 68 123 59 127 237 155 91 54 75 10 47 255 159 136 175 238 52 117 102 36 142 47 255 99 127 54 255 6 197 167 130 224 170 30 165 177 205 218 101 124 155 81 139 255 142 136 23 193 185 166 102 51 116 190 141 205 174 109 156 232 69
220 86 49 85 52 95 226 224 16 167 204 50 126 43 200 120 78 195 133 163 116 65 39 253 208 152 253 65 250 106 238 212 163 188 142 162 50 221 7 193 227 255 228 115 98 125 27 251 117 185 52 26 165 46 217 73 2 175 53 244 103 65 103 52 192 218 4 167 221 76 161 77 226 255 180 103
140 195 16 187 135 64 216 207 65 92 10 105 213 184 193 161 120 27 255 144 66 2 82 17 203 186 100 255 90 248 199 55 250 24 210 189 50 255 179 195 244 197 135 255 125 8 233 196 92 83 232 165 202 255 60 129 255 125 152 255 59 33 113 185 59 104 220 1 140 89 156 135 170 186 204 129
125 16 255 218 58 26 181 243 166 107 107 172 56 103 179 13 185 242 14 52 255 206 240 170 248 166 182 164 70 137 138 146 255 145 44 133 102 63 69 109 135 69 210 212 30 107 10 80 156 192 136 255 207 161 213 176 83 183 197 164 155 98 237 87 163 168 137 109 104 55 149 150 148 117 180 255
185 166 14 66 250 244 27 102 219 204 118 98 194 109 121 205 198 94 144 151 106 35 230 33 50 233 194 22 248 166 203 224 101 183 255 194 136 239 132 196 51 225 132 198 124 242 230 92 194 103 174 123 131 75 215 162 83 139 206 57 143 165 235 221 161 253 41 157 56 193 128 66 161 239 134 238
113 4 202 113 14 176 110 24 203 255 188 244 208 135 205 111 121 247 227 65 48 168 61 158 200 187 229 13 103 50 193 128 138 31 41 171 62 103 221 189 100 255 139 154 114 162 103 115 27 91 56 176 23 182 20 181 208 151 140 124 113 103 255 77 165 194 3 47 240 249 132 215 247 124 105 175
105 234 163 244 255 168 80 159 97 251 155 112 255 27 55 116 57 86 255 139 238 64 52 46 188 155 51 65 129 116 108 181 217 155 147 211 24 148 159 81 23 173 131 227 198 206 26 64 189 54 59 92 180 153 128 204 132 181 69 47 125 70 143 199 93 247 139 27 52 241 65 184 102 187 230 76
145 37 166 32 136 113 15 130 155 138 4 255 244 196 230 106 145 0 181 106 245 200 12 209 235 209 74 164 83 32 79 86 167 217 36 81 212 40 156 103 103 227 232 196 243 239 255 115 221 204 158 53 243 186 189 79 205 168 119 33 54 14 100 17 245 216 255 7 26 123 90 253 72 14 242 115
1 196 217 39 133 255 255 215 128 230 224 81 186 54 222 90 8 49 188 185 215 4 186 216 245 255 204 182 159 113 22 121 173 67 142 255 171 244 39 174 197 171 177 115 188 149 34 54 255 202 183 248 82 66 235 74 163 77 122 21 138 245 156 194 133 108 43 177 172 67 89 4 225 213 88 17
195 36 159 125 64 139 124 162 157 159 205 190 0 178 236 180 48 105 141 242 157 7 195 119 182 249 143 241 193 101 173 164 178 174 233 76 106 94 151 229 22 50 144 100 154 179 191 243 246 150 240 75 59 231 207 132 137 77 127 211 255 66 234 219 173 101 141 225 116 184 255 219 24 233 40 132
98 56 79 132 182 0 158 29 244 21 94 171 32 9 181 66 179 177 255 115 36 146 253 183 199 171 226 136 142 211 67 99 62 149 139 224 237 110 10 6 38 125 176 243 184 243 232 82 47 160 145 255 255 127 14 169 255 249 95 128 120 250 196 153 48 2 130 159 76 167 187 219 179 222 137 140
56 10 93 145 253 112 21 77 1 244 150 217 42 243 237 185 236 137 119 188 36 241 253 49 219 243 37 101 245 48 161 200 11 130 10 148 220 255 218 162 86 62 172 192 34 235 195 168 152 196 116 194 134 178 170 175 52 129 59 76 55 160 246 192 47 124 221 221 109 108 9 36 236 164 93 9
163 71 209 38 71 36 61 40 209 43 21 140 216 139 70 255 186 227 243 75 246 11 86 255 150 176 214 206 0 20 159 248 124 59 246 46 180 100 54 81 191 199 210 31 163 92 192 23 158 88 174 102 159 143 253 112 217 168 148 1 255 203 186 64 233 47 99 38 67 177 219 2 154 110 245 1
255 10 74 126 112 10 41 255 169 255 76 163 46 28 82 27 11 217 147 79 205 7 31 240 76 255 121 150 109 123 239 255 181 228 152 182 70 121 219 173 172 205 206 126 57 155 27 60 168 123 104 220 7 217 222 220 137 13 17 206 91 233 124 221 149 29 8 254 221 1 249 255 27 98 183 95
54 46 187 239 105 1 151 213 113 163 103 165 182 186 255 191 175 73 117 11 173 117 141 191 179 214 46 50 153 61 81 177 84 147 219 70 160 91 74 129 152 116 90 150 179 165 8 212 94 9 126 96 127 57 172 255 120 113 171 255 204 226 41 244 189 132 116 209 250 196 172 114 86 14 242 58
192 213 130 231 27 10 253 107 121 36 180 166 218 64 20 80 59 159 30 242 24 245 76 231 201 255 0 159 211 194 251 212 165 119 217 90 145 62 57 41 250 137 238 103 211 160 54 98 199 103 163 97 21 190 240 109 242 164 132 202 6 27 185 190 65 97 129 255 103 247 9 188 3 112 34 201
177 72 241 182 225 164 255 95 205 108 103 88 247 21 80 81 202 22 229 81 17 222 194 231 212 155 40 154 106 220 54 16 255 134 158 72 247 48 128 116 201 190 255 132 140 154 154 220 217 198 241 7 98 103 68 216 119 56 167 222 152 202 100 70 189 14 236 133 61 255 204 242 229 85 175 105
134 255 30 62 165 112 153 124 80 181 25 70 39 159 76 101 140 0 179 226 12 51 252 39 190 194 10 185 177 131 99 108 137 235 147 34 39 163 177 204 231 146 115 127 29 240 127 107 249 144 255 18 86 217 194 138 40 41 151 255 138 202 79 167 153 102 189 49 175 171 68 103 118 121 111 178
49 124 147 50 161 104 203 56 94 172 121 181 254 77 147 171 1 218 51 183 255 116 230 110 199 233 53 255 231 220 187 143 74 103 7 52 67 167 140 41 163 217 216 119 18 191 201 212 230 0 212 29 26 179 37 107 186 160 133 65 186 104 17 60 81 222 56 194 141 107 155 82 184 157 169 243
158 135 255 1 62 83 16 155 131 108 34 235 67 147 172 105 22 95 189 238 245 45 55 127 219 183 12 77 134 26 165 224 59 152 149 59 213 150 177 109 24 133 221 128 255 210 15 250 226 199 188 58 180 246 162 76 25 244 177 32 161 239 55 226 215 225 140 13 225 117 154 41 104 115 76 255
255 226 233 252 199 159 164 13 152 177 108 21 205 243 111 143 123 52 207 213 158 209 165 26 174 250 214 201 255 233 18 154 206 70 13 232 197 208 147 202 196 82 130 192 25 12 62 72 244 89 107 116 82 255 54 1 255 208 255 172 241 103 164 212 92 74 115 91 178 165 195 152 160 71 108 58
200 178 206 171 90 171 192 176 186 197 203 115 221 138 229 231 159 96 114 105 159 97 136 110 60 74 131 171 170 41 15 255 55 163 145 168 3 151 112 216 72 80 116 65 214 122 2 77 63 10 244 38 183 147 193 103 33 194 156 212 105 15 255 193 144 255 175 255 123 226 255 153 239 148 203 189
138 4 87 189 29 5 240 162 196 255 206 169 243 175 103 7 198 161 243 186 53 13 255 255 233 48 155 189 109 19 27 57 3 196 109 172 110 36 133 132 62 255 255 25 207 247 160 183 251 11 42 62 123 104 175 133 255 255 83 19 196 167 213 79 45 204 181 110 255 194 181 198 208 255 144 122
255 90 143 32 107 198 138 244 45 62 90 132 1 216 216 16 178 178 70 131 231 188 172 247 178 9 82 236 184 145 203 123 231 90 15 30 27 46 42 52 248 52 162 225 203 179 229 120 78 14 215 18 109 19 150 231 129 170 220 51 215 193 141 141 109 235 214 255 240 177 185 190 203 255 198 117
129 152 76 78 19 120 182 43 53 255 255 188 214 182 19 16 159 252 165 120 70 99 124 110 157 22 86 65 167 46 88 85 78 87 48 244 214 49 20 91 123 23 255 119 20 132 39 179 70 51 246 72 45 255 210 127 238 252 148 104 208 110 1 163 138 250 94 117 249 112 191 255 254 163 198 64
190 48 14 103 55 234 249 105 135 59 2 136 255 132 157 255 41 77 220 172 227 90 110 198 177 246 123 151 79 26 5 48 216 241 47 190 222 179 51 20 124 186 52 67 79 169 185 190 217 190 9 239 179 219 160 34 228 111 125 255 241 255 84 97 134 121 106 224 199 114 169 253 242 118 146 167
67 216 88 200 121 148 74 91 190 113 246 30 75 178 112 158 255 62 181 203 205 166 255 51 18 121 181 158 30 43 153 70 128 187 31 170 208 102 232 189 147 203 255 92 105 21 147 97 41 107 98 161 235 74 138 63 1 154 92 155 135 163 214 172 255 24 237 213 255 188 149 255 161 137 148 128
52 114 21 143 240 103 226 249 211 238 49 49 215 18 193 36 99 3 49 157 55 255 237 235 251 162 208 50 102 159 188 151 110 211 118 31 249 151 159 230 139 154 17 217 22 210 27 88 233 181 126 42 99 197 76 196 63 168 62 227 3 224 128 2 193 109 147 31 197 114 171 247 118 54 210 124
2 211 190 222 162 215 62 101 8 94 166 47 230 7 54 232 191 104 111 242 92 216 203 168 162 63 211 118 120 123 255 65 255 127 72 146 106 186 172 247 54 213 207 3 109 37 38 177 139 255 50 249 208 59 192 115 103 198 98 86 41 47 65 124 174 196 255 198 159 144 235 229 240 180 255 80
148 243 181 150 12 248 164 229 18 82 81 209 250 238 96 255 141 53 109 188 126 51 242 126 159 213 49 208 114 0 81 50 151 231 152 32 150 59 60 213 230 70 8 164 225 155 102 221 187 184 30 92 150 160 254 169 183 251 255 248 4 127 112 194 154 255 169 11 151 219 255 202 151 120 210 255
8 202 135 195 2 197 117 200 57 19 172 135 155 254 78 195 245 113 213 159 20 255 68 12 161 238 248 205 86 227 235 18 183 43 136 23 72 197 198 55 92 131 114 34 198 255 255 57 125 92 69 215 103 156 178 108 147 238 145 223 31 92 120 94 188 186 121 117 225 255 189 178 118 214 209 108
56 229 55 205 41 125 255 169 117 245 88 185 61 255 191 214 95 118 198 202 255 80 181 168 166 200 194 67 155 137 11 17 186 155 48 135 255 101 148 255 244 252 37 255 86 96 104 78 52 228 161 25 208 218 201 135 105 151 98 119 209 114 125 11 244 255 231 111 113 170 175 207 255 255 213 85
57 26 17 248 37 154 240 154 0 164 145 148 43 255 243 4 20 190 135 122 199 71 232 80 183 144 4 137 201 168 131 154 4 223 94 138 192 220 78 154 176 76 72 117 255 93 177 189 255 246 229 243 70 204 60 244 171 124 102 217 229 170 82 116 62 238 89 112 183 86 232 192 225 159 128 255
138 170 60 2 50 201 185 111 106 106 255 161 123 243 174 40 249 229 217 167 217 5 221 28 127 255 130 193 13 255 246 225 255 52 173 17 128 248 209 155 69 218 186 146 61 12 3 211 203 82 253 255 52 58 62 163 200 147 24 112 165 91 128 98 115 2 237 173 123 209 255 16 184 56 209 0
157 154 64 231 71 179 60 24 209 137 140 111 190 233 168 255 249 27 134 54 158 17 119 142 240 45 32 240 230 117 117 206 206 186 51 168 125 176 128 88 168 104 141 233 89 247 16 24 202 99 224 133 219 47 49 117 255 195 187 125 32 38 54 91 152 192 43 118 44 235 168 190 176 240 51 178
185 194 100 136 83 254 231 209 251 132 79 153 202 154 60 94 192 205 141 67 131 160 20 207 173 160 181 37 20 124 138 216 95 60 53 164 103 244 228 77 255 195 199 173 163 251 31 3 127 169 35 62 154 119 204 207 174 45 237 79 12 179 255 109 76 251 120 200 141 14 168 135 133 234 108 120
115 106 172 17 122 4 170 248 213 152 102 252 255 113 202 39 146 30 35 27 102 131 182 207 247 255 227 164 151 241 252 33 240 125 88 67 62 28 185 203 34 120 54 253 244 182 195 179 9 167 117 164 255 120 7 203 33 73 68 230 87 131 192 203 2 158 75 138 167 17 255 95 245 40 200 184
235 4 126 132 35 36 118 192 134 40 116 53 163 44 130 121 118 252 254 125 190 21 255 135 180 232 204 131 183 52 50 192 19 43 238 17 211 222 227 103 168 192 80 1 198 28 83 130 11 127 45 196 25 183 245 132 64 37 36 251 35 191 104 223 25 103 152 107 101 183 198 181 11 56 200 77
180 251 223 144 43 129 201 104 231 249 103 159 170 241 31 24 10 55 178 127 43 220 89 159 201 145 126 177 203 138 79 133 182 204 14 153 166 234 32 115 42 69 154 165 203 167 188 255 229 138 73 29 63 185 14 72 225 56 131 22 68 215 255 54 237 208 255 81 187 22 176 215 247 99 134 6
241 185 245 54 106 116 163 242 143 97 255 135 42 232 164 181 88 200 141 228 2 217 115 117 183 77 193 96 130 109 148 17 30 250 195 238 133 240 45 116 151 206 197 224 70 216 6 162 206 197 189 10 192 181 163 143 101 176 255 68 186 255 170 21 163 83 139 112 69 28 159 19 8 144 1 255
205 69 40 38 255 160 241 133 2 109 204 94 212 202 230 255 34 224 75 42 239 142 20 208 213 42 72 161 30 150 174 138 227 94 123 133 170 189 32 123 88 154 167 50 51 121 192 255 107 124 255 231 225 155 242 142 15 109 190 208 56 245 109 95 226 82 26 137 20 129 162 17 166 255 135 187
124 44 133 233 19 180 169 236 186 183 196 94 126 157 6 61 184 113 63 251 168 62 106 255 22 31 10 7 224 23 183 146 137 193 53 108 34 139 157 208 165 107 202 34 73 231 237 206 182 181 201 251 255 190 79 191 195 124 151 39 164 191 60 136 225 255 157 89 245 47 83 190 95 225 32 50
122 145 101 176 167 218 147 165 168 136 142 157 135 72 255 187 12 132 201 172 253 148 163 178 98 188 159 161 143 65 124 235 144 184 121 138 165 183 153 223 189 78 138 187 14 194 182 249 97 96 171 167 73 16 233 46 85 123 255 129 141 168 2 39 3 189 170 107 46 236 93 104 142 255 196 49
89 38 105 118 189 74 247 196 114 252 132 87 64 111 185 180 205 70 37 190 134 4 186 233 1 139 164 141 174 5 202 202 174 188 121 181 100 10 69 50 249 30 45 44 255 131 255 129 181 104 94 180 157 188 186 244 231 206 233 250 34 32 50 94 216 67 163 67 254 155 244 116 21 125 96 80
198 248 246 243 73 34 180 161 111 178 118 190 225 158 35 218 3 136 247 173 12 207 156 179 214 204 98 111 164 190 255 122 126 131 128 255 27 228 161 183 159 72 209 238 135 148 119 233 200 217 143 242 36 114 113 250 36 244 29 37 157 109 250 145 235 17 248 189 172 222 70 21 202 122 124 44
112 162 107 114 218 71 204 74 106 54 139 49 106 251 121 87 155 23 83 107 0 98 235 251 95 218 96 212 185 151 212 103 144 151 245 129 148 44 53 149 61 217 226 42 255 232 205 64 59 77 160 72 117 93 20 30 127 215 3 82 151 250 113 71 61 146 39 171 235 45 58 166 180 62 78 176
247 119 220 247 184 85 199 215 130 156 249 255 162 137 244 195 171 255 104 3 9 255 141 16 150 104 180 69 144 252 172 245 45 107 127 211 57 136 14 81 89 215 3 250 112 103 154 121 231 169 40 242 122 207 159 201 1 133 242 29 223 148 193 51 228 101 124 215 122 69 220 141 240 90 195 195
94 45 77 117 186 47 41 121 199 195 74 222 255 152 105 218 125 114 216 225 138 205 231 22 178 139 198 141 46 53 123 218 158 158 66 5 195 150 201 173 68 37 17 46 118 120 235 159 243 6 115 70 43 164 225 107 242 206 238 200 223 97 135 70 200 143 86 121 188 188 181 103 154 116 220 134
106 53 161 14 124 255 228 76 157 246 136 132 112 11 42 140 81 30 15 76 139 19 255 150 68 177 255 68 227 93 109 53 1 161 252 186 69 68 149 250 203 66 152 255 245 145 12 56 145 56 194 233 103 215 86 244 52 145 119 149 227 188 197 49 238 80 5 225 246 41 250 150 248 237 24 156
98 51 81 3 111 125 130 223 225 142 166 206 18 236 90 59 113 236 25 57 174 138 116 91 254 21 249 24 168 213 114 133 143 4 146 234 219 155 36 149 44 181 127 199 193 3 49 137 84 123 16 132 255 123 148 26 159 83 234 215 58 80 145 60 236 138 170 36 56 181 26 12 48 199 245 246
63 154 161 235 0 230 255 253 139 114 154 112 200 74 46 201 191 255 172 173 181 155 177 45 30 145 202 165 141 216 165 89 168 22 131 40 68 102 60 232 225 221 226 255 136 95 219 175 152 12 2 191 98 238 183 81 197 168 128 255 211 85 20 208 236 175 232 255 126 222 120 232 90 255 75 118
94 104 236 41 180 194 105 9 134 62 255 119 135 165 209 81 139 1 221 199 172 111 177 168 71 18 76 43 122 82 251 134 71 187 107 249 100 174 118 171 255 121 96 208 211 37 105 141 65 21 183 25 189 165 124 167 210 230 167 111 179 45 114 76 211 242 115 123 122 102 29 16 38 234 196 223
182 125 89 144 192 241 115 0 115 131 223 12 9 157 77 25 177 230 170 132 251 156 175 146 170 243 228 19 67 222 157 127 153 181 195 255 216 151 74 92 92 98 5 249 190 94 118 46 255 143 164 33 34 159 255 54 129 9 142 143 255 33 215 35 203 215 49 52 0 88 63 245 93 147 98 253
102 7 234 75 255 237 194 99 166 201 170 243 207 54 135 11 199 170 235 112 100 98 37 67 110 11 77 28 167 173 160 175 178 156 174 63 255 193 36 92 181 85 160 233 153 255 138 28 167 84 125 40 66 205 210 169 16 147 101 230 180 220 239 116 173 198 178 113 255 102 109 112 255 110 19 255
115 5 218 9 255 105 35 227 12 148 31 215 149 73 62 167 201 255 255 145 59 232 179 46 243 255 249 132 254 18 245 255 3 160 233 95 93 181 172 147 253 200 165 239 131 218 8 227 192 104 110 168 115 222 129 240 36 102 199 152 10 117 127 199 78 154 136 25 133 98 204 240 5 64 194 106
248 235 193 255 238 97 180 241 245 220 215 213 56 5 117 48 252 129 81 201 199 176 3 101 62 195 8 139 255 82 118 131 120 194 23 210 121 175 195 130 6 109 237 251 73 93 249 168 79 31 224 85 185 49 246 190 103 204 255 196 255 211 73 255 237 194 13 34 14 206 111 150 124 78 176 1
93 246 247 250 186 128 140 49 171 161 34 194 179 213 137 156 255 37 72 45 9 89 124 223 0 35 252 255 121 166 17 175 28 210 236 224 252 220 18 119 179 221 148 137 201 245 192 15 122 126 197 186 255 182 159 255 16 123 249 59 238 190 212 187 145 255 123 234 73 177 40 83 10 112 143 64
255 15 56 245 90 216 151 230 87 199 131 118 1 36 82 34 228 224 181 243 202 49 165 116 188 255 46 89 255 129 175 62 231 82 10 113 149 157 182 14 185 241 58 43 228 64 254 133 136 44 152 237 224 190 235 94 255 255 245 81 218 42 249 27 67 96 202 59 243 45 23 17 129 119 184 181
168 117 120 129 6 202 207 191 241 185 22 126 176 112 251 33 177 183 77 243 226 66 155 255 198 122 148 226 6 234 47 109 163 91 11 170 241 255 177 59 226 223 215 142 124 75 46 199 59 199 86 141 56 255 186 156 31 174 167 107 91 204 189 249 85 33 201 77 229 178 239 243 148 69 121 242
16 232 255 80 248 239 188 43 42 112 23 182 162 255 175 176 166 61 81 255 162 129 205 43 224 255 204 226 235 237 255 93 176 74 113 220 217 17 172 126 192 162 166 56 38 64 175 74 194 22 253 78 35 18 148 214 12 160 35 176 18 39 140 218 72 181 166 209 121 233 226 109 217 190 162 35
40 187 159 90 20 122 201 242 229 59 19 249 193 121 158 163 117 136 95 177 225 161 73 122 51 33 248 196 46 48 209 49 118 9 149 135 176 165 67 143 167 202 226 119 179 177 241 99 149 143 139 159 148 233 205 169 201 29 163 101 83 59 209 105 163 160 77 99 44 172 50 17 131 235 253 82
30 23 87 142 216 67 187 50 24 21 243 227 255 174 97 121 127 255 143 99 89 246 46 46 238 32 234 146 128 86 96 244 79 208 13 78 212 148 227 115 5 173 33 20 135 45 24 240 42 134 158 175 203 245 11 21 255 140 59 17 20 98 142 127 210 43 45 255 165 129 130 42 104 192 69 202
16 159 217 146 119 54 224 6 31 125 242 0 18 164 255 6 28 224 75 147 24 211 36 149 203 233 25 229 255 70 207 104 105 190 230 220 189 201 252 218 20 222 117 93 133 105 101 166 55 108 12 181 32 112 231 206 134 121 250 255 156 107 33 128 255 171 181 208 184 60 209 99 172 59 198 33
55 103 99 87 221 244 210 139 236 239 35 57 84 136 165 255 250 171 148 133 113 131 83 140 3 209 230 153 168 250 168 229 143 239 222 251 187 68 159 244 122 173 66 249 114 44 128 223 152 156 252 61 252 170 93 176 69 67 113 41 172 162 255 181 121 46 235 24 91 229 72 226 124 124 85 179
132 117 134 90 192 195 202 179 194 45 17 147 243 184 255 124 9 124 159 78 186 13 106 197 152 2 141 250 124 165 53 145 63 24 65 144 214 38 175 73 181 23 56 214 192 247 240 34 190 201 150 179 167 168 246 100 192 108 28 70 173 181 136 74 243 251 214 105 140 72 236 254 52 85 59 165
159 217 255 87 229 241 18 253 128 198 74 124 184 52 218 61 115 48 144 117 212 170 215 44 138 112 120 215 64 62 237 191 182 96 157 132 88 39 185 195 166 222 114 138 212 255 100 188 191 12 254 176 97 80 41 20 79 79 255 170 160 43 238 8 19 28 50 2 182 159 24 114 233 130 247 229
145 255 90 209 86 189 152 27 188 218 109 181 143 145 153 205 132 86 243 242 13 93 120 165 113 12 4 130 77 172 252 240 64 63 195 109 204 7 255 32 246 120 238 157 100 255 180 102 73 166 102 51 146 76 71 75 143 219 16 167 255 35 233 219 206 181 201 43 200 64 104 23 15 37 218 255
72 205 251 209 24 236 184 171 206 163 46 183 180 255 148 245 255 64 232 255 56 128 109 246 229 154 121 134 121 255 251 190 193 118 54 181 128 227 155 168 243 89 101 57 140 109 6 175 209 113 78 133 147 110 173 25 100 105 119 137 255 18 186 207 135 27 146 255 46 25 9 241 86 132 95 185
58 233 162 194 154 242 54 109 251 68 202 197 135 98 191 150 242 233 245 10 158 255 21 160 225 116 155 57 180 165 143 255 82 194 54 244 157 196 132 191 49 92 49 201 204 229 225 30 252 173 236 251 255 224 165 41 155 8 88 255 142 218 38 130 6 168 177 161 107 122 115 255 255 250 144 0
224 22 117 239 142 228 216 161 14 218 136 102 62 198 70 134 72 168 241 188 63 43 102 162 184 152 147 206 155 202 174 230 131 254 51 82 118 121 163 231 115 14 111 183 92 240 13 246 203 225 255 214 94 198 142 135 198 58 180 6 239 143 210 167 105 131 155 17 235 174 218 184 250 184 186 193
168 86 154 197 176 128 90 186 128 223 150 196 106 187 145 34 18 2 175 221 249 56 85 226 170 130 244 163 117 52 196 236 130 236 9 145 216 107 244 90 157 62 253 13 154 13 91 93 170 233 149 54 179 42 131 212 117 238 62 96 255 226 227 165 110 180 252 237 178 65 28 25 234 72 187 137
181 121 84 187 245 4 82 5 242 247 213 155 82 253 30 102 67 116 123 35 77 127 69 109 107 66 103 88 109 134 145 144 38 172 125 24 65 229 244 94 225 194 99 20 138 70 34 4 71 12 32 229 171 184 164 59 234 70 0 141 19 234 82 222 12 183 62 108 1 134 35 193 240 40 12 244
212 61 184 110 14 246 27 25 228 250 9 145 93 131 195 252 84 54 74 255 93 225 166 249 202 255 255 45 35 116 224 67 255 162 147 169 71 52 163 22 250 113 205 53 87 88 246 120 248 190 173 144 31 221 142 137 66 69 26 121 124 235 130 140 64 169 198 249 118 250 120 196 69 9 95 163
127 229 89 196 30 96 61 27 177 230 159 217 196 93 38 170 201 255 150 209 39 234 182 187 149 147 124 199 207 28 144 163 86 107 96 52 46 109 170 155 159 212 203 89 148 42 149 199 216 84 190 17 1 14 0 115 142 133 219 184 159 40 22 35 210 35 194 112 227 101 106 21 254 133 60 167
187 107 82 176 211 136 223 185 68 244 57 219 186 179 23 103 131 25 191 199 151 27 93 232 222 154 196 2 74 132 175 70 199 128 22 131 211 235 109 255 108 7 1 173 57 54 184 156 231 109 9 129 83 210 206 87 89 134 80 232 129 9 162 246 49 143 137 67 47 255 153 18 218 224 16 109
41 183 228 58 149 189 158 7 228 249 205 239 0 164 177 80 98 123 167 255 148 107 249 237 145 35 121 137 195 240 14 174 81 137 4 64 175 161 24 255 116 135 255 176 240 253 142 134 183 35 54 140 115 233 49 42 116 111 165 237 191 217 170 53 188 246 150 136 102 112 217 131 192 255 132 22
27 25 192 38 255 2 207 121 49 99 106 93 170 191 64 131 216 14 66 133 171 212 150 184 45 246 62 78 184 118 159 224 56 124 170 227 129 19 114 53 173 64 21 146 34 0 166 63 114 50 39 186 240 170 211 138 23 109 241 15 174 80 15 225 106 159 47 91 189 136 99 104 205 164 247 222
255 41 220 9 181 167 103 167 136 247 218 255 84 189 182 216 191 255 200 45 156 27 238 245 120 171 224 54 198 24 5 184 39 176 36 174 217 180 12 2 249 127 58 250 249 220 151 211 224 139 103 115 226 13 91 39 250 23 241 192 244 107 178 168 212 108 81 237 233 239 202 126 254 64 10 210
229 174 138 135 251 228 135 211 179 162 245 188 243 184 255 41 3 16 3 119 143 165 35 255 152 102 157 144 68 19 117 183 44 161 64 189 255 181 243 42 224 98 81 18 204 0 100 219 253 37 56 255 157 110 158 39 171 129 175 3 153 46 104 144 142 111 19 185 88 155 204 102 174 252 145 200
244 203 254 206 121 137 129 255 249 150 15 238 166 250 150 69 142 117 119 63 190 36 222 88 196 192 251 125 5 50 117 94 227 128 215 144 133 113 2 85 48 255 144 195 37 247 180 65 195 47 66 13 150 244 135 107 193 192 212 247 71 193 69 130 225 0 18 133 7 61 144 149 31 234 61 45
252 172 10 47 120 164 73 183 107 115 98 251 182 150 101 109 215 254 17 65 77 47 91 79 204 129 233 223 106 178 246 177 16 3 188 13 177 139 201 172 168 168 166 20 121 136 200 146 173 22 75 7 168 52 114 153 145 57 78 155 145 255 176 70 110 32 225 224 244 191 111 172 208 72 182 220
177 20 197 251 250 199 56 220 255 82 27 65 135 253 164 47 125 89 255 152 181 94 160 84 79 83 128 203 163 26 240 26 255 52 247 1 181 255 255 161 97 148 120 60 129 66 162 106 54 247 204 214 170 189 75 175 159 86 255 174 193 255 236 48 36 109 255 185 141 63 182 223 187 244 190 229
205 109 228 11 111 255 237 214 196 106 194 101 13 26 226 197 158 58 188 54 209 54 255 66 201 138 255 143 173 173 255 201 25 242 128 116 244 195 140 43 177 227 230 237 126 39 168 182 211 216 143 103 102 154 253 193 107 233 15 237 11 207 197 168 251 255 255 143 53 52 255 54 168 148 202 232
109 30 74 120 80 255 188 82 94 154 146 153 223 245 180 84 204 6 255 150 133 237 174 196 104 188 105 54 20 212 238 87 84 222 122 110 224 82 133 168 178 157 112 144 161 198 82 223 105 218 70 173 146 213 168 196 37 208 26 45 81 26 248 50 71 49 25 163 104 255 115 161 188 174 9 118
89 177 164 28 252 208 102 126 238 254 54 110 190 235 105 67 139 160 68 39 245 148 166 49 1 209 192 155 182 43 249 85 144 73 252 222 137 232 176 255 74 203 195 155 130 79 103 76 59 203 87 105 170 28 168 255 255 158 77 20 123 34 154 56 156 15 203 223 119 199 4 154 111 143 240 176
1 240 192 14 135 149 7 255 187 240 98 190 192 18 211 204 66 99 223 80 89 21 69 222 80 230 192 127 222 138 41 161 23 199 136 232 155 208 172 41 244 151 183 152 28 12 24 148 113 165 178 162 223 150 169 148 105 230 130 131 164 43 152 100 166 115 49 252 139 255 26 157 101 87 115 8
255 77 57 255 166 3 249 168 110 203 223 175 91 153 188 131 155 66 197 251 141 77 57 57 39 15 245 241 80 253 171 153 167 150 16 200 255 67 69 201 11 140 2 45 250 186 214 214 76 243 95 255 135 186 31 96 227 193 252 26 146 82 85 230 18 220 197 93 231 173 247 5 95 143 140 220
255 113 121 108 83 241 190 64 111 177 18 128 48 220 153 226 193 104 68 96 137 255 168 103 44 233 135 124 109 61 2 249 87 131 28 158 178 179 63 158 118 9 246 210 52 3 254 71 140 176 206 168 255 229 177 38 199 75 174 144 62 86 251 79 110 215 128 255 1 240 109 49 95 48 78 191