65 18 48 13
92
244 204 216 25 159 7 224 255 172 176 178 58 61 69 21 166 76 96
246 117 89 0 243 156 70 0 242 139 47 76 156 234 122 128 38 186
173 206 19 20 57 230 95 20 96 76 96 217 14 208 63 126 13 94
129 92 158 59 69 130 159 29 69 47 238 74 66 56 202 93 113 243
145 87 29 63 213 137 181 32 169 254 58 13 138 216 79 32 0 77
213 199 254 10 169 36 27 27 200 75 132 112 83 122 197 136 242 109
240 47 204 22 36 142 72 15 221 99 135 92 67 198 88 162 52 157
127 156 64 60 55 70 27 148 97 27 182 93 0 216 71 156 119 22
12 177 173 74 239 119 150 10 158 190 206 179 214 3 178 173 16 0
178 84 89 118 165 3 138 156 220 203 76 37 25 132 41 7 220 141
229 59 11 34 30 76 6 176 115 106 203 4 40 51 251 38 143 252
0 227 45 191 54 226 237 141 17 193 174 220 25 153 196 164 5 131
95 225 47 83 43 232 161 44 24 228 96 117 232 176 242 251 241 0
51 205 32 250 162 248 97 144 18 68 0 21 44 121 117 122 25 101
114 127 3 228 219 193 142 67 148 204 26 116 59 246 4 205 255 45
160 217 221 224 53 58 43 135 220 243 37 148 211 252 206 215 61 104
12 249 134 174 52 135 130 173 178 76 123 149 173 1 0 92 130 34
189 8 84 37 239 150 56 82 92 118 82 92 216 130 47 158 38 114
4 255 134 62 58 37 48 134 63 216 119 249 197 159 81 249 91 10
211 76 177 107 195 115 0 70 181 226 25 242 142 192 37 122 57 116
126 112 118 60 102 0 211 57 225 83 164 249 2 108 56 142 105 122
2 126 57 237 178 9 246 147 33 111 5 41 134 10 58 128 95 76
176 178 15 50 113 45 70 135 52 133 18 27 146 13 155 30 112 112
236 64 51 82 162 216 124 128 82 0 79 9 3 108 68 58 189 44
84 0 174 29 150 106 237 61 241 123 134 156 48 42 104 133 246 62
9 128 172 177 17 21 93 252 77 37 149 90 254 43 216 53 28 13
168 72 64 218 46 237 70 141 0 202 213 18 45 243 133 204 10 124
116 59 168 206 34 30 109 149 12 1 36 152 21 241 208 49 0 86
92 97 159 46 6 37 138 113 45 154 193 230 220 0 89 233 118 64
150 221 116 70 150 146 99 108 199 68 42 172 86 6 150 189 86 110
155 108 225 99 125 10 246 72 101 35 221 245 244 16 32 69 246 192
208 116 152 161 108 249 182 231 56 195 255 128 212 136 164 87 155 106
193 48 185 175 115 95 111 243 234 86 55 180 144 126 66 148 68 99
174 17 138 125 178 245 208 88 14 11 235 10 102 175 31 209 193 51
252 140 118 128 176 41 86 103 98 252 150 146 11 30 177 239 88 47
40 2 0 134 56 165 122 59 6 48 15 170 227 147 59 135 33 93
9 255 225 13 2 241 12 69 205 64 191 173 44 89 34 159 175 153
224 37 88 3 137 81 196 179 87 17 180 136 7 6 157 103 66 132
26 167 28 37 32 182 171 238 133 12 57 126 0 96 28 226 188 98
50 6 76 160 23 86 4 24 63 75 0 21 124 16 46 59 115 95
0 129 199 71 53 0 156 152 161 145 150 71 134 0 155 36 38 22
238 57 97 105 23 0 0 62 7 59 101 0 118 76 156 0 3 144
85 17 16 114 0 78 58 68 103 155 151 134 104 142 135 19 49 145
132 67 75 148 0 45 19 147 23 118 28 160 53 74 141 130 120 74
148 102 133 196 45 59 56 0 237 42 0 156 133 0 92 108 107 26
212 205 3 111 0 0 76 133 119 77 118 128 250 138 112 155 45 122
84 152 147 54 105 82 3 81 0 152 5 101 12 156 89 158 0 31
156 50 115 94 47 134 64 2 135 6 84 0 70 60 56 36 145 235
167 51 38 80 125 95 93 119 82 9 59 51 43 84 86 0 90 58
254 40 170 66 143 74 116 147 63 91 126 71 14 22 9 97 1 0
246 178 21 188 63 90 2 0 145 0 61 102 59 115 38 49 26 21
176 2 208 91 68 6 77 118 74 7 37 84 66 85 151 67 112 14
192 33 219 123 57 93 0 154 87 103 85 135 124 43 159 96 12 147
78 139 192 138 137 134 70 1 63 60 8 79 93 49 136 60 58 26
125 248 235 98 38 30 114 69 5 124 3 143 18 8 78 76 177 91
171 0 241 38 51 101 18 76 59 61 75 67 43 75 33 5 116 112
119 121 229 204 0 41 114 111 150 142 107 118 148 80 123 99 145 27
147 168 2 86 94 98 0 13 17 151 98 113 150 0 27 0 91 113
32 251 159 44 33 0 160 52 52 103 104 0 118 112 239 144 213 239
101 32 226 85 116 43 0 127 146 253 119 180 76 159 108 139 68 32
197 190 41 23 0 127 146 142 219 74 112 37 18 192 251 173 101 155
172 67 104 214 55 38 93 137 70 92 198 34 197 83 94 167 14 103
184 68 90 88 129 134 158 101 255 26 4 151 33 155 48 211 148 162
236 208 106 183 123 36 103 58 20 129 149 84 211 105 63 0 224 73
69 11 71 176 213 39 103 58 56 215 5 141 0 147 193 188 219 180