92 20 41 18
28
220 220 202 173 75 148 151 137 167 217 154 221 164 172 58 154 199 59 183 136
186 73 40 71 71 146 13 166 184 71 129 252 77 146 181 74 135 68 157 152
118 79 112 174 139 45 77 18 150 99 185 6 170 168 252 20 61 64 56 196
237 108 113 93 4 147 203 126 250 163 56 190 55 247 155 118 182 242 56 66
39 104 123 176 171 150 96 47 39 246 143 59 12 106 205 121 218 181 38 151
240 205 21 161 240 61 25 154 195 175 111 151 47 144 116 108 108 127 211 142
147 6 130 198 38 172 229 53 132 44 39 165 161 177 179 240 165 216 216 64
87 124 169 152 155 171 233 31 137 8 34 141 166 24 174 63 140 134 189 165
12 186 18 184 140 144 224 76 9 38 140 154 146 36 157 147 146 172 125 166
12 51 13 140 126 112 43 112 149 64 7 44 163 24 47 113 109 245 190 35
32 186 37 45 193 167 146 245 141 120 72 138 14 248 163 177 49 192 110 103
80 179 180 255 185 208 242 31 14 170 240 165 239 209 109 140 181 227 199 83
45 62 118 187 175 131 150 109 149 145 137 161 166 138 141 152 183 128 56 20
215 21 147 6 182 226 153 213 175 134 128 182 162 194 49 33 208 160 176 77
177 99 102 42 217 205 112 230 31 176 93 172 114 164 233 218 239 140 196 167
17 229 5 154 85 19 52 192 19 146 17 12 179 120 44 161 38 42 200 92
20 178 220 92 232 251 57 93 15 148 29 3 79 86 158 202 68 53 192 188
171 177 200 102 58 150 43 10 18 107 225 99 152 49 157 189 199 130 116 39
153 142 245 160 164 187 246 199 170 167 10 4 186 173 143 66 72 140 191 12
156 156 195 148 244 247 134 162 81 126 206 2 170 48 121 72 157 231 148 43
203 2 253 143 174 139 43 139 223 175 239 73 84 141 7 201 139 141 241 179
178 100 94 151 218 5 17 142 179 169 46 78 125 211 238 49 166 191 197 160
57 149 80 41 7 220 215 117 16 130 201 200 120 188 175 122 138 94 151 150
137 134 109 0 186 104 80 41 176 151 162 139 156 243 199 238 19 207 83 139
192 92 63 82 199 193 205 244 21 96 153 159 40 124 50 120 129 68 187 60
80 116 181 236 182 170 46 85 44 123 135 11 153 146 33 116 50 137 11 62
242 0 118 185 164 183 51 230 58 56 168 90 8 47 237 153 208 155 64 165
55 140 99 148 178 124 161 159 168 164 63 172 184 233 161 94 52 111 140 206
108 16 9 168 133 121 111 62 53 56 72 158 139 158 127 145 141 158 250 34
34 204 144 193 181 148 112 96 27 252 53 72 240 130 192 178 149 40 144 76
83 171 28 48 95 244 218 3 21 206 147 236 59 130 36 12 187 190 202 129
153 58 37 53 148 21 150 31 159 87 38 178 254 176 197 11 31 222 20 198
78 109 182 167 130 159 152 156 2 171 144 142 179 51 163 187 214 207 180 36
68 156 23 136 239 174 55 107 182 127 198 59 160 53 82 11 112 104 251 133
45 191 188 187 141 224 107 143 157 68 136 245 162 163 162 139 129 113 181 131
123 235 67 58 188 171 67 165 215 159 238 151 219 105 210 76 195 194 113 179
184 192 188 235 140 110 212 138 172 122 163 114 27 16 140 173 109 182 163 63
167 164 39 177 174 1 202 59 190 180 29 141 34 22 147 136 149 165 182 150
191 244 86 147 77 214 239 187 96 217 56 167 148 34 137 139 161 150 144 150
157 114 2 200 168 76 190 126 113 246 113 175 165 161 184 140 192 142 189 142
184 151 103 59 20 111 181 191 155 191 141 153 108 192 94 153 147 164 137 141
164 221 165 177 188 227 237 1 54 185 201 41 106 142 188 171 138 173 144 179
62 22 117 89 87 148 166 137 226 234 140 37 145 158 176 152 147 183 141 145
48 173 172 31 85 196 49 69 153 128 149 193 109 114 179 145 192 36 192 179
137 20 209 160 206 11 214 216 11 186 102 114 8 126 179 168 175 212 186 158
117 177 191 193 37 161 33 131 165 21 162 173 8 47 232 218 159 186 164 176
43 245 54 199 159 41 157 27 247 215 124 33 154 82 103 13 39 229 147 206
172 53 173 173 187 209 224 47 152 69 141 188 145 114 237 38 157 138 174 60
198 2 92 153 78 187 71 77 41 101 137 220 20 155 150 63 161 78 142 170
161 154 172 145 144 51 142 169 104 175 164 31 44 201 182 247 156 157 216 225
175 236 188 233 68 185 173 128 8 105 248 191 34 201 175 174 187 235 75 26
143 150 152 38 57 43 249 217 81 225 217 181 223 180 112 183 98 235 148 103
182 178 201 113 46 220 164 96 120 138 67 211 176 143 9 148 160 101 140 145
176 170 41 75 54 192 175 142 177 43 212 147 79 174 201 37 173 199 156 204
16 146 160 249 43 153 162 9 8 130 199 154 7 161 8 20 201 71 250 104
183 169 249 191 247 244 50 45 54 174 197 164 169 172 160 170 13 141 24 56
184 100 188 102 208 149 173 26 71 20 204 165 172 168 237 35 60 251 226 205
27 29 165 113 178 178 105 180 190 29 212 131 76 109 191 86 191 92 211 98
85 54 187 114 144 176 113 128 228 223 118 91 235 120 238 189 199 81 244 186
13 161 100 8 10 186 160 162 158 173 148 79 96 79 150 183 0 107 170 166
127 232 179 15 180 186 208 221 191 187 170 7 177 146 42 144 146 66 70 183
189 189 147 62 0 159 136 53 214 154 33 217 149 158 154 220 214 127 95 117
202 197 221 154 220 141 213 148 56 227 154 173 6 231 238 56 150 187 247 156
111 233 191 46 154 248 104 16 79 94 55 133 156 110 153 142 237 27 224 134
18 17 135 175 94 100 140 3 233 107 108 72 39 158 247 166 4 103 233 137
145 173 69 251 195 151 126 37 161 224 132 143 97 163 18 180 54 187 12 234
177 156 161 126 26 175 70 162 228 139 201 169 163 163 210 183 16 236 184 189
113 44 55 140 240 178 68 106 115 137 103 100 91 53 70 7 146 151 172 63
38 163 242 143 29 178 214 181 76 252 123 173 38 68 80 103 57 1 74 141
6 54 255 30 137 111 140 8 178 28 167 253 45 47 151 192 56 180 154 58
149 87 54 219 132 227 168 4 149 86 129 54 29 60 10 179 144 83 245 81
163 154 67 92 238 156 150 127 159 190 210 165 85 160 143 138 186 40 206 167
234 112 20 192 228 193 208 120 181 68 142 238 40 192 119 108 67 139 222 17
39 143 78 190 174 74 143 163 137 212 139 92 106 240 60 179 36 30 237 90
245 30 136 58 225 159 194 40 190 130 1 20 22 94 186 216 111 188 56 168
110 46 207 245 32 171 87 190 145 195 102 159 197 244 237 214 192 33 251 115
144 78 152 230 100 123 234 61 167 149 183 232 14 97 164 149 215 161 75 140
178 61 48 58 178 204 59 128 141 76 74 55 192 168 65 169 94 33 188 247
164 135 35 16 164 115 26 156 157 35 37 25 126 105 53 167 92 192 99 246
155 97 60 187 90 86 178 27 134 14 205 99 138 57 213 74 194 137 184 155
108 126 170 12 169 80 155 218 4 224 133 164 105 189 160 173 149 224 150 247
64 120 143 130 214 114 79 143 106 129 34 75 187 158 49 139 191 101 50 155
45 139 141 180 104 37 194 144 142 7 27 121 184 206 132 30 145 159 174 141
91 139 163 181 179 90 127 64 166 36 188 123 170 133 104 24 88 245 155 66
148 166 189 178 67 119 230 172 107 54 207 154 174 167 188 161 124 211 89 171
89 241 142 50 102 207 157 163 183 175 173 180 15 26 70 192 175 149 21 163
104 66 163 254 151 234 82 53 150 155 119 169 57 188 182 242 251 229 252 186
184 104 176 29 151 150 164 7 116 210 2 179 255 117 159 247 221 111 18 172
236 186 143 62 32 184 56 5 110 28 179 243 19 149 251 75 143 239 91 107
28 43 99 125 40 79 0 96 128 30 129 165 177 92 223 165 145 80 166 128
3 191 98 51 13 46 246 135 149 205 247 25 21 189 229 192 58 129 110 16
174 77 135 228 19 44 70 164 230 144 184 80 190 156 177 66 165 146 173 76