86 95 13 46
13
22 133 184 86 3 231 244 42 127 187 216 225 180 237 123 28 57 33 191 119 42 167 66 73 8 189 185 245 16 145 23 31 189 16 197 161 126 255 250 52 179 171 192 200 94 195 78 202 31 79 48 202 124 189 35 67 180 235 103 180 153 40 211 188 183 96 203 91 203 146 40 177 191 98 241 183 250 238 5 231 115 28 30 196 113 21 165 226 46 45 248 27 238 191 199
105 21 68 252 12 199 111 178 173 67 152 178 194 191 4 178 187 252 124 237 66 198 67 91 153 127 71 65 193 236 18 187 133 87 201 196 187 237 186 179 195 199 192 191 178 187 179 178 187 185 193 194 203 184 190 184 185 203 187 52 67 219 184 152 238 254 32 181 19 1 196 187 188 179 240 52 188 196 178 150 72 89 189 126 110 212 75 99 195 183 159 189 116 200 220
112 155 118 16 71 35 18 202 143 201 76 184 186 133 199 230 125 42 133 175 63 54 157 199 149 151 69 202 101 228 180 68 140 160 196 186 90 191 204 181 204 189 189 182 201 191 203 196 200 193 215 187 181 181 192 153 191 183 191 96 187 199 251 200 192 185 192 160 89 16 79 146 224 223 18 255 147 200 212 200 255 178 250 131 25 190 202 182 88 25 109 235 190 3 178
22 130 195 239 180 180 253 184 82 219 195 199 134 187 59 159 229 78 76 200 203 197 204 229 194 195 227 178 24 197 147 200 195 96 184 183 198 190 199 185 193 182 199 200 186 179 191 193 179 179 188 118 178 189 201 185 181 191 198 59 179 207 188 241 135 31 64 249 41 154 18 41 200 74 141 47 148 64 140 218 81 192 84 142 84 210 194 176 211 68 60 118 82 175 114
131 233 201 189 251 234 0 43 187 254 7 123 198 72 201 246 199 79 205 165 160 109 122 188 33 125 27 181 189 103 7 118 225 185 186 186 203 186 200 204 189 198 194 180 187 189 193 180 191 185 191 182 196 181 179 200 191 203 193 226 183 180 31 46 70 131 200 246 10 168 37 16 162 202 197 196 236 150 57 215 204 47 75 186 202 72 239 236 98 187 176 133 187 197 143
147 75 137 43 58 185 244 173 12 202 192 196 136 241 135 189 41 61 192 168 190 37 194 116 151 191 200 191 55 54 42 129 61 196 203 183 179 197 143 204 203 178 200 184 184 190 203 203 188 179 181 198 204 202 199 192 179 178 201 67 191 183 41 193 131 160 31 194 205 197 46 156 4 110 15 252 249 195 7 201 196 52 219 2 205 142 204 219 131 237 243 32 249 239 98
203 50 217 249 33 150 97 25 143 209 254 200 136 184 181 236 191 178 211 171 179 238 46 41 202 115 101 197 118 179 46 193 63 131 181 168 193 198 196 188 184 191 180 1 126 203 181 178 179 182 184 195 182 191 186 193 188 192 203 50 87 110 181 199 118 194 160 59 224 246 193 243 35 115 42 81 111 99 13 0 188 78 34 66 193 193 97 154 12 193 147 46 193 102 92
84 163 213 141 178 85 146 67 179 87 92 253 178 136 161 107 20 180 191 104 203 62 49 112 156 194 181 183 10 26 42 246 148 167 183 231 198 183 180 204 204 184 187 192 200 204 35 179 191 204 181 192 19 180 185 198 179 185 202 203 233 200 251 66 84 187 59 197 184 68 132 125 106 168 173 0 130 183 249 87 199 87 55 69 58 127 184 56 120 103 251 166 238 39 195
190 228 187 63 17 29 179 182 186 136 171 207 159 201 60 104 78 191 135 87 136 23 3 203 196 176 25 201 250 186 73 185 210 186 199 194 196 192 179 182 185 196 199 203 187 182 180 191 191 67 187 181 186 78 184 204 199 191 188 224 251 71 176 192 184 193 72 178 219 54 191 127 140 226 76 158 99 43 229 200 11 174 183 225 217 91 141 179 191 202 191 193 9 83 250
197 42 192 167 73 198 237 157 83 234 132 134 139 151 187 137 196 192 160 199 202 201 192 132 183 184 86 190 184 187 232 194 240 90 198 196 192 194 196 193 200 183 194 194 202 202 185 27 191 196 187 182 193 179 195 184 199 198 196 99 77 191 203 157 58 179 188 92 66 216 186 61 17 179 167 179 15 146 216 80 93 80 105 254 45 63 36 31 188 209 158 180 30 101 204
135 54 187 50 205 9 187 180 18 152 199 46 47 181 110 93 195 194 204 7 119 118 40 179 194 7 185 122 202 140 191 191 105 196 180 178 179 199 191 178 195 164 190 193 178 162 188 200 194 185 183 178 182 182 199 188 182 188 185 234 4 194 253 178 34 49 168 185 198 81 25 54 157 237 80 198 179 13 182 16 201 158 35 100 186 10 71 60 234 33 15 199 183 62 221
253 179 145 53 20 67 37 118 182 30 178 75 49 135 185 109 118 195 166 140 83 113 202 180 79 243 204 88 71 70 232 119 39 237 188 178 185 184 193 195 203 191 187 181 200 200 191 186 191 196 196 183 186 193 181 194 101 147 202 54 187 147 6 185 135 110 17 179 242 147 66 61 188 54 186 44 249 244 189 223 216 117 82 184 187 61 138 51 84 186 56 104 189 73 231
101 228 30 207 203 69 19 191 83 34 194 157 69 140 119 189 114 142 209 94 121 140 113 203 203 247 71 180 185 178 57 145 88 249 195 204 196 189 196 182 191 191 202 178 191 191 122 191 180 195 182 180 193 179 204 185 231 181 182 149 193 56 242 186 194 145 141 206 91 168 121 180 168 92 200 201 249 51 112 90 54 228 230 21 150 179 192 166 53 67 117 204 180 117 250
185 200 122 216 127 42 125 190 222 102 201 129 37 144 184 68 121 119 206 46 22 67 127 93 154 227 96 143 181 197 198 92 139 36 113 9 182 182 200 199 192 203 185 188 239 188 191 184 201 203 178 196 178 201 195 188 196 137 181 38 60 54 231 35 131 21 222 6 190 217 6 179 149 182 145 144 164 182 153 143 94 38 79 182 253 191 143 199 51 191 202 68 199 198 33
200 96 59 188 198 79 146 183 251 171 93 207 51 224 9 153 67 222 52 217 223 1 27 126 215 253 179 195 207 149 2 24 209 96 182 186 181 204 185 203 23 191 196 113 186 219 235 203 199 202 178 188 191 189 185 199 187 185 184 200 131 36 157 134 125 24 69 152 51 236 186 237 120 8 49 199 150 183 205 118 117 129 114 138 164 25 247 186 113 7 228 92 239 14 179
182 24 39 191 186 255 14 183 186 203 183 31 231 138 201 184 90 129 178 198 247 166 250 225 131 34 3 238 209 148 120 57 170 126 182 197 181 180 25 186 183 86 188 193 196 190 117 185 16 197 199 177 202 131 183 178 198 189 188 252 240 114 195 238 110 198 192 205 198 58 176 184 119 112 21 157 63 40 49 174 82 67 142 192 37 83 75 176 131 102 203 195 72 72 190
37 88 159 234 91 191 18 189 191 129 50 200 141 71 8 176 204 152 105 179 13 104 192 183 185 177 85 217 8 189 64 110 188 220 193 183 185 192 197 181 200 196 186 99 197 200 191 199 185 191 183 178 182 187 65 194 200 191 199 34 104 190 68 149 239 202 197 252 240 162 193 244 27 199 196 35 113 108 28 197 37 25 195 182 143 188 209 155 91 204 162 45 181 61 186
26 193 35 20 17 184 25 199 250 46 111 73 183 102 173 244 162 51 177 180 147 237 40 202 218 210 192 142 201 203 106 9 181 186 249 201 188 181 186 190 197 198 202 199 191 181 194 182 194 191 182 198 188 199 196 197 181 196 199 153 159 64 189 221 1 232 244 43 143 199 205 158 149 77 21 64 72 203 52 143 43 85 14 195 196 47 50 170 50 51 124 40 189 223 51
161 182 176 200 1 164 87 233 181 140 179 235 180 75 206 181 163 139 135 212 161 182 232 56 117 50 204 109 196 189 195 182 87 128 182 186 201 148 193 197 194 191 197 196 181 185 201 204 195 189 189 197 185 202 178 202 195 185 195 216 189 227 169 190 77 223 210 199 27 17 159 65 140 128 186 151 56 171 227 166 191 178 193 52 152 191 121 139 104 161 109 204 83 196 7
40 70 192 191 114 200 77 217 21 177 139 191 123 230 250 22 185 254 67 15 33 22 57 164 203 56 133 232 8 210 17 171 125 106 193 204 201 194 204 193 193 147 200 184 187 185 181 184 178 196 183 188 200 199 182 185 181 191 183 24 104 139 183 0 51 131 86 158 59 42 62 143 197 80 242 203 75 200 55 195 191 88 160 77 190 201 70 206 203 40 252 194 64 99 141
4 188 151 187 15 130 88 249 220 233 190 206 57 94 232 153 198 100 249 161 45 227 196 198 197 28 176 83 68 95 211 57 182 86 194 179 203 183 183 178 181 201 182 186 180 194 182 186 190 181 188 188 13 201 204 182 196 183 178 171 183 197 47 191 233 90 218 1 215 217 186 203 191 16 190 122 204 197 182 106 118 77 203 136 105 254 27 179 195 62 244 127 217 191 178
192 251 118 224 187 168 47 233 194 185 62 254 198 186 116 226 161 247 186 110 38 113 109 91 28 225 190 45 192 46 171 197 177 199 199 196 180 187 195 185 199 191 221 191 196 193 189 201 180 182 190 185 187 201 181 190 197 59 178 202 129 181 66 254 175 45 55 199 107 129 46 251 208 135 52 48 220 249 242 181 202 112 37 92 255 226 11 231 28 193 188 1 132 184 184
106 179 184 174 141 62 178 159 233 46 192 62 139 47 54 130 190 121 164 203 237 32 124 92 238 11 203 45 178 129 238 2 116 191 182 194 184 181 182 188 195 183 198 198 179 194 181 191 178 187 190 201 179 202 191 202 185 196 202 57 168 57 216 191 191 144 197 215 106 225 47 204 102 186 150 218 179 116 36 204 194 157 196 64 89 182 32 44 54 44 56 243 56 162 229
187 205 177 141 122 200 67 163 29 140 201 85 189 212 148 184 229 192 202 16 38 197 196 127 88 23 22 243 198 143 64 209 224 187 191 184 203 189 204 182 189 204 202 186 43 181 187 193 200 185 191 189 187 182 191 193 189 179 187 178 180 38 181 197 103 41 210 185 196 37 204 222 199 93 48 49 68 69 191 170 95 183 194 105 223 185 179 78 48 55 205 181 200 60 222
232 145 201 52 243 26 151 195 245 180 142 154 49 115 104 31 122 204 43 178 85 188 81 106 148 36 4 144 234 117 248 137 223 27 200 191 188 199 182 191 219 30 195 186 110 190 196 179 198 0 117 183 197 203 197 185 198 183 189 63 243 187 204 70 217 194 144 5 111 156 15 105 240 209 84 182 247 57 201 201 62 65 48 192 185 123 198 215 220 143 13 203 38 247 247
22 20 138 31 244 185 36 237 201 130 76 199 196 131 79 86 185 210 171 143 1 42 43 210 200 93 165 98 166 191 230 141 7 209 191 189 148 29 194 179 200 202 188 184 179 187 191 223 186 180 192 183 10 188 185 197 191 191 203 30 187 95 88 213 139 251 64 112 122 99 185 240 202 223 77 110 90 201 141 209 92 52 216 31 214 214 51 204 54 64 70 247 219 98 136
159 201 191 112 85 228 199 182 184 187 197 182 81 32 61 53 184 90 229 138 96 118 191 246 139 178 164 200 144 103 45 145 80 18 194 153 200 82 185 186 66 198 223 183 89 27 60 187 123 123 93 68 199 181 45 244 206 76 201 86 233 180 210 106 185 160 224 253 101 117 128 254 222 252 66 90 40 208 194 98 101 148 188 178 97 183 76 201 12 171 127 16 178 75 98
129 240 181 181 183 198 90 186 172 23 181 191 25 150 111 219 196 47 6 55 21 217 234 220 157 218 120 32 211 60 244 91 193 30 140 184 111 62 122 178 158 58 233 159 73 229 219 255 241 167 197 221 105 201 79 232 123 189 242 54 217 189 4 179 72 115 187 190 201 216 130 204 246 232 161 63 253 191 220 193 182 191 247 78 215 238 75 50 183 183 92 188 23 239 173
38 251 2 182 44 1 189 216 73 193 12 233 100 75 179 249 34 159 146 65 193 201 112 87 97 17 43 47 90 66 136 213 105 181 189 135 255 27 132 40 23 33 141 202 160 46 187 161 232 17 27 181 192 185 191 185 173 202 155 106 25 194 236 135 172 146 70 1 186 61 185 35 74 241 188 139 202 217 187 12 85 107 96 198 143 85 137 135 48 138 201 39 14 142 216
144 188 181 197 162 153 245 53 33 112 26 229 5 86 43 25 184 54 34 28 113 57 129 139 67 3 35 188 181 151 72 196 112 40 164 33 200 117 230 5 52 112 13 23 20 188 39 182 58 191 22 241 80 87 1 155 69 63 7 236 46 225 154 121 149 183 50 97 190 225 177 66 182 113 188 216 142 149 10 36 196 232 127 57 201 100 183 192 188 35 24 138 59 182 149
150 191 161 124 121 199 181 195 148 81 65 174 16 167 195 128 224 188 204 183 137 250 140 95 185 52 16 107 209 82 63 190 100 199 197 41 83 213 119 181 183 86 228 189 88 202 250 31 109 74 4 151 180 201 92 126 135 93 69 54 86 239 21 191 199 127 111 203 91 182 186 139 119 161 42 182 157 185 136 59 124 75 49 54 35 191 18 113 237 108 172 24 255 178 225
197 138 217 244 181 188 253 136 18 192 160 187 134 250 227 200 188 240 197 228 163 53 184 180 76 7 114 57 190 162 208 132 114 144 39 194 91 179 226 122 30 46 217 133 11 107 178 190 143 74 233 203 186 234 156 0 102 185 193 199 21 43 57 30 167 187 184 191 110 181 0 76 229 9 155 187 169 222 107 24 9 191 39 128 29 132 89 185 212 141 58 64 37 196 58
250 92 170 211 184 85 164 132 79 106 128 98 44 173 115 193 44 163 126 225 178 191 214 99 132 127 195 124 32 204 178 200 18 8 25 79 229 103 187 62 175 63 126 188 14 195 25 152 139 190 167 80 13 73 154 229 9 238 189 146 76 9 18 78 197 185 226 182 125 42 143 218 168 60 201 171 191 176 130 102 42 222 19 204 29 158 194 226 50 229 141 188 31 75 198
192 247 249 36 191 168 181 127 177 218 245 134 77 228 165 188 249 70 221 191 54 194 214 165 11 66 227 80 160 228 143 166 189 34 76 98 168 82 231 183 114 222 2 251 133 214 8 194 54 171 252 166 45 180 100 10 139 139 139 184 21 187 110 209 84 125 107 193 209 208 121 196 212 0 59 31 155 203 111 253 191 5 4 239 11 146 5 225 188 155 99 201 112 185 32
77 209 94 156 130 13 0 125 197 87 212 204 228 32 218 70 58 238 93 27 211 34 204 169 194 246 216 180 131 189 71 27 155 181 203 219 100 216 18 117 132 181 182 187 194 135 3 118 184 99 196 158 238 23 243 144 170 193 138 34 247 185 44 24 178 129 238 23 24 171 72 62 209 116 121 199 220 64 190 31 192 211 199 69 133 3 179 226 38 192 134 224 82 216 108
193 150 152 178 183 52 191 162 203 178 181 239 48 98 239 17 71 199 8 190 166 131 254 139 211 197 242 191 201 173 181 204 203 73 175 200 20 82 180 229 232 71 109 184 153 4 139 95 198 182 193 185 107 39 159 12 180 16 233 55 168 138 223 140 201 223 139 160 190 112 195 99 37 236 242 182 7 32 231 157 194 123 65 158 192 224 94 181 192 22 95 227 152 90 191
221 201 147 103 225 185 188 24 64 191 162 183 88 199 127 204 11 189 241 67 107 117 195 207 222 144 183 195 95 191 78 184 45 241 108 191 162 233 195 235 203 198 197 10 12 220 202 31 204 183 197 236 51 200 209 191 164 191 10 175 89 41 90 197 10 92 22 185 250 103 161 37 167 23 9 82 213 27 94 179 191 73 109 69 175 43 93 228 167 69 4 58 185 145 53
204 166 158 187 51 57 42 173 156 146 85 10 251 117 194 78 187 98 74 194 26 161 28 76 234 186 13 164 98 104 220 92 35 138 70 60 118 77 120 180 28 117 199 24 13 186 89 198 155 20 225 172 191 123 204 167 65 85 196 27 65 3 203 15 213 180 207 88 185 187 215 66 196 188 126 20 199 59 199 185 192 188 35 250 159 182 59 195 200 13 165 190 128 132 188
176 195 188 56 188 208 252 167 245 138 179 185 233 193 24 141 106 180 187 9 58 42 80 241 13 237 137 247 70 63 203 217 70 188 197 191 183 180 197 71 212 244 194 53 75 198 243 184 184 241 108 202 46 184 229 73 184 201 177 190 216 166 182 203 229 180 228 100 63 7 226 193 187 27 241 153 211 61 8 227 119 191 161 119 192 250 180 201 245 108 197 217 191 101 193
250 16 111 146 165 201 38 129 224 37 48 133 45 184 41 196 182 94 193 180 25 178 98 195 242 191 66 59 196 199 181 51 191 40 217 55 191 75 217 56 110 23 39 7 45 218 203 20 186 171 27 30 174 179 168 181 156 181 83 185 184 255 234 166 133 181 190 177 216 186 251 113 179 66 200 199 187 181 207 38 105 13 219 189 187 229 121 192 166 181 137 178 39 115 188
181 185 31 59 29 190 199 17 25 241 37 236 249 78 233 194 139 86 226 95 249 204 235 255 142 180 97 100 25 196 23 204 245 245 169 53 214 147 162 185 201 60 162 18 108 55 141 178 225 112 142 178 189 215 181 43 110 186 127 159 74 181 76 141 42 93 86 28 64 38 75 47 189 247 224 202 33 183 205 220 213 150 128 218 16 184 174 164 92 165 237 128 129 91 67
45 183 254 7 87 245 243 179 193 66 30 163 242 62 244 83 109 207 93 227 56 179 230 201 100 78 149 249 178 179 158 198 55 149 242 198 225 237 63 137 108 236 139 86 62 25 115 147 108 82 201 191 122 2 157 109 112 30 156 143 213 205 100 218 255 131 168 173 179 27 225 243 167 222 196 181 227 194 170 145 231 186 123 65 228 112 202 145 228 3 245 194 248 95 204
194 150 141 108 208 183 49 155 193 4 178 216 112 164 68 111 179 85 0 191 51 217 221 161 17 164 51 93 189 182 125 54 185 192 154 124 148 206 178 187 24 162 101 19 56 227 27 77 193 97 128 207 34 249 200 200 185 58 185 29 178 3 193 125 105 199 145 13 83 154 176 204 243 20 115 146 241 124 156 143 47 142 163 6 170 0 102 8 186 4 70 188 140 159 52
217 198 73 175 227 3 80 202 10 182 37 178 204 222 90 138 131 189 191 182 180 188 228 169 145 75 25 35 47 235 176 179 54 125 154 106 8 3 143 188 186 200 10 69 141 202 7 17 186 24 159 46 178 123 34 183 185 202 11 162 24 171 220 227 106 169 238 68 163 197 118 146 126 221 128 9 6 189 44 58 201 112 179 107 76 137 153 107 243 49 191 185 186 139 184
105 45 48 212 92 191 12 76 100 39 13 8 18 197 239 22 66 104 56 178 143 189 152 241 249 247 185 181 204 41 203 178 84 36 118 1 98 134 182 63 159 190 202 194 55 138 35 152 178 183 193 27 134 40 145 76 227 183 34 85 181 12 183 181 17 34 31 151 220 163 193 100 114 21 198 54 181 186 84 93 37 188 18 71 141 199 167 178 113 112 191 125 56 170 193
145 95 9 60 231 172 170 210 158 55 39 78 132 90 30 199 38 190 165 159 99 191 93 191 250 179 137 56 192 199 203 98 27 188 208 133 189 144 184 187 91 191 60 179 64 186 30 230 5 149 18 9 160 151 147 217 181 230 105 171 127 143 54 233 204 184 26 188 179 67 85 12 151 157 225 34 71 209 179 10 203 136 204 31 145 191 162 171 189 89 186 192 37 210 182
186 217 203 158 121 183 183 10 87 221 203 16 191 113 233 103 183 119 69 176 189 191 75 243 103 96 43 223 184 201 81 53 253 5 202 179 133 242 205 193 191 55 1 200 136 92 90 227 221 192 74 2 203 55 121 183 236 66 71 246 79 193 78 96 168 30 211 182 220 119 181 186 21 25 254 199 187 135 69 209 179 140 165 239 61 135 115 19 17 204 191 155 247 186 176
201 150 230 188 47 123 30 86 13 206 120 197 55 231 112 201 25 4 6 15 179 196 0 49 196 233 201 150 90 62 234 203 201 97 79 220 129 230 247 89 57 183 48 114 203 223 187 147 91 191 12 205 130 167 17 203 93 8 177 49 197 19 235 181 186 4 123 249 199 82 39 127 219 203 29 110 43 185 69 180 164 42 9 120 62 82 172 84 151 78 69 94 216 45 201
246 39 222 40 220 27 222 136 154 181 116 84 139 113 122 203 159 207 34 24 186 170 53 2 184 191 199 171 26 189 0 35 191 101 185 192 142 236 145 19 223 46 82 176 152 152 89 146 203 243 23 12 157 199 48 64 77 153 190 212 192 237 2 185 188 185 10 181 200 202 72 194 8 101 224 193 107 224 95 40 202 12 191 45 192 224 194 106 202 199 67 215 215 253 242
218 28 41 31 186 60 171 14 219 55 195 198 238 223 15 110 233 83 192 226 2 105 157 187 228 194 193 104 65 187 215 127 194 173 215 254 182 188 255 205 180 55 200 133 195 59 139 164 180 73 111 140 219 184 186 76 204 201 189 199 196 202 70 196 180 38 16 195 163 0 140 187 238 22 153 15 147 85 196 13 150 68 135 103 134 159 44 190 188 191 239 250 204 77 97
189 243 204 211 196 228 186 186 103 208 189 203 200 224 163 251 226 29 111 59 24 217 59 162 178 190 23 126 13 186 99 198 253 141 166 190 113 146 149 199 231 218 43 228 213 34 52 119 178 182 4 190 10 138 71 98 165 244 87 227 166 190 184 89 209 46 238 224 90 222 4 216 180 195 20 54 35 191 201 191 120 255 45 149 143 165 191 150 201 255 62 61 192 251 189
15 187 3 53 230 68 4 102 91 188 192 19 200 71 63 220 16 86 246 80 161 192 93 62 83 95 191 71 16 120 204 237 127 128 175 202 176 203 91 178 190 91 46 205 152 188 180 157 11 205 1 35 194 41 238 187 178 240 161 45 232 186 191 101 178 199 21 146 34 196 254 180 184 11 30 14 102 67 211 118 123 199 80 203 195 180 185 156 58 203 186 148 143 194 68
177 176 114 176 157 139 209 191 182 179 149 204 62 165 235 32 187 242 136 191 203 30 179 169 181 194 228 99 18 186 54 150 133 7 180 186 4 211 78 21 226 230 64 226 179 126 137 219 176 59 35 196 104 118 199 29 113 132 248 119 250 134 20 195 66 143 136 26 103 79 195 29 115 140 26 200 195 16 67 12 45 149 128 204 181 45 40 181 181 194 212 54 124 212 86
180 154 198 233 106 93 196 203 165 17 173 252 192 161 213 201 113 82 146 243 196 228 217 105 142 20 203 10 54 85 51 161 192 227 100 201 219 218 62 112 69 203 173 124 244 189 234 174 187 153 203 187 155 70 85 21 35 194 241 162 218 228 138 191 172 210 199 225 22 233 193 159 194 210 87 200 247 130 98 102 132 31 35 92 93 58 10 175 191 233 196 196 206 100 227
201 194 204 65 158 253 89 73 196 193 195 182 187 113 26 248 139 54 179 121 169 193 47 164 68 182 171 61 94 228 16 35 165 89 4 131 182 72 117 193 190 212 9 88 194 124 200 27 132 249 192 147 129 68 101 233 40 188 26 90 214 250 223 58 91 209 167 129 181 194 202 195 13 244 181 214 241 174 8 134 186 224 40 246 213 186 187 178 186 13 85 139 193 116 200
183 158 150 55 113 194 223 138 36 195 191 116 31 109 146 189 13 110 3 80 195 196 121 158 78 3 109 231 113 90 143 184 104 185 86 166 2 85 181 105 172 247 203 217 194 39 188 166 35 47 85 118 18 150 23 200 241 26 159 234 127 30 158 83 200 132 17 251 114 91 207 201 117 24 110 204 62 213 169 91 190 41 182 43 190 252 187 193 153 33 117 186 248 187 215
195 171 132 166 206 206 119 178 184 193 101 185 217 113 99 5 103 19 93 200 115 246 157 125 26 253 181 24 25 188 183 60 78 36 202 200 190 242 83 127 216 127 72 134 184 47 104 242 61 229 248 17 181 214 203 194 194 179 21 233 195 133 65 123 101 82 240 195 71 153 247 190 199 214 204 195 195 17 135 1 242 165 22 40 190 181 78 149 101 30 186 245 68 108 68
5 33 54 225 69 150 213 42 203 164 32 119 29 191 187 196 179 37 133 19 163 132 100 193 181 93 116 183 42 47 199 194 95 200 14 57 1 74 174 39 205 204 141 180 182 77 104 98 183 194 92 61 199 38 16 194 147 182 8 202 178 183 88 244 233 197 194 168 131 16 204 238 195 183 178 180 129 188 62 103 37 161 14 168 195 185 196 3 170 83 14 191 112 191 213
96 183 235 79 4 22 59 194 245 37 24 41 4 139 125 222 245 84 224 226 152 13 76 193 254 185 99 46 38 9 58 152 35 196 45 198 203 205 49 189 108 193 119 175 237 192 179 114 203 97 235 190 199 194 255 115 181 146 127 185 170 185 57 145 244 255 151 203 251 23 2 122 180 102 180 198 103 226 94 224 148 255 92 225 119 4 39 22 185 83 138 216 237 35 202
194 215 91 4 49 192 135 57 4 205 175 45 32 107 160 167 128 163 137 225 218 53 63 104 154 6 186 67 137 0 213 219 183 221 163 195 118 142 24 154 201 149 49 182 180 198 196 187 190 140 197 79 212 66 31 243 153 199 101 189 199 195 159 30 186 17 46 244 184 188 84 191 134 117 198 185 171 192 29 112 247 99 119 199 62 58 22 74 123 204 8 54 234 182 202
49 169 120 188 160 31 53 234 175 204 54 196 57 172 152 101 222 112 64 122 189 249 188 104 199 202 91 160 164 72 181 185 244 217 183 196 137 126 255 107 206 2 145 201 199 223 243 23 106 179 25 164 67 200 235 223 19 10 190 123 65 186 223 14 181 0 24 235 50 105 197 55 5 199 203 93 248 203 195 21 117 224 191 195 180 127 41 24 229 60 196 141 191 33 184
237 182 5 202 164 199 99 223 37 92 36 72 194 34 134 133 85 185 245 115 249 176 215 41 175 108 159 12 15 204 87 71 201 93 8 1 15 203 204 191 169 223 245 146 172 179 134 115 223 112 198 69 51 194 199 114 78 19 183 160 140 162 182 185 24 201 195 221 154 102 167 13 124 93 191 189 111 15 215 64 167 198 61 222 167 198 186 200 53 143 113 194 199 108 81
130 93 165 185 187 248 79 159 157 150 182 129 27 192 169 10 27 33 99 8 24 196 242 134 185 245 89 191 131 119 136 86 117 192 115 118 219 209 121 182 31 51 10 180 195 23 186 67 58 26 168 164 250 197 190 51 13 95 76 183 250 199 146 222 206 12 2 191 186 80 77 176 62 7 209 251 20 47 124 219 125 186 204 122 194 97 142 140 184 187 124 216 49 185 191
190 190 187 58 98 252 17 26 45 181 56 102 188 27 91 57 81 196 38 224 188 9 93 226 232 101 173 19 219 137 191 40 76 166 43 157 72 199 87 190 184 245 27 184 11 204 132 252 92 162 6 86 164 183 162 181 6 22 179 79 104 133 202 82 113 23 220 177 189 131 180 35 69 185 244 193 237 198 202 187 220 188 26 15 140 193 201 255 249 177 10 176 118 31 23
189 202 117 147 118 10 8 97 179 93 145 101 179 198 63 13 129 77 204 185 229 103 151 237 196 196 198 240 87 232 166 198 203 203 180 78 242 250 246 8 66 47 212 112 238 254 142 248 12 114 35 207 89 55 37 98 53 103 42 119 67 121 6 19 134 179 242 104 191 247 198 238 145 194 186 231 52 191 5 223 4 250 242 0 193 78 11 91 183 182 64 191 108 223 182
185 24 121 242 45 183 215 41 193 195 250 188 92 80 227 61 45 83 206 60 184 178 247 63 73 93 206 184 182 197 243 195 189 197 90 204 196 196 143 107 208 99 228 145 152 105 221 182 26 109 101 188 105 184 60 170 103 181 18 243 196 249 164 201 207 187 179 76 16 216 87 184 194 157 110 183 150 250 49 93 2 96 198 60 53 106 108 24 200 182 201 122 44 133 189
60 244 175 169 47 184 179 31 235 83 116 179 114 184 186 67 8 198 188 197 24 200 181 23 166 48 137 182 82 182 21 80 231 126 96 24 199 179 109 53 40 197 150 253 107 194 197 78 200 195 197 191 45 188 138 63 194 234 70 93 13 132 37 181 198 163 29 76 45 85 40 254 91 162 88 190 121 248 212 187 149 242 48 10 72 191 251 177 139 76 190 190 161 180 92
55 86 11 102 117 254 73 86 83 140 192 224 154 194 203 199 191 188 190 143 204 3 209 30 98 198 240 213 161 24 219 202 115 125 236 86 46 185 115 251 195 91 102 182 220 202 123 214 187 35 65 65 198 177 244 230 73 184 185 3 184 66 250 47 203 126 173 197 128 170 44 243 128 203 197 191 39 255 44 140 94 214 223 203 92 217 54 29 54 120 190 251 191 183 146
123 98 21 27 50 136 0 220 116 54 143 132 179 164 166 225 81 186 238 34 215 107 13 74 146 124 204 199 29 217 23 169 14 128 184 72 201 187 231 167 68 68 26 211 153 51 151 200 87 43 197 159 45 221 148 13 165 193 245 135 156 120 39 141 164 113 206 143 198 103 3 149 194 190 61 117 235 188 200 183 150 144 164 78 201 105 189 211 1 173 201 106 161 126 192
127 146 73 67 169 200 54 72 71 189 184 197 184 180 6 77 117 135 36 203 197 27 28 182 185 180 203 177 58 30 108 249 46 57 30 188 80 146 49 190 143 3 225 67 226 28 64 197 198 72 61 107 58 204 139 187 204 26 72 202 188 104 141 40 20 153 17 121 90 66 189 235 3 74 4 64 247 200 192 90 241 194 219 212 246 186 4 169 193 196 77 224 234 196 159
190 191 228 94 0 145 114 170 181 31 190 222 53 179 180 47 19 204 148 147 180 181 238 184 57 135 60 254 238 209 28 72 149 64 188 46 47 180 1 183 46 203 176 74 114 178 193 49 129 148 207 51 179 71 164 138 166 216 184 196 102 17 209 30 186 68 200 255 47 246 91 23 148 70 165 188 202 92 110 191 0 115 247 237 111 177 202 128 191 18 122 235 176 150 123
98 187 178 164 191 191 80 181 200 129 193 103 57 144 183 141 218 216 131 242 81 18 117 183 25 204 70 88 65 200 35 121 217 20 180 59 127 90 15 184 34 206 194 107 59 7 244 188 198 41 58 236 130 123 230 190 165 167 123 204 88 13 68 223 152 39 199 6 50 57 187 121 48 40 170 245 228 250 67 57 187 102 83 244 53 204 204 7 244 178 127 196 83 227 183
221 201 181 180 77 72 192 179 196 116 241 211 178 223 198 193 95 117 109 20 197 241 23 237 188 191 235 73 190 187 65 179 152 48 183 182 194 19 178 129 170 166 135 173 74 46 160 188 21 56 202 144 249 179 24 125 178 179 112 187 176 79 193 150 191 159 92 176 234 16 231 207 212 166 232 157 87 239 189 162 208 205 188 146 56 201 187 202 146 134 201 161 194 202 203
163 166 20 56 163 194 94 72 210 61 48 170 146 193 164 16 184 198 214 82 189 162 180 93 209 189 203 195 28 34 67 20 5 184 198 199 170 216 8 87 188 178 130 52 163 34 32 191 229 110 1 181 55 196 31 29 20 183 87 159 114 88 186 34 86 211 86 206 190 128 115 9 59 178 169 229 24 42 184 202 166 190 203 40 89 191 188 200 4 106 182 174 146 69 186
204 140 120 245 76 213 241 91 171 131 191 200 83 223 41 121 187 97 203 255 234 163 151 176 243 237 113 6 186 108 114 202 131 140 95 172 203 210 40 177 154 109 212 180 125 93 235 177 115 211 49 16 240 196 189 231 77 21 59 197 147 170 129 134 103 84 128 63 190 208 133 183 189 191 251 226 49 65 50 190 135 100 49 16 239 28 194 75 174 26 125 248 33 243 37
146 222 190 136 189 217 204 30 202 134 200 26 137 251 241 150 144 24 252 153 218 177 227 243 188 5 100 231 204 20 116 203 30 182 162 235 182 203 53 20 124 204 187 179 154 148 15 155 10 181 132 121 180 94 146 12 16 200 71 140 30 102 48 91 114 49 191 116 168 22 233 188 122 177 119 190 196 224 183 82 16 110 73 107 202 249 74 87 196 243 21 111 97 120 22
96 127 127 87 208 192 195 196 120 130 112 163 69 191 8 233 203 198 105 215 10 203 148 151 137 214 14 126 21 140 205 52 202 204 138 174 183 160 190 163 117 165 205 158 194 192 29 202 180 8 202 79 203 109 200 233 130 66 125 78 201 157 194 64 189 219 167 63 114 71 163 184 202 162 197 49 185 194 117 107 63 242 186 217 191 199 2 66 74 197 79 185 120 125 231
107 189 37 196 146 208 13 95 202 2 221 65 204 202 51 193 8 101 188 131 244 108 11 202 107 190 229 236 49 227 50 50 171 188 47 157 133 194 182 182 197 65 15 188 192 182 202 186 234 169 121 81 203 6 217 66 141 232 28 202 54 70 23 100 194 216 28 178 185 101 47 220 112 56 213 121 193 85 252 210 63 199 43 126 34 203 178 219 65 222 203 192 196 72 115
238 64 83 131 52 233 190 171 134 223 211 103 108 245 225 175 137 184 76 110 104 14 238 111 222 118 0 199 46 59 202 106 199 182 201 192 178 197 241 167 191 201 144 187 119 178 204 124 203 170 199 200 161 26 205 110 197 47 53 253 220 128 186 198 66 198 105 24 157 124 131 54 97 157 164 27 189 237 136 156 186 200 22 52 44 183 141 192 70 127 35 56 125 164 92
72 102 50 8 202 2 203 132 188 151 84 186 251 235 189 8 102 201 199 252 111 171 97 178 88 174 105 18 185 26 15 31 216 20 220 192 181 68 190 84 58 185 102 20 255 79 190 213 217 194 122 178 39 95 181 156 183 200 202 28 2 251 189 39 219 215 191 220 105 103 12 192 76 209 100 162 196 146 138 121 189 201 40 89 74 46 200 47 150 241 27 193 59 229 195
238 238 195 181 47 114 202 240 193 40 16 213 23 48 65 183 204 57 168 253 191 185 198 140 49 117 42 185 112 107 108 204 123 92 154 89 144 195 10 187 240 88 182 52 207 203 135 225 189 204 153 248 186 111 148 167 190 160 56 29 184 203 190 200 73 52 49 234 41 196 134 67 187 26 66 128 106 118 198 170 183 190 200 161 195 47 4 186 244 234 47 68 177 191 110
42 159 182 8 173 114 41 201 206 94 93 202 40 17 194 197 215 204 204 44 189 200 236 248 210 136 173 200 3 182 89 57 194 229 197 223 51 74 240 237 112 193 110 103 192 239 182 91 22 226 17 170 77 214 92 136 193 215 181 238 185 214 246 178 180 188 115 174 216 105 202 183 97 123 13 15 211 110 182 10 193 245 244 188 64 45 241 245 185 139 204 11 202 185 185
73 255 187 216 205 87 95 194 44 104 148 197 163 38 79 68 252 141 84 24 120 68 152 59 230 26 58 249 48 106 186 250 165 241 177 25 180 153 44 188 138 123 180 115 215 150 57 228 248 89 84 110 169 56 148 246 218 197 242 221 111 26 30 199 62 238 142 17 179 192 65 168 188 135 159 154 225 51 110 2 197 38 255 191 95 190 246 196 185 132 77 120 184 185 50
186 177 110 126 184 112 107 117 178 87 196 171 60 4 34 136 72 133 88 188 63 201 98 184 211 184 191 26 15 252 202 182 240 197 181 105 9 92 187 132 152 65 8 196 163 99 114 23 6 47 193 184 244 39 47 253 204 171 64 39 154 40 85 48 142 187 95 60 188 200 195 205 98 64 237 36 179 164 188 242 25 18 42 20 2 24 121 102 102 189 125 205 169 201 134
207 199 191 144 8 199 122 216 182 37 186 62 72 29 242 6 138 193 197 189 193 252 23 183 178 6 137 121 24 198 58 218 118 221 232 76 94 96 191 134 34 196 227 78 105 170 201 111 161 55 98 31 183 191 97 193 187 125 192 202 45 177 45 186 97 237 140 53 236 75 165 190 180 194 198 195 63 174 220 213 134 240 90 172 173 138 199 63 187 83 217 200 52 181 123
3 9 90 201 190 144 254 199 187 17 253 193 6 58 138 178 224 218 141 208 40 200 3 69 180 127 148 37 228 203 181 151 52 133 36 128 134 189 42 231 197 190 8 86 182 92 178 189 3 19 29 243 235 149 78 18 189 198 182 160 192 172 82 61 204 178 181 175 178 124 198 81 122 188 203 188 200 239 142 71 252 14 141 151 192 186 75 125 94 250 183 36 179 63 33