48 20 18 8
16
2 57 183 46 142 18 77 220 50 33 132 142 247 142 51 77 180 240 40 250
4 240 184 151 10 114 89 4 120 251 67 153 230 223 156 18 62 11 84 210
45 167 21 133 27 24 215 70 172 129 124 64 59 49 165 83 58 5 135 188
55 191 248 120 45 126 57 212 33 63 147 58 59 74 92 130 142 206 66 110
76 54 69 76 76 74 62 56 59 70 52 60 62 55 68 54 66 75 61 109
61 78 61 57 60 62 69 70 78 115 49 55 216 48 70 47 60 63 78 57
72 68 50 55 47 63 53 46 149 59 48 146 65 118 68 76 204 74 57 61
60 71 74 73 72 61 78 57 51 57 49 47 74 65 49 75 55 55 73 58
67 65 70 56 87 55 47 47 51 58 75 52 68 49 59 46 58 46 60 75
73 57 67 72 50 60 52 73 59 57 46 55 72 50 51 56 47 62 63 71
245 62 78 50 59 47 58 48 78 78 57 70 63 56 57 65 71 58 201 62
75 47 46 46 48 49 68 66 58 66 61 51 69 62 76 68 58 64 67 67
65 57 75 57 52 52 77 76 62 57 58 54 47 67 62 67 58 73 71 62
24 74 60 59 87 65 74 69 63 131 51 64 74 54 51 57 75 72 65 71
66 67 63 58 59 200 44 68 78 46 64 69 52 52 67 68 68 64 57 56
58 74 64 212 68 47 78 66 52 76 56 78 197 73 55 56 48 244 58 76
63 52 52 55 140 76 62 62 69 177 56 57 50 77 46 61 54 52 56 50
27 59 66 61 61 49 46 62 65 68 76 71 52 53 67 76 78 4 49 60
69 64 59 73 67 57 75 60 210 50 72 48 46 61 62 46 55 51 176 71
52 70 72 235 62 74 75 51 54 81 63 60 220 60 48 63 71 64 76 49
69 56 73 63 76 54 77 52 52 63 69 47 74 78 71 67 142 77 56 70
216 50 46 78 223 60 51 200 25 76 60 72 69 74 53 55 56 69 61 62
54 75 62 48 52 50 62 40 51 62 62 57 76 49 59 56 54 48 51 62
44 177 60 70 56 65 71 50 51 73 74 55 63 70 48 46 68 50 248 75
78 199 62 52 66 51 182 37 66 57 62 51 23 195 78 62 57 67 56 48
60 50 66 68 154 54 57 52 51 63 51 82 132 57 72 57 57 54 71 51
63 53 71 74 50 157 72 53 57 56 78 73 64 76 48 230 61 57 75 254
129 56 52 60 51 63 73 49 51 61 75 46 61 66 57 71 60 64 49 69
59 72 64 74 62 75 72 62 183 66 65 102 55 74 120 69 56 50 75 46
53 66 75 77 51 69 70 46 59 46 49 46 68 73 75 67 73 71 59 182
66 61 63 59 56 56 71 62 77 53 63 58 49 76 78 63 46 57 49 124
54 77 63 51 70 55 58 49 57 62 71 73 66 56 76 69 140 57 62 58
73 47 50 72 97 68 73 63 53 61 75 71 74 70 52 62 50 77 57 72
100 174 178 91 113 56 50 50 5 97 78 63 40 206 71 102 213 61 203 87
190 49 186 169 5 213 51 141 164 125 78 100 17 184 210 236 60 37 104 59
166 7 50 112 79 76 59 168 202 207 231 83 91 188 94 193 216 67 234 225
149 46 79 205 106 18 88 225 15 174 249 77 158 98 27 136 53 245 134 131
75 53 65 191 71 232 211 93 241 9 194 1 6 64 78 52 75 223 141 46
82 62 125 192 186 163 65 218 102 174 242 102 64 36 23 12 112 34 36 49
119 101 78 76 14 34 65 59 81 131 71 161 36 194 168 214 188 240 68 156
181 206 48 154 201 196 48 90 233 59 54 220 209 214 143 49 247 76 163 78
179 47 252 219 153 135 146 31 74 239 213 129 53 84 98 70 162 175 213 170
111 69 176 65 70 186 235 74 75 39 72 40 29 198 52 62 177 176 62 101
116 128 138 163 155 8 232 195 56 215 64 174 3 65 11 184 60 93 233 65
51 164 212 239 84 189 196 48 30 37 48 17 70 2 60 155 41 3 61 238
82 201 189 157 47 210 68 184 75 143 55 177 72 237 199 176 232 253 145 122
50 58 54 73 178 29 154 82 236 29 131 48 37 166 12 36 67 55 149 78
108 68 126 207 135 189 90 18 59 60 245 112 180 138 56 82 124 198 219 41