51 97 35 95
81
5 255 42 206 241 186 196 72 176 33 99 146 165 236 74 61 233 250 140 249 218 156 205 224 171 67 225 17 89 220 255 255 211 61 63 215 246 136 75 208 83 15 178 240 49 138 22 160 136 255 46 54 49 174 197 153 227 255 120 255 34 255 251 88 122 225 109 31 28 174 210 145 169 122 230 99 14 146 199 186 186 255 27 237 155 33 87 156 44 152 115 12 70 64 210 109 255
102 222 95 20 255 89 192 58 15 155 251 179 171 175 19 252 16 100 243 7 157 77 37 250 17 134 150 174 17 129 213 113 166 151 255 44 255 204 230 120 185 13 209 189 183 184 191 196 182 145 159 78 239 165 243 60 215 130 185 177 112 229 187 143 165 70 113 248 179 206 219 74 182 54 187 255 86 43 220 189 199 208 37 197 192 217 14 223 140 78 185 100 91 217 215 208 181
26 10 239 140 154 89 96 160 7 184 73 30 224 182 0 157 31 0 209 255 248 106 219 11 151 250 228 221 255 3 2 96 157 195 45 248 222 113 172 49 10 177 141 226 183 171 157 175 14 89 160 217 89 202 8 52 83 205 67 184 217 23 95 207 242 1 207 6 192 229 217 138 2 62 158 35 14 236 232 42 50 108 83 95 46 92 75 185 7 36 51 205 255 110 155 189 73
89 189 137 255 39 96 86 154 24 87 95 215 110 169 76 191 24 37 144 124 170 25 201 3 196 36 145 71 147 135 255 224 184 24 240 187 92 187 160 208 156 246 89 212 4 96 14 151 184 211 137 58 30 100 24 167 164 199 118 76 109 136 48 93 65 140 37 173 246 4 18 173 33 179 151 242 128 96 191 255 74 67 189 140 246 192 247 221 215 155 189 58 82 41 173 90 184
197 182 64 228 183 251 98 255 64 210 235 255 185 90 67 42 129 139 119 119 244 135 133 115 153 143 141 217 190 79 155 220 21 3 178 255 157 100 255 54 240 174 177 126 86 241 191 227 4 255 161 179 178 183 255 89 148 252 187 76 102 255 82 218 104 1 115 33 226 194 142 64 150 85 223 132 16 108 140 69 0 9 124 255 214 255 185 71 31 147 165 69 221 4 189 223 175
8 158 40 26 203 142 253 248 187 161 255 38 122 210 171 245 99 211 179 175 31 26 234 173 163 25 3 29 152 61 227 245 155 72 172 56 59 11 244 201 45 28 182 144 113 126 88 162 27 255 119 251 1 246 175 101 90 238 46 138 66 204 210 112 89 255 244 67 96 92 155 203 217 81 48 75 87 246 89 194 196 28 144 97 255 155 222 51 21 226 255 138 255 206 2 237 200
34 249 78 186 165 27 156 192 96 255 252 209 186 215 223 55 255 58 197 255 219 255 186 95 145 255 79 82 255 187 150 67 13 61 185 183 138 153 233 65 165 90 116 110 250 29 248 159 63 225 150 152 91 54 186 104 159 112 168 74 238 255 231 89 149 104 255 31 93 102 73 200 114 104 179 207 168 68 238 174 200 157 113 31 251 146 121 40 225 236 247 200 238 149 157 135 255
208 255 197 14 202 221 181 105 105 33 74 216 34 179 201 244 166 164 9 14 121 129 104 166 205 142 53 73 46 160 235 100 182 239 131 255 182 95 28 115 23 236 84 255 85 238 3 155 118 147 50 222 16 240 243 222 7 173 230 255 214 134 117 201 255 255 85 33 109 149 141 103 46 255 80 255 86 216 151 187 200 153 189 175 224 241 240 246 217 213 108 149 178 201 36 23 75
55 41 58 56 255 55 199 212 197 231 189 159 206 204 167 229 255 59 50 31 59 28 33 118 198 168 103 94 138 214 111 57 255 25 26 214 255 159 252 243 228 167 146 159 212 16 122 219 122 124 244 228 158 122 91 90 97 92 27 229 50 255 77 237 78 181 30 237 153 185 162 86 187 133 210 255 2 166 163 180 149 200 48 11 229 18 191 179 199 255 23 161 70 35 255 56 203
182 52 41 145 126 77 255 47 42 234 31 124 255 159 255 66 54 37 244 226 21 173 114 44 188 255 255 214 251 179 186 191 107 233 255 18 195 118 255 168 96 199 102 59 74 255 140 177 75 89 18 202 233 209 255 75 79 57 246 224 230 45 141 101 255 220 149 188 21 193 196 22 227 117 220 184 177 212 87 237 165 223 227 226 4 110 150 246 248 10 240 173 52 104 246 175 178
209 180 79 57 6 143 140 130 214 255 6 4 201 107 184 132 232 248 255 58 177 102 214 214 193 3 45 29 255 35 47 8 214 66 139 237 113 143 191 190 194 55 62 255 252 255 255 255 252 149 79 48 14 119 230 177 177 250 97 34 251 255 35 109 199 205 201 247 96 43 106 119 255 112 255 137 160 122 231 255 180 201 138 197 135 192 184 236 22 179 187 23 173 247 110 57 87
217 255 18 23 255 135 250 101 182 2 165 177 53 131 255 220 77 80 179 24 216 130 58 233 255 2 228 248 87 255 196 150 207 255 94 155 198 255 142 164 205 204 156 79 54 255 49 38 191 232 117 51 135 204 95 100 137 5 18 80 92 94 9 43 123 21 200 71 223 255 255 254 213 190 145 219 219 255 201 140 226 173 37 8 55 59 150 229 80 183 27 213 78 90 160 79 154
74 100 33 83 210 82 255 214 7 136 10 215 255 41 172 166 255 107 248 22 152 172 28 171 230 109 151 123 243 249 207 255 135 194 65 2 52 99 128 60 212 178 12 197 98 79 38 123 212 224 255 137 189 194 116 255 1 205 156 255 83 235 223 195 60 255 166 115 193 233 102 229 124 5 93 169 248 198 67 196 251 9 91 47 92 207 233 160 230 30 25 131 195 22 23 255 100
157 83 197 129 218 192 18 68 45 246 12 208 100 178 183 106 180 104 206 65 138 33 255 56 251 151 9 85 156 170 14 6 149 169 70 182 181 183 41 68 229 251 147 174 91 93 174 221 50 234 224 64 185 238 255 53 255 152 57 255 49 213 172 193 94 29 138 58 27 88 146 241 156 30 166 210 79 98 109 31 194 151 205 81 69 175 96 166 152 94 204 121 78 192 88 255 85
252 169 61 200 187 57 239 252 127 243 255 207 13 195 59 185 172 175 222 12 159 243 164 221 66 144 102 255 156 49 198 78 183 181 225 127 250 253 173 227 90 207 150 228 42 213 91 87 181 41 29 137 2 30 181 157 62 31 97 118 195 91 112 45 80 21 229 122 104 222 167 134 21 161 206 26 189 176 158 255 96 80 28 20 255 255 196 91 229 234 201 255 231 255 115 231 240
151 158 248 234 101 137 255 115 220 255 137 255 135 32 255 64 125 153 116 94 225 221 229 134 47 122 133 238 36 230 86 187 239 175 91 6 225 35 255 154 133 141 255 107 15 67 211 255 64 201 21 85 43 107 148 196 137 252 229 239 70 232 160 81 96 255 226 79 195 201 224 75 201 153 183 186 174 1 255 193 124 120 23 252 27 135 114 8 170 211 178 144 242 16 19 213 217
206 255 97 182 8 235 159 123 164 220 232 180 186 124 48 184 196 119 202 43 210 237 188 108 255 2 222 118 36 177 9 200 213 115 176 148 116 81 242 254 20 139 119 247 15 187 253 184 11 236 59 19 158 137 110 72 70 109 42 255 30 12 183 187 227 139 92 157 208 200 203 170 123 204 255 232 117 31 85 158 4 16 157 117 9 120 209 122 238 68 112 129 94 179 243 206 121
42 179 230 200 121 142 17 153 213 154 255 243 112 164 255 142 91 86 46 146 58 109 196 255 143 71 119 153 76 54 82 53 18 204 233 70 153 207 173 190 249 241 202 193 67 255 19 184 101 255 38 100 255 61 166 190 214 19 134 61 82 255 181 174 119 189 133 125 248 249 255 247 223 69 62 119 143 111 186 42 70 41 149 11 214 3 130 248 78 255 206 60 148 255 98 184 255
52 218 32 126 254 44 255 219 213 255 32 87 247 91 224 255 61 85 8 56 235 87 98 164 255 113 212 72 236 214 231 138 161 34 25 180 123 218 155 31 172 112 150 35 116 38 0 2 50 243 249 28 59 162 77 71 216 172 93 166 146 255 23 205 14 95 132 10 162 161 216 23 121 187 255 193 108 94 213 227 2 179 199 22 148 209 136 112 255 255 187 243 222 205 255 191 255
199 144 196 19 48 251 185 33 91 254 82 159 148 7 248 185 158 134 205 75 146 194 90 247 91 154 2 204 26 255 105 165 151 193 230 6 171 110 43 34 150 146 45 109 249 201 222 63 79 184 212 152 253 171 171 81 231 186 89 92 78 105 245 194 65 121 173 229 255 186 222 200 181 236 130 123 217 62 186 206 59 223 4 71 106 21 61 229 94 34 97 209 250 255 93 141 27
195 93 255 107 82 1 137 158 119 45 254 198 158 109 152 66 148 198 204 96 132 254 13 189 90 211 182 70 15 150 229 89 108 153 17 145 168 203 113 88 176 211 25 239 43 119 168 255 200 255 151 246 45 151 30 31 80 94 179 19 185 59 203 158 254 240 206 255 69 56 244 80 176 229 73 115 36 223 109 43 35 3 255 184 98 255 249 227 221 75 234 67 255 73 18 30 14
84 161 201 143 26 165 175 253 34 250 155 100 252 199 192 154 114 112 48 160 133 254 137 170 189 160 47 13 84 112 243 202 63 26 209 174 186 104 69 195 170 242 56 255 77 138 255 200 189 12 226 200 255 75 184 174 179 53 55 14 160 77 59 85 17 53 3 172 150 95 106 154 31 251 9 46 209 159 116 255 4 127 190 73 93 103 94 201 4 249 174 30 31 245 25 108 59
188 156 222 33 184 82 139 113 211 146 210 151 255 213 37 236 105 255 99 206 208 150 52 150 195 193 22 129 156 50 142 29 140 35 165 37 114 53 58 141 255 244 25 205 85 64 153 13 78 194 255 63 143 211 51 255 255 168 100 202 161 203 137 159 221 253 255 234 117 156 220 164 133 220 65 112 58 207 184 67 97 221 149 210 255 181 255 255 184 255 223 156 255 255 255 205 184
255 146 151 47 229 246 197 42 16 165 44 228 255 137 134 222 43 233 127 43 192 138 88 41 220 138 225 226 216 20 64 81 73 24 86 247 189 225 82 136 231 246 237 42 150 184 255 226 158 240 49 250 197 12 72 211 6 239 160 185 14 117 19 166 147 50 63 157 93 123 238 135 2 115 1 188 235 177 80 196 44 133 255 255 157 168 207 148 184 236 255 245 254 230 10 94 255
80 48 227 208 99 217 243 161 124 178 238 169 48 247 162 116 93 232 16 198 100 216 79 121 219 221 158 106 220 117 115 194 255 17 214 130 208 255 45 35 170 103 255 189 56 57 213 123 51 222 200 248 31 170 215 129 3 105 255 233 129 204 180 98 216 153 227 218 67 72 153 253 117 172 183 46 71 173 227 153 188 5 214 255 167 250 255 246 255 51 233 155 204 221 206 255 224
116 189 200 249 133 227 233 89 226 94 100 116 215 28 233 152 182 79 117 11 86 55 105 221 255 102 124 197 241 228 10 89 161 68 74 179 148 80 173 85 120 39 127 201 255 83 167 19 170 255 38 151 237 221 178 3 255 217 230 192 61 184 255 207 185 99 250 163 238 63 142 22 47 221 247 255 98 179 0 255 69 228 190 255 255 255 248 169 201 173 212 255 167 255 172 105 236
62 255 112 255 6 207 123 253 255 51 175 254 231 255 166 209 132 53 68 32 64 236 137 175 81 46 151 195 18 208 153 96 201 255 171 221 161 150 144 49 181 78 127 179 151 47 240 177 181 177 121 102 58 109 138 90 212 13 116 76 99 107 196 97 255 18 245 123 232 64 167 72 230 169 1 160 255 56 171 57 80 85 2 255 146 255 255 255 193 184 224 255 252 255 222 148 177
4 13 105 238 163 155 174 212 165 15 211 37 56 255 106 124 239 187 6 71 250 56 248 121 255 114 133 255 126 187 201 240 62 196 197 221 56 255 203 73 132 43 238 225 118 153 78 255 197 95 124 254 127 141 122 44 200 218 241 218 184 67 239 245 114 255 231 52 168 200 26 102 255 119 13 69 53 131 53 13 142 255 234 174 224 255 160 255 249 79 255 162 255 184 210 72 255
9 211 230 162 186 183 160 56 91 187 165 255 30 184 254 169 75 244 95 150 121 98 121 70 130 247 221 199 223 40 204 243 176 153 28 189 255 236 255 154 109 214 127 93 128 249 133 255 86 212 251 128 165 58 179 245 217 242 153 207 165 31 233 66 32 255 208 8 161 41 41 116 255 82 255 4 33 100 173 236 240 98 192 255 201 224 255 200 255 48 201 255 227 95 218 233 165
189 111 45 52 131 218 21 211 112 172 22 186 115 81 92 212 98 250 225 189 79 199 255 40 6 244 196 149 156 226 167 187 219 53 179 23 247 249 255 255 255 199 45 38 166 38 225 82 9 36 45 182 185 133 215 255 135 195 222 196 87 248 196 181 95 197 29 168 229 158 177 177 151 101 255 104 70 230 44 175 13 255 255 45 255 255 255 255 221 255 193 251 227 233 194 176 149
14 255 161 228 251 190 218 104 195 33 44 42 65 27 255 202 201 139 135 252 88 192 217 68 135 121 187 132 190 170 72 255 253 36 111 223 231 174 201 215 212 109 69 110 255 70 97 10 188 115 225 159 97 30 208 187 95 227 236 3 26 78 185 241 246 159 108 50 245 159 203 187 129 255 187 202 143 201 5 229 139 240 255 255 232 255 255 240 151 255 169 245 255 255 225 217 183
100 63 204 242 42 255 87 36 201 71 86 31 100 186 233 255 106 12 130 218 111 136 166 54 9 162 243 111 172 232 44 235 222 73 26 248 218 169 24 99 255 255 78 54 131 245 198 173 86 118 225 191 39 2 255 80 255 208 211 109 238 214 243 24 255 197 0 180 28 47 57 219 241 179 28 189 194 21 109 255 236 110 255 255 255 253 255 202 220 160 236 255 255 213 205 236 216
3 17 159 166 255 142 156 112 211 135 156 205 202 81 223 161 253 244 110 166 231 255 255 49 136 194 7 182 255 223 255 143 208 245 246 241 65 255 107 77 151 210 169 234 106 255 236 255 255 185 166 93 150 2 126 44 198 232 112 244 204 134 213 42 251 161 45 233 26 195 255 229 171 41 104 193 98 222 208 84 208 53 255 254 255 205 175 166 222 177 255 169 255 179 255 255 175
100 255 215 74 192 255 239 110 229 62 7 239 136 122 21 68 46 98 173 255 166 245 193 44 79 185 255 153 222 237 12 247 178 13 176 87 191 25 105 251 72 152 110 115 255 196 46 129 234 0 235 104 242 68 209 34 34 71 67 198 62 125 41 28 155 79 158 143 168 19 118 136 99 178 189 130 79 230 123 62 248 73 203 255 255 218 161 255 141 228 255 251 203 255 255 189 187
48 255 158 85 87 131 111 231 57 192 141 53 2 83 71 87 231 186 9 105 255 80 150 255 242 69 10 178 199 247 216 226 68 13 253 177 125 248 44 99 188 120 145 255 45 13 220 166 255 165 118 58 129 43 182 47 255 147 151 87 252 249 245 171 103 59 196 214 235 225 171 49 142 102 159 84 240 114 77 228 124 106 255 210 219 255 151 81 156 4 244 255 222 255 229 245 179
45 186 255 101 37 46 47 24 32 255 59 255 136 57 254 255 157 239 77 106 223 233 172 164 189 59 178 255 38 161 224 242 148 66 28 225 200 243 246 46 176 73 144 67 189 113 155 155 56 255 194 185 164 219 83 99 234 212 177 63 179 56 145 153 185 183 103 206 15 246 48 6 31 93 137 16 105 255 129 187 248 132 255 255 231 255 173 219 245 22 255 22 255 224 255 214 255
191 255 126 175 14 246 157 223 159 222 149 253 251 205 255 215 60 99 71 206 104 237 68 65 159 5 149 82 134 99 255 216 255 19 96 185 137 131 86 177 0 86 88 43 88 255 137 121 9 46 137 223 111 0 177 107 210 146 150 25 42 67 28 132 160 120 154 50 220 71 7 77 132 83 32 132 173 157 112 118 198 233 232 170 247 225 221 255 205 255 224 228 255 255 255 113 212
219 126 58 7 248 117 26 171 207 95 240 167 255 229 199 255 44 115 205 67 85 38 76 7 231 255 100 152 202 166 237 23 159 201 180 242 250 204 61 55 241 251 72 70 161 171 147 180 18 125 171 188 156 189 237 206 223 197 242 167 112 143 250 242 21 128 45 239 255 221 25 151 195 197 63 154 236 9 91 119 115 91 174 164 255 229 228 255 150 200 255 255 181 255 255 70 249
255 209 165 40 255 183 32 198 70 96 10 49 201 177 49 211 202 5 109 224 255 28 98 122 229 108 255 255 137 34 165 247 119 250 38 255 77 98 154 77 139 67 119 43 255 239 211 119 255 222 194 149 100 123 57 8 228 23 151 117 64 17 100 255 208 233 210 89 110 143 85 234 235 183 125 175 136 157 241 176 39 32 225 12 172 255 255 19 113 195 163 248 255 255 254 255 245
255 225 193 214 255 150 206 203 133 24 82 225 249 148 227 217 198 174 255 173 172 210 155 255 226 232 211 253 102 175 254 185 92 255 173 255 150 146 215 87 82 74 208 146 0 35 152 156 255 37 18 54 20 237 121 104 27 56 18 7 255 45 142 255 183 73 222 170 134 31 45 124 16 163 255 76 231 121 250 19 160 0 150 220 255 208 176 14 255 69 180 255 255 169 216 252 231
84 4 118 46 143 211 132 141 213 56 27 142 159 212 44 107 58 222 210 44 14 87 234 79 244 73 78 36 253 226 75 218 115 198 145 160 192 181 26 60 6 180 138 223 67 98 147 82 255 249 77 191 168 195 255 255 64 138 222 213 255 224 212 220 211 9 67 4 53 82 128 50 99 164 68 181 79 242 210 70 138 192 107 216 175 206 178 252 255 255 255 178 229 253 45 177 242
82 94 51 179 253 150 22 128 172 136 114 195 230 64 219 95 78 128 63 164 36 125 255 129 141 81 25 255 22 249 100 96 118 109 17 204 171 59 99 152 16 234 76 255 255 167 253 104 190 234 230 224 255 234 32 71 84 254 4 148 235 255 122 157 9 255 229 255 124 205 72 183 141 167 136 250 159 231 162 224 86 179 255 255 235 215 255 255 220 245 252 160 255 235 240 161 255
108 148 37 1 65 115 244 2 8 224 183 113 215 75 244 166 42 255 113 242 135 107 190 150 133 54 222 246 171 66 76 19 147 117 99 17 117 211 78 184 241 225 248 49 255 81 20 111 53 47 119 114 125 253 19 255 162 213 161 229 169 233 19 176 146 180 191 33 45 242 139 234 175 152 219 117 98 244 176 40 225 248 229 168 255 240 214 249 180 231 241 207 255 221 149 239 233
107 16 150 111 229 144 229 171 153 252 27 241 164 255 167 53 255 71 126 42 14 214 168 180 189 133 255 255 185 90 25 254 192 206 221 223 149 197 181 47 234 10 216 210 196 255 243 184 26 245 255 250 65 81 51 103 40 94 226 218 88 255 158 248 105 184 200 218 72 168 82 112 34 185 87 255 164 0 190 89 163 35 255 170 251 255 221 172 201 25 164 212 196 255 185 241 255
154 204 164 90 136 223 137 4 120 18 11 242 167 186 223 229 182 100 153 144 168 5 255 156 81 190 253 255 102 175 235 95 209 203 255 221 69 173 172 163 213 49 142 82 39 36 52 250 158 112 132 114 198 215 95 36 231 221 134 244 240 10 247 255 17 181 123 85 40 181 244 212 199 252 226 202 200 216 116 237 18 62 255 255 168 207 255 255 191 255 255 203 200 233 226 203 124
155 209 164 30 241 20 172 204 173 10 146 89 206 147 139 17 42 75 148 255 153 97 191 223 34 255 85 53 183 190 75 102 61 221 99 90 217 173 187 127 255 255 221 236 89 219 217 249 233 102 164 141 169 243 28 177 214 179 188 212 190 170 208 165 146 206 193 214 158 242 216 206 38 5 213 200 222 70 178 255 227 104 240 255 255 255 240 232 198 199 187 255 184 255 230 251 255
176 128 6 51 193 246 109 252 104 255 171 215 217 201 103 96 189 157 71 204 230 112 46 247 181 151 255 219 255 20 189 233 171 94 91 45 193 212 248 215 22 196 225 189 249 72 75 132 231 225 137 53 236 229 76 123 139 182 154 179 255 167 60 204 223 178 232 255 255 49 221 138 45 168 18 203 24 67 248 169 189 191 239 230 242 181 155 204 162 255 208 178 203 255 255 255 211
182 255 255 190 21 136 2 104 3 127 97 37 255 234 66 5 147 217 178 201 79 232 98 217 116 150 146 138 236 125 157 200 255 144 104 225 148 88 146 42 55 166 132 152 195 139 4 120 108 154 99 156 141 224 178 188 253 229 186 255 62 11 71 252 122 159 64 241 156 253 194 202 104 106 150 114 230 11 255 64 94 134 255 255 255 191 220 255 244 178 21 170 249 109 235 145 249
131 255 12 209 195 43 233 36 115 27 253 74 26 75 127 217 255 177 8 83 255 0 175 217 9 195 255 107 179 148 98 138 71 163 167 220 26 142 164 62 102 6 241 51 124 108 170 27 217 18 105 255 177 96 209 201 97 21 8 224 125 179 100 232 0 17 234 187 255 251 255 65 202 183 253 87 127 206 183 21 255 66 255 255 176 255 222 208 255 198 255 255 255 255 199 255 255
36 56 210 161 57 255 101 90 4 32 153 117 255 195 62 172 255 30 116 101 253 42 232 54 100 100 143 15 255 251 191 78 153 15 255 87 115 31 135 50 65 204 255 134 168 229 147 164 19 225 255 144 196 216 178 255 33 158 2 195 182 213 218 147 26 193 29 155 105 148 225 204 220 21 167 185 23 177 155 255 255 225 242 135 248 247 238 64 235 130 150 193 72 133 179 247 241
67 140 184 251 38 74 204 130 201 65 231 166 241 207 255 43 64 178 4 235 255 191 132 127 209 251 159 51 47 230 255 255 28 255 227 152 114 0 242 101 214 2 253 52 83 148 185 167 235 184 142 11 185 171 2 32 141 45 89 139 107 134 4 231 246 70 255 254 230 166 187 111 193 142 226 104 255 199 63 214 194 50 209 255 255 175 168 24 19 210 68 231 150 229 76 255 51