76 27 38 3
100
77 152 91 217 118 60 28 99 29 68 1 52 100 162 186 37 113 208 3 44 51 230 121 102 44 0 61
94 233 169 55 0 0 0 159 71 175 28 0 66 250 73 75 140 29 43 132 8 130 61 16 53 196 0
194 0 220 46 243 1 0 33 183 21 139 135 20 141 0 55 107 202 173 46 223 255 139 211 9 135 79
105 227 50 188 95 89 79 200 198 197 240 90 36 46 79 96 40 225 0 39 82 114 11 216 179 71 63
183 239 104 234 40 64 255 79 37 42 78 24 144 43 246 0 220 45 0 121 226 0 21 26 119 148 207
24 105 218 116 0 40 149 102 99 206 227 43 38 161 114 155 19 7 173 0 18 140 44 252 41 158 241
15 99 26 10 55 195 0 50 0 0 53 241 196 83 0 46 84 100 71 5 169 26 60 159 13 14 29
39 74 62 128 0 238 144 238 89 75 27 27 237 103 240 107 58 38 10 184 211 64 202 242 6 43 174
96 193 91 61 100 180 159 32 137 62 224 222 82 87 143 19 232 64 14 239 85 226 86 170 35 246 79
184 209 105 82 156 62 49 195 32 85 246 208 150 0 54 178 157 32 66 241 154 181 184 63 19 158 6
226 63 178 102 106 56 226 175 241 209 211 49 89 121 28 96 223 230 118 27 17 92 76 16 121 116 106
36 89 17 117 144 152 28 85 86 13 54 70 11 111 154 102 158 89 46 60 166 15 110 34 78 241 255
161 164 105 244 183 242 175 0 139 135 12 0 149 107 156 69 93 78 13 236 98 133 193 111 137 61 29
233 14 172 127 165 122 87 47 133 1 0 246 94 141 0 0 247 182 41 59 239 41 17 38 83 83 100
103 38 19 106 34 64 0 1 233 36 214 175 238 71 105 85 60 28 15 67 0 200 33 158 48 15 86
6 210 0 0 190 243 3 222 52 7 59 0 20 193 28 54 183 197 183 237 135 244 23 196 133 17 247
106 217 65 66 0 230 145 205 1 0 187 40 225 0 125 6 27 65 0 94 167 0 3 44 155 49 0
79 120 0 224 0 140 253 0 122 31 73 222 0 35 116 37 123 117 0 0 108 0 112 0 9 48 126
164 109 51 229 58 25 255 246 232 204 31 91 251 59 196 158 11 42 0 87 39 127 17 111 152 36 0
182 32 239 218 0 186 162 14 204 31 166 255 152 228 66 124 29 139 211 147 122 92 0 83 69 26 62
173 65 152 1 33 133 136 232 224 160 142 73 210 88 110 177 52 0 154 111 118 15 105 59 0 162 182
121 197 133 189 38 62 136 61 123 44 11 90 109 110 43 46 81 21 153 90 170 187 228 0 11 67 127
199 32 126 213 65 40 158 223 26 72 91 0 115 108 222 237 45 159 127 248 27 0 159 111 70 10 121
253 210 195 0 54 30 72 129 117 150 48 211 164 15 8 251 201 191 231 174 0 73 177 1 213 0 59
214 184 84 49 8 177 200 135 208 35 214 179 38 220 167 205 0 24 0 119 59 205 5 45 142 191 221
239 2 78 129 47 31 156 0 201 0 179 7 30 50 26 0 41 238 196 221 95 0 92 59 35 240 0
69 71 212 231 155 16 51 116 213 66 0 99 2 137 164 0 181 130 31 162 173 251 252 151 93 153 49
119 61 116 209 0 180 217 18 33 182 177 0 99 80 154 208 0 34 8 100 77 8 144 156 0 218 154
182 101 64 0 65 17 4 19 0 3 211 0 0 66 207 125 169 58 0 106 14 162 120 133 59 28 90
207 39 129 205 47 61 0 1 8 0 248 100 182 32 238 53 75 42 117 149 89 66 116 78 11 91 84
152 222 134 2 8 93 223 81 45 210 118 30 248 96 217 236 37 142 102 0 63 226 23 27 3 0 176
70 126 6 34 206 242 0 153 100 87 250 82 177 44 1 48 136 158 247 105 58 171 8 109 131 204 0
208 49 162 35 0 103 161 105 88 0 62 50 206 25 163 0 90 211 176 145 88 101 182 136 233 96 0
38 200 235 18 137 177 85 187 23 201 223 59 137 2 49 200 159 65 74 249 76 27 9 130 235 3 126
171 242 75 69 97 129 10 51 187 86 63 74 75 213 22 218 73 201 249 141 31 45 105 135 113 101 74
82 47 0 55 61 0 0 0 134 148 40 244 19 29 117 83 1 63 231 10 74 13 126 112 150 181 80
0 28 0 72 0 100 0 254 212 19 50 159 19 246 187 227 91 167 132 146 194 12 226 209 50 32 98
97 22 11 201 0 0 0 24 218 239 23 135 95 89 43 0 246 18 27 70 154 234 85 0 207 63 215
0 0 0 27 0 0 0 247 243 249 71 163 99 192 0 45 42 0 102 84 81 0 184 218 37 132 208
70 76 0 0 75 45 75 228 12 40 180 117 175 220 61 87 0 235 147 135 200 16 168 162 238 33 111
50 0 2 41 71 9 42 25 47 198 9 76 51 71 69 118 151 198 125 123 218 63 76 0 13 15 177
222 0 91 85 100 97 10 45 0 81 128 56 162 133 107 0 233 66 6 66 232 222 123 31 96 175 9
171 158 15 74 125 0 229 56 197 0 24 69 76 115 19 21 18 57 62 214 181 187 158 211 177 76 243
0 0 0 141 74 35 136 50 58 44 42 37 227 7 113 120 1 98 151 194 53 224 8 175 179 68 149
231 51 12 130 30 0 216 226 52 151 16 0 49 48 195 233 222 109 19 99 41 120 211 209 34 88 143
13 211 84 207 191 154 244 116 93 207 77 106 53 53 134 169 61 188 112 125 0 25 213 113 208 117 24
77 49 23 108 177 76 89 27 33 109 76 26 0 114 215 135 193 210 12 147 92 103 98 88 54 128 75
0 172 106 128 249 241 117 47 248 158 0 174 223 32 132 47 76 180 0 244 109 108 250 252 127 112 151
145 40 42 112 84 253 69 218 145 234 60 232 68 233 132 24 0 165 144 120 66 160 39 65 100 96 65
104 205 37 84 123 75 194 0 82 84 236 46 12 0 0 83 172 59 74 97 151 0 148 34 46 206 98
145 19 222 91 64 146 200 206 176 60 3 112 26 203 195 189 58 194 250 224 52 36 175 55 208 129 46
168 67 250 160 37 28 27 153 193 137 107 203 231 140 48 100 0 56 54 92 79 153 13 136 11 40 87
173 2 14 169 112 225 224 88 200 51 2 166 215 66 33 124 39 76 105 76 96 16 162 99 11 167 159
34 0 130 111 65 0 234 40 67 0 231 171 33 147 98 25 3 6 29 77 13 18 254 61 28 121 37
131 192 71 44 0 43 113 0 21 41 214 86 190 201 107 230 133 97 192 90 237 70 91 161 235 0 47
207 109 0 247 57 45 235 196 0 156 0 34 78 204 47 68 170 158 68 148 0 221 222 177 16 23 42
156 166 229 158 75 14 30 110 46 63 42 25 179 165 130 106 133 0 103 32 230 19 12 46 130 205 172
74 108 71 203 41 0 96 11 35 111 86 160 20 133 0 46 61 247 0 1 18 23 14 162 60 255 123
0 162 91 238 181 87 146 14 0 4 85 97 0 7 53 211 72 31 35 206 60 27 179 32 92 131 110
159 231 57 80 0 75 245 101 173 172 83 42 198 132 154 160 50 74 0 228 9 14 130 94 48 0 0
74 68 101 163 67 27 13 130 54 0 122 37 243 77 20 243 56 205 232 191 20 81 50 5 150 114 18
100 47 73 0 152 105 8 224 201 38 184 190 107 242 162 87 84 10 4 0 198 184 118 56 187 56 11
67 90 57 233 209 210 207 67 0 246 0 129 253 108 63 20 24 16 15 240 255 32 93 45 22 110 0
0 111 216 41 17 60 12 134 22 57 20 109 26 135 63 243 8 147 200 73 215 61 155 0 2 72 102
122 25 62 195 136 99 0 30 105 145 9 150 89 26 68 0 249 36 22 177 84 0 123 217 19 0 92
157 121 84 75 208 28 16 68 101 31 224 60 38 168 211 98 150 131 85 45 0 37 212 185 125 2 72
250 175 214 219 36 0 221 64 47 17 250 94 77 51 85 217 0 201 61 131 182 4 0 111 145 185 0
179 158 169 226 198 69 130 130 31 17 191 43 215 93 94 66 22 57 23 79 0 39 12 0 188 77 136
74 124 248 92 61 201 48 0 79 232 233 89 235 14 232 60 49 78 195 6 0 77 88 242 57 0 216
104 92 3 68 21 226 85 134 0 30 144 99 212 231 89 44 220 8 209 57 30 109 215 110 146 102 244
14 251 56 149 200 0 79 114 29 0 62 134 219 120 147 162 82 26 205 95 115 198 208 92 117 0 130
12 142 143 35 207 118 0 75 5 237 82 208 176 57 74 0 36 218 79 9 220 0 194 45 37 11 0
167 47 213 92 68 182 228 212 85 58 68 252 13 138 25 115 66 0 124 0 117 147 241 126 26 5 39
109 21 18 0 108 193 228 134 111 187 106 207 161 56 189 132 246 216 117 8 78 31 42 124 54 249 107
220 108 182 0 119 77 88 174 40 151 0 156 0 59 130 84 107 243 254 18 91 191 143 42 133 106 240
38 219 232 59 143 230 41 44 122 27 245 112 0 120 210 20 133 15 98 9 160 245 34 61 208 163 49