16 22 11 2
6
84 10 171 21 67 138 219 215 72 251 110 136 249 16 227 60 22 26 148 24 20 25
254 90 88 19 144 68 40 24 226 180 195 112 197 97 21 116 28 76 210 141 200 25
29 184 110 161 212 247 34 146 23 19 170 139 35 77 119 160 23 130 206 144 66 93
26 19 23 29 5 14 28 24 25 39 28 133 25 27 73 158 16 253 29 65 157 118
25 27 27 28 23 28 27 24 160 27 25 4 255 196 194 167 18 76 114 145 188 37
27 19 24 26 23 24 28 30 23 26 29 83 30 23 193 11 8 237 195 27 20 162
27 13 20 24 23 30 24 19 26 19 27 29 197 54 254 180 188 163 24 18 203 166
23 30 24 27 72 25 198 113 24 47 28 89 64 213 27 59 172 26 14 27 114 218
24 20 20 24 108 25 19 21 29 28 19 195 218 155 14 24 253 125 131 25 130 160
25 24 248 27 23 21 27 25 18 179 26 166 217 195 68 87 19 164 24 247 18 188
21 24 27 25 237 23 29 29 245 20 28 7 207 102 200 58 38 27 49 86 210 191
21 23 19 26 22 28 25 24 26 18 136 23 71 172 21 135 218 250 28 3 152 133
20 29 21 23 173 27 29 30 28 26 24 82 24 176 209 24 174 78 30 64 37 68
29 30 26 24 27 24 28 18 27 23 23 24 84 96 200 158 64 22 25 248 69 7
249 216 22 27 25 28 19 21 27 20 68 91 194 101 25 53 162 123 65 141 23 98
18 27 24 23 18 24 30 22 21 27 29 172 168 84 130 5 100 173 172 25 55 21