85 54 20 45
113
20 118 97 183 36 185 112 212 52 69 1 186 143 15 0 47 94 245 200 59 128 251 211 57 3 121 220 198 129 0 102 143 17 190 103 0 136 148 199 126 156 189 186 103 206 130 114 193 215 0 133 144 88 10
235 82 107 22 72 241 134 112 165 175 108 191 180 127 15 213 161 19 69 119 0 110 87 2 253 116 196 0 12 149 229 237 14 88 125 182 235 85 207 252 157 103 212 131 108 174 21 233 56 188 90 174 224 213
79 187 0 163 51 228 78 83 73 142 69 171 46 177 94 219 47 50 212 86 172 52 31 139 0 210 252 18 78 173 113 189 81 246 112 210 122 46 70 137 88 132 59 147 103 88 8 8 20 187 158 28 214 59
89 220 132 76 234 15 0 235 230 195 232 210 24 18 102 1 140 227 56 101 224 40 168 250 45 86 35 228 17 58 226 63 62 52 55 37 0 193 228 177 192 92 105 32 53 33 156 130 118 220 250 16 0 213
216 130 227 0 66 83 31 17 60 117 181 126 47 189 62 89 79 132 220 131 165 217 5 0 14 156 107 2 52 226 134 56 26 103 130 38 94 172 200 237 50 114 197 106 31 174 113 49 203 164 114 18 53 188
131 178 16 180 253 173 189 218 133 50 114 210 4 204 182 47 23 89 122 123 29 16 177 197 36 172 92 233 13 32 204 121 144 88 18 140 61 0 208 114 143 177 70 214 64 162 21 211 61 240 92 85 184 28
77 87 37 51 253 5 153 43 163 207 174 30 70 155 174 8 15 100 79 0 249 95 16 98 136 37 159 43 26 37 237 22 0 113 244 41 250 41 142 254 118 30 161 20 94 141 82 32 217 76 139 36 120 0
131 184 144 30 13 162 211 223 207 158 157 41 192 202 136 49 164 129 216 0 81 108 101 175 89 0 37 127 247 104 119 35 228 227 82 169 83 66 51 110 146 47 69 127 0 245 32 43 207 245 144 236 22 71
131 222 76 213 38 87 255 81 79 218 210 2 124 141 195 71 127 90 180 162 56 253 16 131 139 79 0 234 91 28 160 56 6 158 216 55 0 21 152 61 109 27 66 99 201 42 247 171 177 148 220 98 125 0
60 10 202 59 0 122 218 181 126 79 129 65 235 58 131 199 156 212 174 193 168 170 128 234 189 83 0 250 235 240 188 83 0 63 128 87 0 85 104 171 227 195 232 130 147 164 129 37 202 105 76 25 143 243
43 0 44 0 173 239 221 141 2 39 43 38 141 0 36 32 17 203 11 0 139 64 75 142 60 19 176 94 113 76 222 123 52 12 84 0 38 127 45 242 127 0 237 128 94 133 0 64 0 58 96 54 14 0
205 39 115 231 198 139 59 236 247 36 90 7 8 39 196 5 97 153 215 117 151 193 248 59 182 118 172 76 72 0 183 42 21 37 19 0 7 0 0 90 0 67 0 29 92 0 153 109 123 0 206 97 0 119
83 255 30 188 190 89 245 30 253 8 165 14 219 104 127 131 68 17 22 114 43 118 176 56 170 35 74 245 248 118 151 0 3 48 213 63 0 0 68 136 151 0 116 55 19 0 95 0 89 49 138 2 39 1
121 238 55 10 43 22 27 72 171 230 74 34 28 227 217 57 71 140 196 148 133 162 122 78 66 220 200 39 164 158 204 132 190 6 40 59 123 28 145 91 117 99 0 213 0 101 129 0 0 156 66 15 0 83
134 72 190 96 225 57 208 125 167 25 196 75 193 122 234 180 154 192 123 85 136 0 121 66 175 11 118 154 139 28 105 93 239 141 111 108 76 0 0 102 0 157 0 152 25 71 15 145 0 15 111 45 0 96
34 4 222 53 156 179 50 159 166 239 21 164 183 32 0 0 39 169 150 3 17 57 200 19 135 232 212 130 14 130 11 253 110 140 0 76 41 125 0 125 0 14 114 100 0 0 0 104 0 0 32 0 7 93
1 253 35 90 38 230 109 92 22 172 161 20 87 246 18 210 109 136 0 213 8 81 245 103 188 62 16 0 35 0 1 162 76 118 109 11 130 70 118 132 61 0 100 128 232 99 0 20 7 44 162 0 21 0
157 76 138 54 182 37 3 38 16 210 243 56 22 157 75 57 124 236 67 56 217 185 64 4 100 225 208 152 182 83 200 117 146 204 17 161 27 23 254 251 0 0 184 32 130 0 25 112 6 32 153 133 92 159
73 53 245 45 92 237 0 154 8 177 147 216 9 175 188 179 61 226 57 176 50 218 170 130 160 160 125 245 173 180 78 12 75 236 247 173 77 0 22 64 0 158 90 87 58 109 88 65 18 0 86 0 29 152
147 212 113 19 149 88 28 119 48 189 76 221 2 88 32 17 6 23 232 48 154 102 217 154 103 162 189 114 177 9 3 234 19 77 80 133 126 122 64 67 0 0 79 36 50 0 60 115 0 0 0 15 0 153
80 0 64 190 28 0 88 122 127 1 109 92 182 128 93 195 125 27 22 81 99 140 228 23 26 103 97 203 232 52 152 10 26 116 83 78 73 124 0 0 105 159 13 162 160 158 0 63 0 160 0 29 5 166
169 178 86 0 137 149 233 93 28 1 99 199 0 202 17 34 215 97 81 92 124 228 84 102 50 224 105 105 100 229 159 39 150 49 192 120 0 103 0 0 78 0 0 0 127 181 0 104 0 157 94 186 106 106
230 45 16 115 3 168 216 10 82 128 193 156 145 9 89 222 190 183 117 163 30 100 157 119 223 97 201 71 174 137 91 132 7 223 238 73 140 0 0 0 65 32 31 50 0 21 87 2 74 0 108 160 58 0
0 112 229 204 111 96 95 242 0 0 185 78 227 181 134 89 211 201 205 136 240 243 101 62 238 195 61 64 148 163 154 204 59 43 227 102 0 48 0 131 39 200 110 0 12 38 0 146 83 137 28 0 0 115
33 117 80 47 184 74 35 4 177 250 95 167 105 10 245 57 69 126 4 172 243 21 51 43 136 71 6 58 246 129 44 162 227 111 79 156 67 22 116 10 0 13 2 158 155 86 140 0 93 100 79 36 0 14
80 201 38 142 38 255 16 206 54 215 177 237 80 65 187 143 133 1 37 171 209 102 7 59 142 155 187 243 52 100 0 174 116 61 107 122 110 0 144 97 38 0 113 10 0 49 97 30 109 92 0 82 9 86
200 6 243 236 161 241 214 112 74 230 210 101 112 84 117 46 0 76 60 188 201 135 51 122 175 11 37 104 208 37 147 116 134 122 134 142 71 126 155 156 98 0 77 86 145 116 6 137 0 112 97 0 138 0
115 40 56 14 198 198 130 227 102 137 255 96 86 110 129 255 31 25 202 0 82 251 120 85 189 151 43 33 144 18 0 46 11 190 124 0 98 70 130 0 0 45 143 0 49 126 159 0 0 0 0 108 0 138
98 193 160 103 6 150 10 89 77 209 44 71 37 3 152 130 102 24 160 181 71 131 17 124 50 97 199 146 149 163 140 174 151 60 182 79 85 133 0 0 53 241 96 89 0 9 96 0 61 0 71 178 157 0
116 196 0 112 71 38 95 0 58 46 110 0 0 146 214 125 186 211 67 64 236 159 207 52 0 143 30 11 148 81 54 199 179 37 142 131 0 86 119 162 26 0 0 1 0 4 218 9 0 78 56 42 0 1
110 1 22 61 91 182 106 153 123 44 126 248 61 47 242 217 80 239 194 74 94 5 148 176 70 54 50 99 50 47 69 15 197 93 140 213 24 0 161 167 149 77 5 9 0 14 147 0 12 111 125 147 35 96
46 89 137 224 111 143 31 234 65 136 31 83 194 81 224 8 4 171 62 170 52 204 157 168 0 0 109 105 154 43 44 172 94 187 214 197 167 11 122 12 44 170 162 203 144 195 57 219 147 116 109 133 0 29
173 73 56 55 113 61 178 181 151 177 182 203 193 252 156 23 70 228 222 87 130 54 175 23 52 116 10 166 196 72 188 117 183 0 23 101 176 208 13 170 127 204 127 0 248 118 168 53 4 237 52 103 123 170
0 0 0 198 186 53 19 0 37 74 107 131 182 15 93 107 155 220 0 49 19 54 23 47 61 48 171 87 51 253 42 61 102 204 247 221 189 123 117 103 14 174 107 227 143 4 133 162 0 95 94 219 22 49
50 36 66 11 14 251 88 123 13 110 2 53 13 34 182 101 213 64 234 21 202 226 56 144 17 107 194 52 123 62 73 100 159 136 38 18 129 116 159 128 204 54 40 119 103 0 46 122 7 41 76 122 168 100
241 42 187 0 193 245 21 50 123 64 99 126 16 139 14 189 105 131 239 90 227 207 232 0 0 36 145 27 33 112 94 125 24 203 192 198 91 124 100 200 17 115 34 251 157 148 153 137 66 18 77 132 90 211
123 51 169 69 44 160 173 24 0 86 220 16 218 100 134 64 27 81 27 67 169 213 86 228 15 9 152 5 149 38 131 154 20 82 111 11 142 194 178 9 78 232 124 0 163 0 0 89 184 53 127 5 60 6
15 147 17 10 156 87 88 43 34 135 237 0 169 136 101 92 56 6 109 121 185 179 26 0 72 0 0 64 9 241 10 92 29 21 93 174 8 62 62 245 119 154 162 99 132 141 235 84 161 204 79 229 155 160
199 93 200 115 253 163 120 45 3 124 65 40 179 34 229 0 202 146 243 66 192 6 237 61 108 25 11 75 40 196 165 75 210 185 61 67 123 28 142 199 147 68 0 151 163 77 0 23 100 169 69 189 62 50
209 121 82 194 168 118 78 0 168 100 68 148 240 86 196 135 15 16 190 146 144 192 58 4 158 16 5 14 28 6 116 97 4 0 126 104 120 146 92 25 207 118 251 32 83 0 1 46 250 89 0 88 125 188
251 104 213 228 13 27 163 239 29 46 19 115 29 82 82 211 145 37 126 11 11 180 21 185 23 94 144 124 241 63 47 86 198 47 56 96 0 66 73 220 147 247 19 90 254 74 33 209 0 152 235 192 12 134
140 179 11 51 226 74 68 10 53 16 191 222 206 152 108 241 26 13 237 19 61 240 206 19 126 52 61 139 234 183 142 213 134 65 151 14 105 128 147 247 163 57 0 185 78 31 103 110 24 166 111 0 161 52
166 248 12 13 254 125 0 94 139 232 149 58 127 0 53 140 131 41 225 110 111 128 80 161 183 254 36 245 1 0 213 188 7 93 44 0 108 62 146 37 16 40 113 84 227 226 223 0 114 144 231 69 44 154
165 0 245 214 94 197 72 143 176 247 142 183 179 43 134 207 153 206 58 69 69 28 15 7 113 181 0 17 141 244 225 178 15 222 227 48 68 236 233 83 117 56 192 140 119 249 229 245 105 95 0 38 8 213
210 220 73 244 207 94 195 2 227 233 138 157 226 33 135 22 86 61 181 151 0 106 216 0 219 68 7 0 70 231 151 176 14 197 94 184 211 137 11 250 77 201 105 12 131 247 46 224 121 42 208 231 100 24
216 32 147 6 111 63 31 1 249 170 4 20 173 103 92 251 4 92 101 67 27 50 229 147 131 152 53 189 84 128 62 177 29 209 159 226 141 59 97 90 198 117 215 198 105 220 73 0 113 43 191 66 110 245
117 203 5 0 75 30 86 22 67 227 58 190 140 103 93 0 201 173 211 136 166 235 37 200 80 0 186 184 187 103 228 116 100 195 119 232 111 176 46 88 99 157 252 36 0 0 236 177 164 173 47 64 61 105
195 16 199 95 0 161 114 223 100 149 8 29 188 80 10 195 72 29 38 0 69 54 105 123 21 0 0 205 63 42 0 49 66 57 101 99 74 111 126 106 0 200 131 40 101 24 126 152 149 19 124 25 152 103
209 78 36 153 154 131 126 138 52 107 33 112 0 2 88 40 150 121 0 86 0 64 75 4 171 90 45 197 91 178 30 14 38 24 118 76 162 178 224 254 154 45 0 161 46 48 0 156 200 132 169 98 0 78
91 192 89 59 24 50 26 133 191 74 26 25 125 28 206 211 100 118 0 98 143 209 247 93 249 159 88 199 192 65 96 15 57 110 246 198 235 29 25 18 113 72 95 211 74 20 240 201 13 91 153 28 110 38
70 148 241 133 112 59 20 24 31 106 157 112 0 165 2 130 104 231 115 123 206 252 152 174 165 105 197 132 49 104 246 0 120 47 149 213 225 18 0 59 183 117 6 167 89 18 93 76 0 255 138 84 192 37
0 54 61 235 197 90 201 108 48 164 88 35 149 209 220 133 41 53 187 245 133 31 25 27 201 121 120 208 111 206 0 68 251 83 114 66 16 0 150 210 218 23 216 95 99 98 214 62 190 104 165 252 30 38
225 0 27 98 119 103 183 175 120 124 55 90 134 127 252 0 39 202 29 143 0 64 3 165 96 37 150 0 27 29 85 205 101 88 41 1 105 86 135 222 74 3 175 71 171 212 95 181 0 215 112 154 161 196
132 92 158 36 236 133 242 103 143 190 0 203 121 132 134 139 29 157 148 188 23 16 129 113 161 173 185 0 137 132 238 151 161 156 235 190 194 0 0 113 15 59 183 93 125 148 178 217 208 44 146 249 173 103
159 224 1 28 40 45 130 6 141 148 245 230 38 47 215 141 99 69 141 8 158 224 104 130 154 196 190 34 118 92 134 187 0 243 47 104 181 20 50 15 165 177 50 36 138 238 241 197 234 250 91 0 190 135
26 172 47 72 121 207 142 224 137 73 49 13 126 234 128 249 160 109 8 30 92 142 0 153 159 118 136 63 187 145 221 114 6 91 31 50 199 88 26 0 24 112 0 52 45 154 117 237 0 224 0 48 199 9
0 40 145 86 7 14 52 153 91 154 24 99 86 44 20 48 117 11 54 26 243 14 118 172 50 0 0 120 127 4 205 109 157 210 10 31 163 158 18 114 151 0 101 107 132 44 160 19 122 216 71 123 0 66
77 125 69 137 223 81 192 162 237 17 251 117 139 74 212 57 17 11 203 120 81 23 75 99 195 106 180 218 189 12 190 204 67 123 162 236 59 11 149 24 115 127 117 187 167 223 185 186 160 254 200 220 63 187
132 114 119 202 70 77 160 46 29 160 71 99 0 239 138 234 70 108 201 179 77 57 235 25 70 29 32 181 41 70 176 212 81 188 137 114 186 163 12 217 68 250 114 83 91 216 136 30 155 233 121 115 67 251
168 111 123 20 14 19 83 161 95 245 222 115 23 249 229 250 80 160 48 239 76 142 32 157 33 205 161 24 0 1 97 137 75 43 152 150 0 233 69 49 146 70 188 112 186 19 108 71 0 244 54 27 46 8
33 160 23 28 172 99 201 74 122 76 68 94 137 37 65 62 172 79 55 244 188 165 153 95 231 179 137 230 93 48 58 187 100 65 104 126 51 150 124 77 0 141 68 15 27 8 64 14 59 48 228 80 0 16
26 9 102 167 164 186 24 186 71 81 9 4 62 166 0 37 87 23 15 183 128 59 66 56 26 126 108 157 23 68 13 210 93 46 101 126 148 84 27 40 21 136 159 56 140 41 6 117 45 124 21 83 240 91
244 111 210 102 0 119 141 225 218 78 123 235 66 34 211 114 0 109 131 202 88 60 196 4 62 75 0 40 250 241 199 11 185 32 172 9 132 26 136 46 31 171 158 90 110 212 182 82 209 11 95 154 74 4
174 48 158 41 14 228 51 0 141 24 122 218 52 1 144 67 105 246 212 251 108 37 35 69 26 56 77 89 75 140 153 24 143 104 4 196 160 66 176 143 206 156 141 178 22 0 109 102 40 224 25 133 6 10
79 6 159 86 209 125 130 251 76 98 0 136 206 89 223 91 156 0 219 36 156 8 16 138 49 25 226 227 32 27 185 0 9 53 171 118 141 93 117 0 108 198 15 84 84 211 138 34 184 145 226 212 64 22
90 164 166 20 12 32 59 107 183 149 119 20 73 226 0 157 16 245 235 228 67 139 154 218 20 211 39 6 80 216 135 35 123 35 178 70 44 0 58 146 104 0 201 242 229 90 0 169 0 185 0 178 233 178
14 60 178 74 62 183 96 8 20 65 114 0 214 0 253 180 63 81 220 148 33 108 138 204 24 204 159 58 32 159 163 116 170 163 161 0 237 113 18 162 217 137 110 234 58 96 84 19 90 62 139 158 102 143
27 201 192 73 142 168 130 87 190 104 206 0 57 89 34 235 47 209 179 12 117 20 233 70 169 163 5 43 18 95 66 178 170 183 208 189 229 57 0 0 182 52 251 195 98 80 0 241 147 0 158 235 219 23
182 0 73 0 15 2 59 77 139 211 0 198 139 43 150 159 224 119 0 180 51 189 221 37 156 116 153 59 14 167 66 192 71 188 97 138 68 56 181 132 210 41 172 168 207 232 242 238 162 107 66 238 112 156
36 132 38 174 139 148 76 143 136 0 246 30 116 172 5 156 18 184 249 37 155 40 189 151 112 148 243 168 179 22 211 96 208 162 45 218 84 194 216 120 120 1 235 231 36 0 162 199 150 20 33 200 140 89
115 72 6 139 21 107 160 212 83 0 0 255 128 123 42 31 153 20 180 242 163 121 107 224 157 227 73 106 23 42 102 130 126 185 252 250 60 67 173 111 0 122 207 153 200 21 196 60 120 81 136 216 114 127
9 56 5 164 89 148 20 0 135 232 0 160 3 154 62 232 168 170 211 169 130 0 61 240 144 110 6 106 32 227 117 5 241 118 151 220 101 3 111 152 237 206 13 58 107 165 249 175 58 19 231 23 117 7
198 35 238 119 16 202 187 157 190 202 229 0 103 237 221 58 132 107 221 83 29 166 170 204 156 165 43 4 200 130 126 27 96 135 176 200 120 105 22 156 94 76 104 142 120 0 161 181 228 50 155 149 178 211
16 104 116 101 144 152 76 162 145 153 177 18 233 201 127 112 191 41 196 224 120 94 207 107 199 139 114 60 59 244 137 163 77 222 78 118 168 50 75 190 184 0 70 32 56 80 104 68 149 56 132 175 192 167
170 132 220 31 9 100 96 164 82 158 138 128 255 102 23 160 69 73 236 79 150 61 18 247 183 211 22 235 162 5 197 205 54 191 194 0 9 211 66 102 48 115 63 47 33 63 43 130 111 121 204 68 232 46
38 0 195 194 67 30 66 136 34 151 154 220 181 26 179 48 70 55 186 90 18 195 223 142 224 169 10 0 239 115 59 166 35 92 43 0 38 106 208 229 23 204 202 4 110 94 90 102 78 213 215 56 135 0
109 76 86 249 211 99 215 182 49 232 41 63 171 143 35 96 81 78 39 68 143 105 175 143 248 176 37 186 0 44 92 0 236 140 16 149 70 150 15 185 90 208 15 0 0 70 170 65 52 31 208 0 0 108
234 159 166 144 68 206 58 218 62 33 128 3 75 0 17 231 114 210 39 117 216 145 126 121 182 72 109 196 104 0 187 7 251 94 170 138 141 97 106 44 237 249 69 26 23 146 228 196 206 0 39 252 126 63
174 71 188 112 52 49 93 218 121 135 169 218 0 77 174 80 87 244 131 211 43 159 188 75 8 42 4 240 111 103 150 0 140 67 167 42 23 75 44 87 130 47 25 193 0 226 67 0 198 158 104 30 159 0
140 101 23 209 118 104 112 137 0 184 150 105 81 0 60 108 86 30 197 139 200 104 158 133 202 254 142 159 122 195 170 39 101 117 0 132 94 227 91 49 198 157 106 127 54 157 230 202 54 192 187 45 168 200
236 0 24 17 190 49 137 109 142 175 53 87 149 30 91 179 180 134 111 188 0 180 55 84 8 155 175 50 11 6 39 171 22 158 35 104 79 191 87 6 234 125 157 38 64 88 109 64 174 146 142 122 148 232
42 31 0 139 124 98 77 133 126 86 154 20 253 157 236 232 133 0 239 0 41 238 196 25 0 202 20 66 55 216 37 48 101 42 169 202 134 133 229 121 153 137 17 72 21 201 237 51 68 39 94 200 150 0
64 230 56 27 219 64 52 242 85 228 219 30 191 52 211 225 76 234 190 75 63 91 236 0 21 94 0 8 188 93 0 142 252 182 131 194 235 114 158 0 102 42 0 250 140 142 68 8 136 24 244 207 152 85
172 216 132 125 0 42 143 52 232 247 86 106 0 79 57 106 71 101 240 69 67 101 251 145 137 162 63 15 65 38 194 138 85 172 102 238 51 123 12 242 45 73 105 146 183 134 145 99 30 129 149 91 148 0
37 3 169 117 50 48 203 97 198 175 183 33 0 152 120 121 135 143 218 181 83 147 204 75 53 161 54 78 34 141 103 173 88 135 116 5 141 34 111 111 129 124 13 50 136 248 209 94 161 8 145 90 239 142