18 93 14 36
48
97 192 11 114 191 159 80 53 56 153 48 215 159 178 102 0 152 207 46 115 196 213 68 78 9 3 134 16 230 184 126 83 146 19 253 16 87 239 16 227 120 37 197 9 41 213 1 240 237 117 5 244 87 153 39 17 229 26 218 142 254 74 192 25 183 47 11 2 174 74 234 65 144 22 183 31 26 44 253 127 230 87 238 76 122 101 80 130 127 19 213 4 127
194 59 219 134 215 72 5 191 40 83 6 7 151 133 184 126 137 47 121 64 221 137 83 178 160 239 61 50 240 52 105 175 213 81 241 29 49 35 65 186 244 33 61 143 69 57 53 199 239 26 93 29 46 2 46 25 2 62 76 128 6 35 55 27 113 111 108 247 134 251 188 4 73 209 74 75 170 163 28 38 154 183 14 82 60 16 65 58 149 157 8 225 103
126 103 67 61 37 183 52 201 192 239 70 192 64 23 27 130 59 92 142 128 44 33 239 26 17 4 5 56 17 55 245 160 39 53 130 83 190 144 205 228 51 210 133 255 64 21 225 114 73 11 178 86 72 240 70 81 191 135 84 201 93 78 18 16 22 254 145 175 15 185 177 33 7 137 149 9 203 233 6 171 191 152 38 205 246 180 55 1 123 54 78 29 105
25 144 79 60 173 249 165 41 153 127 95 0 224 69 251 138 148 92 148 127 20 101 236 5 45 43 200 47 46 208 189 24 156 100 110 120 87 212 201 73 51 89 43 218 189 170 224 186 0 28 164 28 221 4 28 132 45 34 159 54 39 6 160 146 162 132 194 102 55 97 192 1 112 50 141 76 211 53 63 43 38 242 46 54 48 132 9 81 59 253 214 67 6
135 35 71 254 112 250 230 33 222 169 160 107 69 177 88 139 211 18 145 32 17 177 108 229 253 11 31 43 14 89 50 73 16 221 198 144 207 39 89 199 99 158 42 10 22 66 37 38 100 148 109 87 153 29 250 159 103 42 51 119 253 246 59 26 165 227 52 13 198 17 251 35 82 105 43 63 43 62 68 217 214 190 8 126 105 38 204 54 253 218 36 38 137
231 73 213 76 143 222 153 223 18 22 25 31 31 211 196 16 202 4 75 52 100 32 187 77 39 74 84 75 190 177 2 207 57 33 110 64 72 106 27 28 190 92 48 65 148 86 20 80 82 77 64 214 2 45 16 94 136 43 118 70 250 4 237 13 105 38 15 8 29 149 85 79 8 14 102 3 203 32 90 102 228 190 17 2 231 106 240 0 170 37 123 25 144
107 29 65 43 13 59 91 16 68 194 0 96 180 18 181 211 88 162 197 40 213 75 2 13 163 119 95 164 84 67 13 30 23 0 19 36 0 75 36 23 84 60 8 26 20 169 192 230 186 172 54 56 66 72 68 180 109 210 24 46 15 239 130 43 166 223 180 189 190 209 205 66 44 112 154 68 218 0 5 212 120 124 77 48 200 198 7 65 40 133 195 114 246
16 86 99 77 135 89 228 31 87 65 233 166 110 133 12 19 230 103 69 50 124 119 170 31 121 19 44 9 62 6 46 19 27 11 89 59 17 26 4 65 74 13 69 64 38 123 203 40 64 99 30 105 94 46 84 149 228 59 7 138 115 143 6 246 63 87 199 83 187 197 164 141 254 166 75 64 170 13 163 88 2 99 253 88 254 101 141 136 213 111 38 235 20
159 115 229 46 189 89 170 63 31 3 14 106 137 201 158 71 150 82 118 13 146 211 148 231 45 171 254 21 167 45 7 30 29 0 131 12 91 79 76 10 31 52 43 45 25 24 144 158 49 224 42 112 90 203 37 150 19 38 48 98 63 20 224 185 74 20 176 0 58 153 233 33 37 26 14 180 120 158 184 105 84 207 186 94 192 161 131 151 154 82 3 75 103
35 12 27 121 70 218 40 79 206 2 138 250 194 190 111 62 207 28 38 26 37 231 205 52 122 40 248 200 58 19 91 47 30 185 74 73 201 77 222 11 81 30 74 66 36 0 67 79 172 202 194 198 122 110 152 197 126 66 5 221 28 59 249 155 110 228 14 195 53 80 36 55 67 97 9 132 119 183 108 244 200 206 102 117 59 94 82 66 72 174 251 40 161
206 136 37 187 245 229 18 186 39 37 190 214 74 48 66 7 116 221 152 154 214 62 179 233 79 254 156 169 9 5 194 42 0 73 59 53 46 207 43 90 21 23 39 35 42 68 106 165 20 87 29 89 44 211 57 148 44 161 205 82 49 32 143 85 22 246 43 135 158 10 61 244 114 108 137 219 82 135 91 123 185 64 80 97 243 247 68 237 106 95 157 115 24
84 18 35 74 5 162 69 158 212 138 58 16 244 40 30 247 42 199 52 3 29 49 115 74 21 82 32 114 42 50 54 3 12 11 13 13 31 22 74 82 20 22 11 90 35 67 215 212 147 215 16 181 157 158 18 170 85 14 207 88 60 21 211 45 77 226 59 35 137 151 1 78 143 77 90 80 91 163 80 0 124 44 167 25 211 39 91 90 73 15 85 33 132
127 251 43 191 15 94 163 7 100 198 75 146 105 131 47 88 207 221 18 131 100 205 189 142 207 6 26 13 61 90 83 78 36 11 15 50 83 0 199 63 30 82 48 70 70 70 182 48 42 238 203 138 147 129 124 213 5 223 237 235 36 231 13 99 22 112 207 167 14 42 232 100 67 108 149 80 7 104 196 142 100 204 94 127 162 4 5 34 161 151 227 95 139
50 61 14 28 26 181 23 132 48 148 71 190 54 135 13 187 234 26 90 78 139 36 70 66 240 213 177 195 29 27 32 207 31 0 56 43 29 43 21 45 31 42 33 58 64 151 92 146 103 60 112 115 133 89 88 183 45 71 99 41 203 83 224 210 198 67 157 213 242 171 50 50 102 71 228 48 144 73 125 49 113 155 232 201 245 227 32 251 32 73 1 59 37
183 77 170 76 34 217 44 89 171 241 54 178 108 145 5 102 92 15 6 112 7 85 164 126 200 247 252 194 228 0 9 80 0 44 83 81 70 14 33 44 40 29 18 146 8 242 84 86 70 96 237 39 71 195 17 28 241 62 95 52 43 84 38 40 239 166 247 72 173 71 199 200 174 179 10 16 162 234 149 220 235 198 155 1 211 145 43 1 39 117 73 199 18
6 254 4 55 57 118 218 158 243 119 0 39 59 111 155 234 176 16 25 16 216 100 91 5 19 151 77 101 0 81 64 17 68 39 0 2 57 13 13 7 21 3 210 80 43 147 132 164 43 90 228 87 8 133 0 143 40 142 197 98 90 47 213 44 3 13 4 232 33 173 247 72 140 39 223 62 215 250 131 255 35 244 151 85 47 41 83 76 244 26 194 9 113
223 148 234 72 184 130 217 187 59 90 120 90 240 176 138 126 150 0 72 49 30 41 67 158 53 40 28 20 85 87 43 40 3 223 49 22 65 68 91 39 82 27 5 91 63 156 16 104 129 64 235 83 0 0 229 32 34 168 103 61 238 17 222 44 214 58 168 63 243 40 171 192 185 42 55 104 72 4 80 239 4 105 236 93 67 22 10 98 178 184 80 112 131
1 216 14 84 199 220 155 106 25 37 169 11 145 243 15 191 30 38 76 140 162 9 16 40 0 137 20 163 38 76 0 60 107 0 34 83 29 30 56 65 197 30 1 81 18 76 139 8 11 185 22 59 113 207 57 252 66 242 74 68 69 5 165 228 248 65 196 115 213 2 72 223 195 99 137 29 137 231 8 235 115 53 179 17 0 191 253 204 0 196 97 193 145