39 23 32 11
83
169 219 198 14 0 151 50 98 172 114 141 229 168 0 218 110 75 146 193 106 158 83 36
215 241 91 115 163 197 253 192 97 248 226 15 160 150 209 6 16 81 10 65 72 102 157
131 120 136 1 254 162 122 131 50 197 218 176 182 117 79 162 164 135 151 255 224 183 28
128 129 204 7 112 48 46 49 159 84 248 231 36 98 198 80 74 129 122 120 108 178 217
5 25 243 63 152 160 76 133 194 52 187 233 142 223 56 0 222 108 176 168 121 56 179
216 26 215 12 180 185 156 80 229 91 117 184 62 235 22 74 14 224 165 59 190 72 123
141 148 56 47 191 226 41 21 202 171 7 249 203 177 27 73 156 180 125 98 172 74 171
108 219 31 221 15 78 98 249 78 195 205 195 244 124 217 46 55 37 164 219 36 157 141
211 155 163 157 39 217 197 27 193 19 172 43 124 85 25 205 74 209 255 249 159 152 155
197 210 101 198 255 127 164 132 10 75 188 20 255 86 116 139 235 235 79 235 29 114 139
59 108 253 10 12 148 94 207 106 129 120 214 57 87 107 195 23 110 115 229 85 148 51
104 146 110 215 72 120 58 66 194 25 45 163 32 162 234 8 159 224 3 74 101 0 69
82 192 255 198 255 135 158 187 144 187 161 206 219 63 209 206 106 57 152 113 125 134 244
57 246 237 124 255 229 69 75 32 161 48 74 170 37 196 92 63 124 102 113 180 132 155
89 168 125 123 206 26 122 18 213 199 144 237 204 238 143 80 153 5 24 242 153 73 196
225 180 224 75 157 216 0 179 192 39 131 161 182 42 246 146 249 108 235 125 242 81 113
128 124 6 120 138 115 161 215 70 66 140 39 94 212 209 163 51 166 255 164 20 231 193
163 230 212 120 30 179 100 168 91 48 239 190 25 126 233 203 147 239 176 25 168 74 45
54 117 164 115 241 172 225 168 168 230 123 142 58 222 100 95 248 251 131 222 185 69 246
173 225 193 53 141 20 92 182 169 92 38 52 3 232 1 24 140 75 198 157 233 213 238
15 66 248 205 27 187 161 27 14 38 74 93 194 90 110 27 62 110 145 80 108 56 69
154 231 122 9 54 62 209 207 114 146 138 24 77 232 45 217 38 136 82 126 246 96 25
98 172 211 218 224 168 0 132 163 203 219 53 121 75 27 214 195 228 50 114 155 240 154
141 11 212 104 183 21 214 104 188 85 128 126 53 102 55 191 6 255 216 164 154 223 89
21 46 201 166 204 42 211 215 15 38 50 15 6 13 45 243 164 216 151 60 104 111 92
230 200 35 132 197 44 15 163 46 125 102 255 134 89 156 67 6 91 210 163 84 174 197
25 119 246 153 212 201 191 243 250 169 110 193 126 215 208 206 255 227 114 99 217 70 141
187 176 80 118 146 202 153 122 219 255 173 193 220 212 185 224 255 145 128 61 137 21 152
146 247 255 195 128 131 239 111 119 223 152 247 255 176 230 193 201 218 109 150 28 226 9
103 3 232 37 155 188 210 185 196 243 244 188 164 189 255 133 211 201 109 29 242 112 244
35 210 241 224 32 129 200 143 188 227 255 239 177 131 93 246 128 66 172 89 153 228 135
13 174 58 135 254 255 118 155 190 255 193 177 240 255 122 255 255 138 90 130 88 115 250
88 25 253 242 176 119 174 255 191 9 248 134 151 255 240 146 237 202 121 133 215 197 198
188 111 201 106 110 160 0 195 227 255 235 142 246 155 255 250 137 225 148 172 101 42 36
160 249 228 124 47 171 102 255 166 245 143 255 214 253 229 224 127 236 192 34 22 11 228
84 24 100 189 168 212 254 201 255 185 193 233 146 255 238 8 134 227 99 101 92 88 142
117 255 184 179 30 207 150 221 150 242 130 146 185 116 255 151 151 216 51 196 211 250 85
89 100 243 178 113 255 160 147 171 244 233 209 255 160 255 174 169 100 237 213 214 141 74
53 123 103 203 22 224 112 172 54 219 213 226 210 111 255 189 126 121 93 185 67 229 0