74 54 28 25
14
156 26 194 165 206 1 45 40 31 57 237 238 163 144 203 99 95 136 56 35 199 50 111 232 44 92 180 148 73 138 27 6 114 116 104 64 32 19 21 38 32 17 42 141 33 45 40 227 47 149 137 139 55 226
161 223 83 86 222 31 191 61 23 24 47 97 144 29 20 175 254 145 126 18 65 117 221 120 170 27 75 25 101 19 229 130 116 242 155 213 234 120 28 195 130 21 18 14 186 252 30 249 28 75 246 26 2 142
25 163 22 56 90 39 44 47 76 129 125 78 25 148 39 23 197 85 207 39 7 246 132 84 239 27 161 44 10 66 34 167 106 41 93 41 37 235 15 192 23 185 237 97 200 47 219 191 226 57 229 97 83 133
173 207 146 112 150 164 229 24 143 230 123 4 185 218 166 195 58 181 183 255 71 25 226 226 9 232 119 10 66 138 54 16 103 139 36 250 181 22 140 251 209 165 209 87 52 172 92 100 182 145 32 98 149 181
41 0 21 131 67 14 142 61 240 198 192 132 54 214 100 46 177 185 36 31 46 123 196 39 112 190 46 43 165 154 122 24 119 27 155 31 89 144 116 229 179 222 185 161 180 163 36 108 208 37 229 210 32 38
62 107 18 181 194 251 230 10 33 162 20 203 140 67 32 106 30 4 22 72 183 79 82 127 35 134 57 163 236 221 121 113 204 253 71 55 134 143 172 125 25 0 18 149 52 85 33 62 251 239 11 222 23 51
115 235 140 60 40 59 36 2 194 238 45 109 250 56 85 29 245 245 203 173 103 185 34 142 42 109 118 178 34 145 247 47 13 16 41 40 5 33 143 154 2 187 153 11 111 242 45 160 200 236 159 38 123 109
19 182 69 28 181 19 225 19 35 202 35 67 216 38 106 110 28 137 94 146 217 35 41 17 123 121 240 24 147 33 241 194 88 219 20 133 43 140 28 29 29 83 212 73 85 152 41 34 101 178 20 34 75 51
112 62 89 90 180 207 216 40 4 107 31 185 107 61 39 119 214 79 71 171 232 201 23 49 39 204 186 54 251 42 205 5 238 40 148 33 35 212 39 23 153 36 207 230 45 5 154 122 103 23 224 72 153 39
44 77 77 219 67 26 43 216 194 27 36 142 203 111 156 100 46 245 130 167 48 85 16 139 204 24 200 37 14 10 39 111 167 133 155 133 32 159 29 203 35 16 201 139 149 138 103 28 50 45 28 37 165 155
82 207 236 44 200 188 39 44 38 128 23 41 96 6 97 62 167 34 44 78 72 207 39 223 22 119 168 192 47 51 196 154 9 43 227 234 58 64 212 222 189 86 207 86 12 131 155 126 96 45 163 219 53 22
127 37 179 18 80 145 35 18 44 32 149 149 119 119 23 2 35 198 52 36 15 248 193 53 232 36 10 104 52 102 153 195 38 242 15 180 134 35 178 26 116 21 212 167 196 193 202 4 12 42 34 143 249 38
41 238 23 16 29 22 19 193 136 84 240 130 166 130 32 164 23 120 45 151 109 33 8 37 30 28 122 213 239 214 41 51 251 150 97 157 71 7 61 248 141 45 235 8 29 46 72 112 46 154 49 48 30 230
24 188 52 250 108 170 28 164 193 200 179 233 222 72 170 47 41 178 161 24 144 233 81 98 20 1 240 241 213 19 41 58 58 5 42 25 46 125 74 75 5 108 105 19 16 152 41 250 244 29 24 66 33 118
34 150 251 118 211 27 102 54 81 152 20 248 31 200 234 47 37 173 26 75 239 114 44 228 166 131 204 43 148 82 215 35 253 0 50 96 35 46 83 71 165 69 58 42 107 58 134 40 219 130 33 35 168 208
85 214 246 86 253 28 46 22 104 121 195 13 223 186 171 19 171 231 30 33 217 184 1 34 107 145 59 228 29 74 188 3 113 45 178 24 194 84 22 179 42 199 210 54 206 208 129 51 49 129 10 102 122 193
175 94 30 116 157 20 135 102 4 94 103 37 20 46 97 177 29 32 78 98 106 195 146 47 183 14 190 32 2 204 38 250 231 230 98 83 222 105 28 21 37 95 172 55 107 253 123 128 88 10 45 61 131 28
29 174 109 173 45 143 32 5 152 26 232 128 80 36 25 112 217 100 108 42 174 54 92 52 82 248 180 87 202 33 193 0 90 184 24 3 189 27 143 102 198 230 221 38 252 9 128 175 239 77 121 27 115 21
20 171 102 185 15 64 59 47 40 38 90 13 44 133 65 106 102 166 22 40 181 35 98 116 174 126 46 29 144 75 76 12 22 39 96 159 175 147 4 179 181 0 19 24 188 191 35 45 32 39 83 105 95 51
121 144 201 40 67 24 152 110 55 27 34 31 57 27 41 30 28 112 43 28 22 24 43 19 43 24 46 21 42 19 23 40 25 19 31 213 99 127 206 250 83 40 35 19 189 255 245 25 163 28 121 148 44 23
35 213 216 150 28 47 30 97 114 136 23 161 190 122 31 65 37 39 170 97 38 26 47 36 45 39 23 36 26 45 21 22 119 39 32 76 44 47 19 44 91 145 95 234 60 207 15 248 110 13 247 186 18 49
204 155 19 151 46 167 27 149 23 96 45 165 42 92 254 179 31 42 29 26 29 21 24 35 41 34 20 75 47 34 139 25 147 31 19 222 73 40 29 50 146 23 99 26 35 221 155 35 43 24 37 139 161 29
254 6 46 86 228 254 85 91 26 63 114 46 183 246 208 145 32 34 27 46 27 38 41 29 44 46 42 31 42 26 99 23 28 27 34 3 55 35 43 174 235 142 37 83 137 247 174 32 192 63 104 80 62 30
40 227 184 34 78 76 226 221 222 40 206 26 28 188 158 41 21 39 39 158 41 39 26 46 26 19 25 217 37 31 35 46 43 43 22 37 68 123 72 40 39 123 24 34 75 68 21 5 36 19 220 139 220 45
246 198 226 187 176 209 33 4 1 26 131 139 193 150 41 26 26 33 43 26 36 30 47 43 30 30 47 40 40 19 26 43 45 36 26 35 254 31 173 178 214 143 69 208 123 157 60 144 31 205 137 238 129 193
239 230 94 83 52 152 234 117 120 29 188 19 47 33 146 210 25 35 19 65 32 27 27 45 29 37 28 42 38 24 33 254 21 38 110 24 36 175 49 84 42 246 33 180 26 64 84 78 83 108 20 251 46 34
39 64 188 33 32 45 183 182 246 65 132 197 97 44 39 27 38 35 36 40 42 23 46 33 44 26 28 40 44 33 23 32 35 46 23 187 108 118 26 98 92 46 164 177 211 134 22 218 183 32 242 185 199 147
159 171 197 26 70 31 234 40 35 39 29 47 32 52 90 69 26 34 24 47 44 44 28 24 33 40 40 44 33 30 41 19 29 37 44 82 35 79 47 216 19 79 222 129 92 21 95 92 203 39 50 40 235 117
123 139 23 156 23 243 114 37 38 23 14 43 151 57 20 31 43 39 31 19 33 44 39 28 46 30 47 46 27 46 26 32 34 30 23 95 80 231 44 6 173 238 153 212 194 202 73 33 31 101 223 10 146 42
45 173 107 37 99 27 47 33 31 34 31 52 10 111 13 88 148 81 23 27 26 33 24 32 38 87 40 19 41 74 21 19 25 27 47 178 240 118 99 122 61 151 46 205 244 59 167 34 246 39 24 211 169 75
146 143 37 249 190 227 50 186 125 137 27 69 180 107 37 16 41 43 31 38 23 30 239 46 21 34 29 38 152 41 194 33 11 22 25 252 17 136 34 158 64 208 41 97 87 21 194 169 146 94 168 67 25 31
98 237 210 41 85 26 190 216 247 24 201 24 50 105 146 43 40 31 27 29 44 24 37 47 22 21 19 174 30 19 33 35 46 40 45 68 46 70 70 221 234 113 45 214 193 77 22 85 205 44 120 143 4 231
192 32 66 163 194 95 58 32 200 24 41 113 36 188 43 89 25 19 29 30 221 28 44 33 183 34 50 33 43 24 21 36 27 45 27 82 128 19 131 21 235 195 34 52 24 45 177 186 146 240 26 64 20 79
38 150 15 94 18 8 226 184 102 48 39 26 49 38 127 13 25 41 32 87 29 46 28 219 32 21 42 43 210 40 29 45 45 21 36 112 43 46 25 65 72 107 164 246 68 234 35 26 58 94 36 45 38 24
50 119 33 165 193 166 136 33 125 30 38 86 21 98 194 33 243 27 26 26 26 25 26 26 131 35 46 21 20 19 50 33 20 39 44 25 237 108 251 179 19 17 22 139 57 178 44 175 37 90 181 11 103 177
137 36 50 70 56 37 192 37 247 10 39 104 212 19 190 193 47 36 41 27 213 42 27 27 21 23 119 39 29 33 35 47 30 30 33 108 180 116 154 7 33 45 52 157 45 42 133 192 88 251 33 61 4 44
123 40 103 41 112 155 33 30 172 124 64 199 77 135 156 45 21 43 147 35 34 36 37 201 205 43 19 37 33 240 41 23 36 39 31 118 164 237 190 126 74 238 198 225 38 32 161 130 90 74 87 187 226 22
25 160 186 162 38 44 178 213 191 220 96 14 46 194 53 158 25 41 40 42 176 33 45 47 29 23 40 24 28 37 33 38 50 39 21 145 177 21 232 46 24 96 32 215 212 4 34 254 86 46 30 45 22 43
39 65 81 33 23 23 22 74 0 61 57 69 70 7 251 43 47 243 234 184 185 33 35 159 17 214 59 130 145 127 42 105 16 39 255 254 26 103 22 121 52 101 218 42 233 232 239 126 48 154 23 154 159 30
146 222 108 30 90 73 134 7 245 105 125 230 178 153 212 107 199 91 78 134 16 192 162 135 179 132 228 49 27 25 13 35 43 75 33 32 28 129 3 155 202 135 62 190 138 230 120 168 45 8 71 110 24 29
122 107 101 31 213 4 36 210 47 137 173 16 60 90 173 121 42 53 145 207 156 28 142 110 49 221 102 250 95 12 154 35 209 22 192 255 53 245 2 88 35 15 228 253 151 118 107 241 139 73 33 83 104 69
133 101 241 178 244 16 24 100 138 22 136 252 183 150 33 14 162 167 194 224 153 124 166 44 234 17 211 31 158 77 43 133 150 10 92 240 36 26 82 106 32 5 192 139 201 195 62 38 40 225 125 32 40 50
166 96 39 211 4 29 93 215 140 34 37 253 179 117 192 143 6 72 161 5 80 28 43 205 238 26 230 34 195 46 128 54 34 45 122 29 192 60 5 208 45 245 21 42 200 86 141 224 140 179 236 39 24 225
38 37 14 76 26 132 140 104 122 106 148 41 46 137 235 190 191 23 221 161 44 24 129 202 46 21 38 144 248 26 74 151 47 161 101 89 61 38 80 121 19 196 146 23 182 14 55 125 7 232 179 21 92 203
185 42 122 109 35 109 27 59 190 29 118 90 19 251 21 77 24 176 31 103 189 176 41 28 168 244 28 25 58 147 229 124 210 167 152 99 19 25 143 180 96 228 39 39 32 208 202 176 45 164 26 136 38 20
216 47 77 251 109 130 45 19 157 16 143 30 207 224 29 211 202 115 35 22 41 28 139 10 133 96 89 3 98 147 95 29 247 118 43 225 45 194 9 176 223 7 67 21 13 115 28 181 246 147 51 247 222 236
52 24 88 208 19 86 184 91 138 220 43 4 214 130 31 114 219 189 201 55 154 203 119 115 106 45 12 118 95 220 105 25 75 20 82 37 22 21 44 130 28 40 26 25 38 31 4 115 192 30 117 226 2 226
199 199 134 248 154 95 114 59 118 56 156 18 76 2 72 217 91 149 170 97 202 138 38 84 16 13 217 44 23 63 20 37 248 39 172 155 237 71 200 74 205 115 4 46 27 105 116 72 129 90 9 22 50 101
51 205 40 215 65 129 43 57 247 255 195 45 213 84 6 48 28 42 42 151 29 240 59 20 6 172 22 200 245 160 126 206 126 224 20 23 26 35 57 35 238 48 186 140 41 210 231 46 122 33 115 253 252 252
228 97 23 137 211 27 20 229 47 120 103 239 246 37 39 19 33 190 148 83 3 247 131 34 126 142 123 192 24 252 74 96 14 212 54 37 81 141 40 213 85 223 28 201 28 248 252 237 149 140 93 38 39 19
26 154 46 29 53 45 28 14 109 26 64 17 73 69 124 25 112 163 1 42 29 225 19 35 117 168 178 132 73 159 137 84 51 47 201 66 193 65 21 203 41 111 191 164 53 92 36 10 33 134 98 27 157 4
188 52 214 19 192 222 41 49 22 154 93 135 185 190 159 51 174 76 182 53 96 136 33 149 245 183 199 32 72 103 162 136 197 225 42 72 26 38 16 36 87 182 75 129 63 84 60 227 44 218 225 74 25 210
226 244 15 95 68 21 235 46 146 110 95 251 109 221 130 155 197 31 26 32 46 35 167 74 29 21 54 55 15 41 157 26 169 52 226 5 229 185 118 24 236 117 61 229 236 151 31 124 189 61 234 13 155 248
31 32 5 171 29 41 255 111 41 111 251 3 119 223 22 39 11 47 82 241 9 21 20 149 231 36 44 97 154 121 115 22 194 249 152 198 38 219 236 62 88 133 251 194 38 158 42 154 100 218 37 55 115 24
104 211 218 83 176 252 196 43 199 189 160 155 183 32 5 45 87 215 94 234 19 41 45 71 24 167 229 39 200 175 103 74 137 167 84 169 33 149 37 29 240 207 241 251 251 244 46 211 32 8 213 83 84 103
27 44 166 32 40 230 114 216 213 33 19 187 84 155 30 240 90 67 179 58 186 132 67 1 35 136 249 230 196 114 30 187 200 151 93 208 234 197 36 73 76 209 105 41 224 110 183 235 21 120 92 47 91 134
42 0 163 49 17 222 122 105 206 11 21 74 40 249 96 19 24 34 221 212 227 24 74 207 20 51 38 41 41 17 224 32 20 117 46 146 181 15 151 179 62 38 7 46 143 152 134 93 238 193 51 107 4 228
225 38 37 14 63 82 166 42 88 247 206 235 111 42 158 221 178 227 67 236 152 23 145 23 151 29 232 122 36 28 165 239 41 197 99 57 200 27 182 188 206 129 0 170 170 178 22 228 190 41 34 249 49 184
198 27 41 242 210 42 226 204 251 138 217 153 17 235 157 80 44 131 127 42 185 143 11 198 247 41 227 147 84 102 230 58 103 100 194 23 139 157 46 241 208 181 178 202 0 174 213 29 150 217 140 40 1 58
21 185 194 0 109 146 24 125 21 26 72 107 247 199 4 229 59 27 24 25 223 202 13 254 44 111 97 104 212 33 45 95 40 22 255 219 133 233 61 44 34 226 67 200 7 88 25 102 51 29 229 23 167 40
24 83 30 128 87 74 13 137 44 66 37 36 44 34 149 75 192 5 79 202 224 33 251 25 105 92 102 144 117 171 216 15 39 29 1 33 228 240 45 7 58 22 37 93 183 46 10 98 199 204 28 168 200 233
43 25 95 24 223 164 74 122 194 113 114 150 223 186 153 42 211 13 247 63 197 28 25 27 21 28 37 22 21 27 19 219 37 30 220 0 81 33 231 96 247 47 24 12 100 46 56 66 37 29 71 104 0 166
243 12 129 43 46 22 63 103 184 146 153 241 44 216 22 252 192 192 26 194 25 45 203 171 206 204 149 62 22 21 251 41 193 217 106 119 251 128 115 232 219 103 26 133 184 0 47 170 217 22 150 40 228 111
37 255 246 15 34 122 43 35 151 33 19 97 75 35 31 41 123 201 45 142 30 130 206 41 78 28 143 173 20 45 152 110 174 186 195 71 189 9 225 42 147 170 37 62 137 37 200 216 166 180 20 43 35 107
185 37 212 210 175 42 30 151 158 160 150 83 185 175 229 216 236 27 126 19 234 249 29 159 116 154 93 181 236 169 32 108 172 52 94 74 241 211 245 42 141 230 34 215 30 32 209 60 75 28 233 65 180 231
42 143 90 30 149 76 139 31 113 9 36 33 144 20 225 18 23 251 40 223 54 103 20 43 177 140 23 28 145 70 30 68 165 180 51 39 80 240 186 254 25 50 254 81 249 198 31 31 43 112 60 232 40 26
44 39 205 108 179 91 143 231 58 188 231 235 225 120 61 148 102 45 40 237 139 82 15 162 106 99 46 132 25 47 202 149 1 109 144 97 24 92 46 27 104 28 127 28 178 120 221 104 74 168 20 37 8 44
110 237 178 139 181 175 172 93 59 33 235 68 30 237 80 120 28 44 225 18 22 8 43 105 183 128 102 231 29 39 198 231 130 125 88 143 220 87 26 156 41 132 87 2 79 67 41 24 104 125 141 48 56 67
47 70 44 228 32 41 109 33 167 249 46 85 186 38 245 127 28 45 24 43 171 38 25 46 197 21 55 32 58 111 10 44 7 126 153 39 28 4 36 161 179 40 27 23 140 132 42 66 252 24 37 197 154 219
199 2 43 125 6 195 38 71 23 200 51 90 133 241 3 138 38 43 200 48 250 99 36 78 195 57 174 253 183 248 148 82 1 76 233 134 129 128 86 122 95 184 76 108 241 251 182 213 13 70 254 41 34 32
156 249 106 226 173 241 83 249 17 20 26 115 60 249 83 47 27 29 252 115 168 35 40 168 35 23 237 169 18 36 123 31 5 42 22 175 220 171 40 231 16 31 83 26 32 27 234 40 156 27 23 139 74 38
203 51 167 245 38 34 186 39 130 141 252 186 243 1 40 245 4 1 35 222 238 244 91 254 42 77 52 165 171 231 22 171 252 90 233 228 9 173 39 213 34 13 87 243 225 21 6 38 227 159 183 184 182 109
215 137 21 19 94 40 60 36 21 85 166 5 64 205 75 73 242 149 14 180 248 207 197 52 56 9 4 21 62 183 210 58 107 45 46 196 197 110 103 65 31 212 22 38 20 215 211 145 23 1 188 182 69 96
68 243 200 235 30 16 140 145 20 59 191 46 66 245 38 240 141 248 134 163 6 220 146 7 206 142 252 73 216 127 77 122 115 64 66 48 180 40 44 226 22 164 178 174 173 90 107 6 22 239 191 125 121 41