9 30 2 28
9
139 244 238 81 111 84 178 68 119 10 187 136 211 217 132 245 149 146 149 148 139 141 140 137 139 61 137 140 133 131
201 144 144 39 133 253 42 111 28 17 59 21 129 244 136 70 143 149 137 216 171 149 149 134 139 146 147 140 145 109
10 133 49 149 115 133 4 176 176 173 136 34 107 191 107 38 99 192 149 143 144 146 141 136 147 139 241 147 146 48
205 91 96 132 165 18 145 140 88 229 41 145 71 140 28 164 140 148 149 143 133 147 18 146 133 143 138 143 140 136
191 142 95 132 132 218 94 22 76 183 76 144 240 44 3 209 137 148 210 33 144 140 145 132 136 140 137 132 147 133
209 145 133 169 85 185 172 119 148 205 135 158 148 137 81 251 31 142 133 139 149 138 149 136 135 143 134 144 134 148
134 146 36 225 144 142 116 29 159 148 187 197 28 3 116 107 132 135 144 196 137 148 136 141 131 140 138 142 149 146
183 134 18 143 246 145 169 236 134 6 54 21 226 153 165 228 140 139 137 140 138 141 29 145 131 40 134 134 141 143
50 149 118 146 35 107 145 200 65 27 139 44 166 132 14 17 142 139 140 140 134 135 146 149 140 144 140 149 135 144