72 9 9 4
101
0 173 86 62 76 67 29 0 22
0 67 0 8 0 113 0 43 53
0 76 125 0 8 20 0 87 96
70 72 39 0 108 0 0 42 61
0 29 124 0 0 0 119 13 8
0 87 95 0 61 98 0 210 131
0 0 33 115 87 88 0 15 122
0 7 0 0 27 0 48 0 0
0 116 80 32 0 0 0 0 115
28 109 0 67 0 0 138 0 0
0 80 67 15 20 97 0 132 113
22 55 37 179 96 26 0 0 68
42 0 51 69 58 0 123 0 0
130 71 112 116 154 16 129 0 93
21 2 81 52 68 36 0 55 130
211 115 0 42 102 45 0 0 103
9 34 6 64 89 89 108 0 6
0 10 0 0 33 3 0 112 69
92 0 0 33 118 82 0 31 19
81 66 19 84 0 14 0 103 0
98 26 0 120 0 128 99 4 0
83 0 118 82 59 0 111 34 0
83 0 85 101 0 76 123 91 0
0 22 0 155 0 76 99 0 133
78 44 0 0 23 43 0 84 83
100 0 220 205 24 136 12 119 1
18 207 227 238 9 12 100 85 54
173 119 61 113 0 39 11 147 76
33 92 254 184 123 212 49 94 102
0 9 252 146 0 54 156 5 71
247 0 83 186 221 114 35 141 139
240 227 109 122 176 25 31 88 69
71 187 116 37 131 225 196 63 53
111 168 53 0 91 27 248 13 244
111 224 223 44 6 157 41 35 46
86 59 163 211 31 199 48 76 114
61 112 50 40 15 100 104 42 211
173 68 181 249 85 50 17 120 56
68 109 66 188 20 117 25 177 136
209 34 36 0 80 149 56 231 208
148 27 199 174 164 212 163 187 226
44 251 199 249 212 222 1 131 116
129 93 7 223 251 209 108 0 0
184 73 236 179 167 37 15 34 39
124 207 85 83 226 219 34 93 35
104 224 19 210 116 191 101 118 83
56 0 63 172 102 175 41 63 219
27 129 149 141 73 0 39 144 178
10 146 0 109 76 58 9 103 211
127 111 116 154 61 167 118 11 218
73 222 209 218 228 25 183 123 13
33 176 20 55 228 0 105 138 125
219 118 12 215 235 142 109 88 78
246 219 154 95 193 93 20 198 160
158 195 112 216 190 67 28 243 6
28 54 212 4 164 32 127 34 221
214 160 60 167 21 207 56 142 99
0 44 231 204 238 116 209 122 51
89 0 6 194 52 41 32 0 99
157 73 0 155 221 221 141 193 101
36 215 205 0 0 195 223 231 50
84 120 123 0 9 96 101 127 219
178 117 0 163 246 98 32 149 67
106 173 118 163 166 86 2 35 193
97 134 72 163 0 244 197 0 0
8 0 102 154 76 97 75 26 62
224 113 219 236 0 14 122 59 150
130 123 162 1 173 191 2 155 38
19 114 26 189 72 135 34 224 132
224 47 36 18 101 0 14 102 9
0 105 181 65 0 92 0 84 106
132 228 174 226 79 23 228 154 97