58 9 18 1
121
18 58 223 187 3 172 93 0 251
160 188 0 63 188 87 87 12 55
27 38 153 53 81 178 253 109 152
128 111 75 0 55 128 241 53 108
70 229 93 225 110 79 207 176 164
76 67 116 6 116 24 156 162 80
53 0 31 8 37 0 54 92 0
0 0 49 0 194 124 101 64 0
105 121 63 76 16 69 10 152 0
0 0 0 127 0 137 62 0 4
0 133 0 31 70 0 0 230 31
116 17 0 180 30 0 115 9 0
7 9 104 31 0 0 86 0 0
148 20 20 0 0 88 61 0 22
67 38 0 0 87 0 0 0 113
80 168 0 0 0 0 0 92 93
81 39 0 161 56 0 89 12 48
12 0 100 0 173 92 0 14 187
0 8 57 146 111 0 0 48 37
0 16 125 0 0 0 77 0 0
82 114 0 114 133 12 0 0 86
0 54 181 0 8 130 89 70 0
101 95 0 55 110 0 46 0 83
0 0 100 0 0 129 51 0 77
0 0 42 20 39 49 0 0 0
12 0 5 0 21 0 122 0 85
67 0 40 0 0 0 122 51 0
0 0 0 0 0 0 0 46 50
0 0 112 0 0 115 165 0 0
68 0 0 91 8 0 0 0 0
0 0 82 0 107 20 31 109 0
0 2 0 74 141 253 68 114 20
176 26 169 237 20 0 226 24 215
0 194 22 93 102 12 91 127 65
99 30 107 0 254 53 33 5 106
223 115 8 54 106 205 154 29 7
133 211 64 56 221 236 101 185 136
83 19 0 61 34 0 38 247 105
0 253 25 68 164 129 132 41 22
21 7 224 29 251 201 144 221 57
174 44 73 129 210 130 133 208 29
196 141 0 0 209 207 92 238 83
177 49 130 113 39 77 203 168 167
0 4 95 178 35 252 133 128 10
78 22 169 58 102 56 242 32 89
163 189 157 88 254 39 86 84 0
125 42 183 108 82 120 157 232 50
207 213 0 38 154 240 127 11 173
190 80 71 20 249 64 39 146 222
15 143 155 233 105 0 0 223 145
136 61 29 0 250 170 123 176 95
102 133 27 53 104 45 50 49 141
150 10 38 73 103 220 226 59 22
98 244 194 27 214 52 0 101 125
141 112 69 196 223 0 208 100 141
0 54 110 150 141 74 0 129 37
14 88 101 211 171 191 0 204 207
50 0 199 141 62 127 130 123 172