10 100 5 74
97
17 51 62 93 22 169 187 248 11 109 115 134 218 72 250 145 114 186 25 96 132 81 233 197 29 182 127 16 236 41 99 229 83 173 247 77 216 235 235 118 68 139 149 190 80 0 16 16 187 91 20 188 19 240 19 221 83 218 199 77 197 147 164 215 189 213 99 156 96 172 106 76 5 32 121 132 165 120 44 41 215 98 124 126 71 115 216 41 141 7 69 175 36 49 95 46 109 110 48 76
100 121 75 240 81 117 191 128 148 146 40 73 72 79 151 150 98 163 220 69 69 169 199 28 165 97 76 201 158 225 167 125 157 43 197 104 25 208 144 28 45 40 75 82 212 192 8 88 163 155 39 243 33 209 71 182 21 59 82 72 82 76 85 138 184 76 121 71 201 162 190 157 201 72 136 174 35 46 77 40 137 41 172 211 107 77 162 216 44 79 19 99 3 179 0 175 211 75 83 123
55 19 159 141 52 101 85 129 120 73 241 194 150 196 205 25 243 161 112 50 131 236 199 82 135 111 78 72 150 119 104 96 136 118 40 238 191 63 116 163 223 106 96 71 58 174 133 71 176 10 35 224 68 94 40 2 54 184 245 112 65 71 35 63 80 88 126 119 145 40 122 83 166 112 159 123 198 102 170 135 197 106 172 98 96 136 103 94 183 6 75 192 17 189 39 243 136 156 218 20
211 21 174 253 23 210 215 103 59 124 99 35 162 55 174 130 134 166 82 254 69 246 210 67 25 78 191 185 65 198 151 61 54 174 213 119 94 164 116 77 192 12 106 59 125 199 218 201 107 175 167 66 135 46 4 224 99 51 116 26 76 197 59 24 77 212 165 122 27 54 90 44 213 130 26 190 83 80 57 195 186 148 197 145 79 138 50 100 159 3 133 81 68 156 141 23 209 17 153 27
163 255 41 54 87 27 54 206 192 68 64 89 207 229 145 141 98 46 80 36 10 205 78 32 162 164 240 84 62 18 144 60 189 10 52 147 14 168 246 62 82 147 164 255 40 40 172 137 201 184 48 93 211 193 251 105 196 158 126 120 35 87 97 192 85 211 200 116 173 93 56 198 80 119 33 202 120 207 125 26 100 152 82 132 54 132 99 205 41 157 3 112 184 29 6 166 73 195 202 140
37 184 186 108 142 101 117 82 20 133 197 211 123 193 179 51 154 105 223 160 166 60 179 140 183 225 203 52 30 59 159 243 205 72 22 156 255 1 214 79 195 122 24 20 32 110 99 103 171 194 83 7 210 209 139 70 93 154 208 33 176 65 142 117 172 38 110 127 200 56 45 66 53 195 44 73 45 79 136 207 55 151 53 87 111 139 25 171 84 178 244 158 17 200 218 146 218 152 126 136
52 255 194 128 250 252 198 146 202 250 39 220 183 162 128 93 118 112 177 81 235 127 134 73 106 128 93 175 230 141 142 40 115 2 89 165 64 202 227 132 216 127 234 252 79 4 178 1 71 122 164 5 116 35 13 2 131 66 223 12 136 163 127 142 138 131 54 56 208 156 35 68 128 140 114 81 101 201 33 140 45 47 85 170 116 57 63 110 65 111 98 178 33 56 77 84 192 46 159 254
32 153 34 72 232 2 173 51 53 57 212 165 70 148 44 215 154 223 177 187 156 7 117 30 52 216 7 253 55 36 111 252 159 55 252 141 17 120 134 98 252 208 33 216 111 173 116 179 155 243 8 136 223 65 113 177 36 225 153 165 22 26 56 137 96 31 199 209 112 105 53 114 84 101 102 97 25 119 89 120 71 71 127 63 198 75 41 213 89 218 111 222 166 156 8 72 16 190 53 156
62 163 96 5 26 164 192 167 252 141 188 176 223 22 218 57 56 162 245 186 247 174 94 55 130 232 138 204 45 22 53 133 82 89 142 139 138 11 252 69 227 95 189 70 145 63 213 49 151 70 233 46 51 93 48 32 132 183 124 185 71 130 107 173 204 34 59 106 103 108 103 54 48 166 57 118 65 81 192 149 165 141 45 140 188 124 41 154 24 125 191 210 170 217 147 231 84 111 18 144
101 226 106 141 63 27 239 247 196 7 0 197 29 219 78 95 37 18 83 130 203 97 193 6 12 54 101 59 189 39 90 133 66 169 28 56 241 18 99 223 100 178 112 244 130 43 72 206 45 241 236 144 45 71 57 66 188 58 119 55 202 166 199 197 41 128 193 214 175 51 92 65 140 212 62 88 124 187 153 135 252 63 215 27 54 187 145 186 145 156 235 248 147 124 49 175 79 47 84 181