60 41 15 11
93
229 139 103 212 205 169 212 244 161 148 196 211 27 106 208 147 24 27 122 56 119 113 62 217 212 221 76 52 9 193 65 155 30 110 190 68 228 192 191 39 105
146 53 246 133 22 193 204 177 140 201 177 196 83 51 84 197 192 106 175 107 78 123 167 14 114 244 229 23 107 114 169 9 78 191 204 92 177 146 104 80 133
221 89 207 58 42 234 207 210 74 46 45 163 99 138 109 156 216 92 174 81 85 238 248 171 185 70 30 46 164 248 143 6 55 204 191 13 233 116 202 167 123
108 98 142 50 218 5 52 77 59 152 237 40 21 203 190 152 139 66 14 181 187 144 85 75 99 244 177 114 148 135 31 250 243 67 217 109 217 17 219 6 97
55 123 147 100 199 234 152 199 106 188 112 232 193 64 83 238 163 171 133 146 125 130 25 210 134 221 62 40 7 103 138 33 234 66 131 137 74 21 215 184 1
157 152 112 146 61 53 63 244 165 221 178 254 36 36 84 159 164 246 36 28 244 1 153 77 57 214 236 211 171 166 104 206 217 70 15 147 112 48 96 130 163
32 166 152 235 186 181 101 206 122 121 80 79 111 74 132 108 136 197 38 103 228 232 88 245 42 180 59 162 248 175 108 39 109 145 103 199 204 226 236 165 69
109 12 222 104 80 177 197 97 196 235 107 123 98 113 101 119 108 199 78 201 165 244 185 217 175 124 225 162 36 185 142 175 33 195 113 206 229 116 94 205 128
140 82 79 196 87 66 120 117 197 133 91 162 197 115 150 70 103 216 106 227 103 196 89 9 197 202 121 94 208 192 23 223 124 107 64 226 188 113 152 126 232
226 132 214 213 154 217 66 216 201 117 167 142 134 240 154 226 69 137 175 219 179 78 71 91 204 31 213 70 66 95 96 188 85 165 205 172 73 40 218 169 13
124 93 157 99 66 237 71 163 228 62 178 37 208 201 216 220 187 85 106 133 198 178 17 43 40 115 101 134 189 235 137 177 233 165 133 13 209 125 185 81 165
16 30 171 104 106 124 108 171 140 73 153 172 171 178 176 143 208 197 234 153 204 65 151 230 69 183 141 147 247 133 6 188 247 244 122 121 254 97 226 166 175
81 225 212 82 131 214 185 105 227 163 224 85 160 62 204 141 121 203 158 180 122 78 238 207 221 110 90 126 1 54 69 183 255 50 183 81 20 3 161 78 5
163 15 243 135 124 199 210 65 196 84 68 163 158 143 93 126 239 208 223 219 179 238 198 107 233 137 88 238 68 214 15 124 125 72 200 200 121 144 29 86 187
220 98 121 194 70 221 211 147 79 200 154 102 149 218 165 156 216 87 186 221 130 63 168 141 51 133 251 211 141 79 51 46 13 108 21 138 127 212 106 218 90
117 98 172 155 69 240 235 61 231 116 96 194 195 118 107 118 235 56 40 112 105 136 224 225 48 45 144 34 229 5 145 232 210 126 174 44 166 180 246 7 189
200 147 68 68 112 108 63 93 106 195 199 109 68 69 137 247 214 247 178 168 180 243 72 194 87 152 175 116 69 77 209 53 48 3 216 59 9 83 102 74 101
188 196 70 70 135 183 114 162 177 121 189 137 226 103 92 206 197 195 117 198 106 64 232 17 221 148 86 175 49 236 112 111 244 129 238 81 62 93 111 188 195
114 203 115 102 172 100 136 236 132 110 163 185 60 149 226 172 70 166 95 192 74 176 103 233 8 118 29 164 233 231 78 36 174 111 121 118 7 34 184 52 118
205 82 183 192 254 175 86 204 146 139 168 240 121 142 134 128 127 99 180 92 144 164 192 155 90 203 138 5 160 86 205 95 157 53 28 208 145 99 196 253 178
125 113 141 242 192 167 223 178 244 147 75 221 196 210 179 104 151 230 170 107 196 123 193 138 161 235 6 19 50 143 40 52 22 19 92 223 227 93 253 187 133
138 51 182 115 61 178 99 94 246 233 153 117 219 202 110 170 95 235 77 56 123 97 29 102 66 94 214 158 219 99 82 192 146 56 140 121 184 66 194 154 2
63 231 92 179 146 216 156 221 171 124 102 194 217 166 189 135 179 23 170 204 100 53 225 5 196 237 72 63 31 111 194 115 6 107 179 185 201 17 226 57 226
77 230 194 156 200 219 133 46 90 166 242 99 178 103 247 175 236 201 150 60 178 246 143 71 124 183 41 5 26 145 91 247 172 123 125 19 224 113 51 38 24
135 245 217 201 247 120 89 149 120 133 195 246 113 116 66 132 134 102 156 63 165 219 111 52 186 172 224 118 11 70 80 177 230 49 102 122 237 5 203 55 189
88 222 76 5 173 98 100 150 3 106 212 134 17 176 27 32 164 92 125 214 160 176 127 92 241 183 117 189 73 133 168 97 100 63 225 95 240 97 232 51 102
238 26 8 145 200 119 126 39 201 9 86 161 11 114 238 207 230 0 90 200 191 163 115 115 90 249 229 160 83 143 107 163 167 177 48 238 38 246 51 43 130
115 7 71 186 53 83 156 80 58 83 92 22 2 153 184 158 210 194 168 125 48 182 197 91 96 221 15 161 167 106 221 66 194 182 6 19 136 135 221 135 29
216 254 145 211 246 221 87 209 160 207 221 51 225 113 205 132 61 91 115 14 164 150 48 106 74 234 87 215 175 181 180 94 201 124 249 174 211 16 71 179 204
228 210 60 58 29 227 235 235 78 168 189 201 63 46 241 204 88 121 52 186 97 127 17 146 158 87 25 40 4 37 23 97 6 158 147 24 95 232 60 167 121
137 247 227 156 133 109 153 66 116 224 101 106 161 218 141 101 105 22 103 180 187 102 58 236 134 23 225 253 152 214 175 198 63 139 153 74 103 154 126 81 56
242 194 153 205 189 163 164 82 176 29 102 235 23 197 69 11 126 77 19 53 137 14 237 195 72 104 242 154 131 130 59 170 8 195 62 130 170 118 112 110 187
75 168 72 137 128 240 2 91 201 213 5 229 178 18 101 43 172 149 237 28 149 188 219 180 160 29 84 150 108 51 185 200 102 233 242 189 88 171 0 221 73
81 26 203 95 243 246 230 246 62 220 44 111 49 135 222 78 105 52 117 105 190 240 224 68 184 211 37 165 251 146 48 199 149 242 104 170 211 100 232 27 154
176 225 217 195 218 163 139 20 120 197 168 240 119 162 105 43 180 172 37 196 44 183 22 9 254 43 196 71 84 194 9 8 74 195 74 103 159 112 145 252 45
219 51 96 225 191 154 147 211 209 42 153 90 239 95 232 180 168 238 255 115 232 32 242 83 48 11 155 2 86 150 179 223 144 19 148 103 96 146 81 172 49
215 164 145 223 159 96 118 52 139 168 130 68 62 153 57 206 252 175 35 222 153 160 91 112 108 134 61 157 38 95 142 13 32 208 201 235 73 24 24 5 186
195 36 32 13 122 102 63 223 208 162 227 189 243 118 161 135 153 73 122 234 135 121 200 80 230 77 213 103 204 66 61 11 187 35 140 105 241 204 56 20 53
36 64 27 88 125 194 34 14 32 25 76 202 68 110 41 107 161 147 96 150 43 53 210 128 240 144 125 96 145 78 138 161 80 234 14 234 235 151 207 86 59
65 17 24 151 65 24 78 197 16 51 19 133 7 106 186 31 212 233 217 20 207 22 254 194 195 87 251 194 17 81 48 30 83 86 129 148 165 114 237 81 168
110 130 212 85 57 202 88 237 27 253 29 103 119 215 106 237 6 136 116 194 195 189 240 183 238 183 102 203 160 81 136 53 235 216 158 44 22 181 20 199 184
142 203 78 160 124 236 58 70 39 71 6 166 149 208 238 117 92 197 234 79 148 120 71 253 235 38 197 95 165 26 141 245 27 130 33 200 190 172 166 88 57
8 23 214 107 239 3 179 169 172 188 183 61 155 205 95 126 196 57 250 40 201 187 106 218 5 158 87 77 93 151 121 70 8 12 43 28 77 164 65 146 23
62 194 174 108 102 31 229 128 58 165 226 238 246 169 1 245 184 163 33 253 152 61 158 229 76 223 241 109 84 63 63 65 158 63 208 85 240 165 199 193 157
203 150 159 191 107 167 42 74 151 129 67 104 232 172 41 29 144 137 9 128 224 174 235 221 142 104 26 146 92 131 139 30 142 30 205 246 110 71 148 90 199
132 8 137 210 249 78 234 89 202 16 247 187 1 176 112 52 222 190 191 80 242 226 21 185 211 93 176 14 238 145 22 75 120 157 69 227 178 193 194 69 235
144 177 123 3 73 109 24 185 225 49 86 246 157 222 171 196 122 217 113 69 187 75 188 18 76 18 213 217 148 45 78 205 102 89 227 151 230 185 139 86 193
194 80 148 168 84 118 219 31 183 215 115 94 213 153 209 57 216 130 225 226 123 194 190 97 63 38 46 205 88 228 1 77 42 207 75 100 15 59 44 0 170
241 234 44 225 1 43 175 139 55 139 145 3 33 69 155 114 74 10 74 192 165 132 174 6 72 133 81 28 124 219 63 100 194 254 125 241 215 142 121 25 186
35 131 246 155 119 86 228 98 247 235 135 149 159 112 184 123 22 83 210 130 12 253 202 13 84 107 76 239 32 119 237 131 161 145 64 210 188 41 106 96 78
43 73 142 159 192 5 2 244 147 231 209 198 218 141 225 34 236 210 233 51 86 236 154 113 126 228 213 161 213 112 163 94 210 177 47 211 135 185 216 16 89
233 110 31 181 150 23 72 201 8 235 141 135 203 115 89 244 130 126 113 190 67 5 98 66 241 1 232 204 224 248 231 248 187 139 143 210 200 201 134 126 153
113 228 98 198 67 116 255 245 36 160 120 220 13 84 179 249 204 100 140 112 212 92 225 77 205 155 194 67 27 137 32 223 221 20 191 115 242 141 1 232 251
82 177 186 146 51 71 78 224 202 112 151 154 91 152 183 206 192 68 170 126 196 234 67 178 177 196 102 99 140 83 154 87 145 246 159 116 64 27 108 221 230
237 235 14 250 24 187 84 69 255 188 180 134 244 154 21 42 190 135 140 240 233 183 74 244 246 80 43 24 77 220 209 50 157 85 221 30 134 146 203 158 131
145 6 126 172 243 163 94 5 78 224 222 47 0 82 67 194 252 164 81 197 55 130 44 155 157 242 167 250 16 128 99 238 183 168 60 9 86 80 211 86 205
61 208 81 2 125 29 246 3 32 179 37 23 139 115 64 227 75 209 75 228 33 50 187 44 187 239 71 166 241 162 218 45 89 94 119 101 108 81 132 170 113
92 157 183 61 10 232 242 92 96 20 125 155 249 156 28 232 74 183 23 188 192 88 201 145 79 60 69 231 36 30 207 106 179 243 179 192 113 84 67 45 162
216 72 75 11 216 153 93 209 76 191 152 168 136 135 161 183 127 117 198 5 105 128 128 217 143 26 238 174 45 124 141 124 12 251 92 94 73 252 114 187 53
230 72 46 57 93 217 59 145 164 73 35 232 118 79 29 36 216 75 19 240 139 213 97 47 3 116 233 214 73 63 2 234 47 173 12 144 167 193 112 154 134