73 82 64 65
34
34 166 91 162 33 29 1 76 107 122 236 136 49 7 221 58 82 163 85 73 53 67 64 67 153 108 231 236 145 198 91 136 50 144 78 174 62 104 39 124 50 101 78 253 42 202 215 239 219 177 82 17 39 105 134 248 229 230 226 0 255 133 83 27 81 88 246 56 70 254 136 39 75 249 93 68 80 232 73 182 29 147
116 158 194 116 182 205 187 148 56 189 211 53 64 177 67 207 92 227 63 89 129 132 28 213 82 103 61 28 126 102 180 192 13 81 78 88 141 206 185 74 194 162 21 207 155 125 109 227 173 47 247 38 116 41 117 54 9 169 126 93 67 52 91 239 38 195 148 217 241 83 158 97 219 85 217 237 230 54 67 84 118 69
120 215 73 125 20 118 239 230 217 12 79 149 142 251 98 147 70 121 105 56 57 122 203 93 69 62 140 75 211 249 201 75 150 185 62 197 77 103 198 8 240 110 77 84 193 244 230 110 52 57 183 57 171 128 69 42 23 248 58 64 227 109 22 64 87 168 178 119 245 114 110 199 185 128 38 237 94 74 67 83 216 209
54 137 163 220 149 134 0 77 49 20 59 92 81 92 45 120 94 240 115 88 245 184 24 214 192 228 100 109 4 160 198 228 134 186 193 67 247 164 138 35 72 99 114 127 147 188 78 27 175 187 161 89 56 41 205 77 28 117 223 57 56 78 254 48 121 93 241 48 238 206 207 148 57 80 151 39 111 48 177 52 13 80
108 82 166 91 212 44 121 66 97 46 180 225 46 42 102 97 63 18 72 3 175 113 44 2 124 156 154 61 128 238 161 77 153 91 45 59 116 62 115 82 209 120 62 44 38 79 123 101 55 233 69 187 183 54 233 149 137 145 114 210 55 118 23 55 70 136 98 56 79 221 104 175 72 220 236 208 81 72 208 94 11 175
84 116 157 127 60 39 56 55 50 209 93 192 0 105 134 249 80 197 34 39 184 158 50 87 150 124 131 11 203 225 135 58 123 77 191 50 123 56 196 46 140 91 122 127 76 123 68 117 223 93 182 212 74 244 168 239 189 66 191 100 52 94 65 14 78 127 110 59 121 50 79 105 180 150 54 159 238 126 41 74 37 184
181 215 62 89 89 231 61 30 216 52 1 165 47 159 223 104 200 89 32 88 79 30 18 240 61 58 149 163 185 196 87 75 51 211 87 7 49 24 141 26 194 68 239 255 209 130 240 49 250 79 37 122 60 93 45 57 179 58 237 94 48 98 184 156 88 102 127 17 126 139 83 69 57 160 111 5 69 108 68 119 175 217
7 24 192 81 140 232 115 48 132 108 74 216 65 215 6 6 233 166 222 74 115 37 106 141 75 41 240 127 102 63 194 195 156 161 57 133 230 189 176 151 143 61 6 155 101 151 78 173 59 86 169 163 82 242 190 125 80 219 173 212 244 228 1 20 32 144 121 50 55 90 70 19 110 139 96 87 102 206 178 75 254 81
29 199 69 70 50 78 157 132 6 190 42 142 166 213 64 50 79 50 170 150 252 205 168 93 70 23 41 155 137 136 114 160 91 84 82 36 111 197 64 29 87 22 52 72 183 191 114 211 33 112 88 234 39 51 79 115 83 178 171 152 52 197 86 80 22 207 15 7 50 63 53 166 29 57 138 229 73 89 27 245 236 111
80 18 9 40 77 13 73 30 184 100 190 70 111 255 188 57 165 175 53 149 178 246 244 204 217 1 234 82 39 97 116 113 233 102 70 204 218 224 26 114 34 77 31 11 173 58 104 53 235 199 65 187 82 176 97 69 226 100 171 153 99 164 113 14 0 100 141 58 216 34 87 220 113 215 51 210 121 62 75 0 60 2
136 241 246 6 190 49 129 111 88 53 84 116 216 74 236 67 100 168 130 89 72 13 92 69 226 195 178 99 101 229 242 112 133 55 33 202 58 3 109 223 49 82 140 247 148 123 243 226 111 80 76 107 103 148 173 106 255 186 62 36 59 11 161 90 100 39 37 61 105 151 211 126 154 99 101 55 252 68 185 130 61 244
200 110 81 117 247 28 91 46 163 226 62 120 201 32 30 243 104 95 109 207 36 142 174 98 115 41 56 57 191 152 242 113 242 86 67 216 111 35 89 158 190 84 165 107 31 105 92 239 204 197 99 128 81 249 83 37 62 189 0 149 248 122 88 223 174 143 40 183 55 54 148 6 54 42 110 129 101 226 88 116 181 218
156 112 253 69 16 239 177 16 14 134 65 8 53 186 98 30 213 119 131 36 70 89 67 122 204 62 65 70 53 17 152 110 253 186 87 85 121 202 218 96 118 78 178 93 173 53 215 29 203 126 55 117 161 92 98 23 37 194 198 59 216 211 228 232 88 230 75 220 6 155 59 50 130 71 215 90 136 206 11 123 108 40
113 199 246 58 32 20 22 51 75 153 124 141 91 40 121 128 149 42 5 100 53 49 205 203 146 165 153 31 127 213 92 76 135 247 102 202 109 98 176 91 64 83 155 113 31 140 209 69 91 181 9 55 218 74 178 220 160 76 71 195 28 230 22 103 71 50 235 106 99 229 188 58 136 91 143 240 111 71 144 61 138 159
8 6 102 168 82 74 103 52 223 118 15 22 111 75 145 122 156 36 55 79 82 64 113 63 26 133 80 164 44 29 72 112 102 193 154 175 17 251 232 87 96 98 28 100 17 127 58 92 12 31 194 38 137 232 250 195 98 215 60 74 74 2 82 91 202 165 59 49 141 117 25 197 128 110 187 99 179 185 233 247 103 112
22 171 116 184 97 57 156 50 137 167 156 146 140 130 234 99 203 222 121 36 115 209 148 171 191 12 182 71 159 157 107 94 192 3 94 112 59 143 124 217 75 237 227 167 153 33 92 85 88 143 111 152 78 80 67 193 66 159 140 108 68 74 232 75 151 156 237 199 101 185 123 195 109 221 127 149 249 46 139 105 66 179
224 71 21 54 134 133 170 115 93 214 72 31 125 27 109 96 174 104 252 224 88 104 70 244 125 119 30 142 211 97 213 53 128 93 218 131 101 57 230 75 27 209 49 9 183 105 61 112 53 223 58 252 115 90 146 75 91 47 115 85 243 152 121 205 38 69 58 23 105 9 106 100 176 151 139 243 38 177 60 77 183 22
127 230 21 80 153 79 79 113 110 123 11 176 135 27 29 58 87 130 66 69 15 98 181 165 221 142 196 111 59 83 236 115 197 108 155 165 192 221 22 41 4 246 100 99 189 125 127 3 56 255 82 96 204 202 93 122 204 213 49 142 212 197 118 253 107 56 141 77 160 135 14 117 24 18 56 90 82 77 120 27 197 85
113 8 198 57 233 166 107 239 118 101 23 206 84 79 107 77 221 141 203 146 241 87 180 119 60 69 235 60 249 179 95 57 32 181 220 13 193 232 133 95 200 30 255 58 170 80 167 133 108 110 132 6 28 27 67 131 101 120 36 110 122 194 32 144 119 65 73 66 8 104 231 201 125 240 40 72 51 116 131 50 6 25
90 171 97 80 107 171 187 29 127 114 19 44 2 235 102 105 206 81 77 251 233 167 76 0 51 46 65 185 91 44 237 233 79 1 98 40 247 72 181 187 18 15 198 167 165 193 85 90 57 69 101 1 160 87 83 114 244 5 95 237 159 141 101 81 114 12 177 78 108 123 105 97 54 48 55 112 248 126 30 80 78 57
98 202 107 128 20 169 73 45 204 2 72 49 177 251 90 224 109 81 188 55 94 87 202 66 128 61 118 114 203 21 52 156 101 130 56 156 64 60 21 112 79 108 150 182 237 195 17 99 161 43 218 41 87 70 113 106 51 186 117 248 68 149 240 0 232 145 14 222 31 70 255 197 226 53 233 36 89 183 41 49 51 104
169 144 85 9 206 32 63 66 233 7 246 111 99 154 103 66 24 66 46 228 207 245 149 147 233 73 224 131 92 9 219 168 97 167 49 242 225 239 212 49 107 111 253 203 2 115 92 111 54 110 29 150 140 108 32 117 54 114 28 131 248 134 104 242 74 51 97 138 170 103 122 203 113 68 253 119 221 3 99 17 97 82
187 105 116 100 97 51 250 61 104 198 73 152 130 101 212 135 252 149 228 92 171 44 93 180 189 81 105 52 100 227 48 250 78 123 95 174 161 20 146 209 236 230 149 121 115 109 12 151 112 147 109 194 22 31 148 170 110 72 77 104 20 133 53 44 118 53 193 41 99 6 16 97 37 215 53 77 60 211 189 7 162 234
27 24 6 106 182 116 155 139 169 110 27 136 98 199 101 98 179 36 77 122 102 27 57 128 13 2 114 56 35 217 254 142 58 87 30 66 112 26 144 209 168 78 75 224 8 65 83 222 185 114 43 59 183 89 112 120 198 126 245 139 100 89 21 75 187 31 205 167 216 23 9 36 44 34 211 69 152 12 44 140 60 137
133 178 214 34 28 185 58 230 157 2 58 202 140 64 96 210 131 15 125 104 219 99 52 208 23 110 56 196 106 171 169 187 72 35 250 228 95 54 44 218 100 92 104 64 115 45 114 12 56 218 130 192 37 194 154 58 67 167 96 128 4 190 196 120 74 80 81 249 97 224 86 70 94 72 73 114 46 115 229 171 109 198
31 88 17 10 63 168 171 121 64 55 89 53 231 187 73 107 111 104 28 66 52 24 145 157 220 53 120 58 110 67 75 115 18 62 207 63 136 55 243 76 98 188 163 95 53 209 59 43 97 3 16 79 214 163 169 14 162 12 157 201 90 49 12 112 190 78 17 170 101 150 171 44 139 104 238 253 7 255 249 2 243 114
233 242 197 216 88 66 97 53 179 36 72 86 45 83 68 37 115 9 88 123 249 217 124 135 132 116 225 51 88 168 166 74 93 44 28 248 95 123 28 172 218 242 215 78 141 117 76 80 117 60 102 46 197 128 179 223 99 194 150 197 147 50 159 163 76 194 244 80 70 125 67 106 85 111 192 213 99 113 228 134 126 197
141 26 149 87 68 79 48 54 251 116 199 109 47 78 115 229 218 211 86 60 125 21 142 214 21 65 62 2 147 89 19 106 244 24 106 74 44 178 108 40 115 64 228 54 191 142 24 35 16 18 63 234 58 178 62 51 185 100 76 4 172 165 230 75 119 83 6 160 105 107 136 140 163 101 19 222 76 109 21 48 71 122
73 106 236 110 88 211 198 82 193 31 148 189 181 87 174 159 29 102 55 68 27 80 75 81 97 91 106 196 211 241 214 191 71 74 85 217 177 91 53 94 51 81 113 5 121 239 139 67 2 245 133 206 91 109 10 170 5 180 242 127 69 54 233 38 66 196 23 36 107 83 122 230 99 95 175 101 155 173 76 187 60 92
200 89 68 213 78 6 122 44 28 43 63 108 168 209 217 170 150 149 223 171 219 231 94 48 105 173 103 201 116 11 85 6 60 235 33 92 70 107 74 153 33 110 111 193 128 80 170 139 117 97 127 110 116 136 143 203 112 19 152 82 154 210 182 53 88 114 19 251 71 34 96 73 150 220 85 109 213 103 114 78 82 103
96 86 116 183 137 121 107 60 47 140 21 77 103 234 49 56 212 81 62 65 90 241 178 116 220 159 57 10 81 137 83 36 251 14 48 164 136 140 81 250 236 149 89 202 28 177 11 51 17 143 162 0 36 255 124 17 50 34 207 17 38 11 220 96 235 71 68 250 143 31 37 177 108 32 234 157 83 182 172 20 164 11
241 143 63 60 102 90 95 227 225 20 82 220 116 69 193 84 83 180 85 3 192 119 12 92 70 194 129 196 62 88 175 249 95 225 148 88 127 38 124 11 103 128 83 196 86 0 107 59 110 99 28 146 157 230 199 56 217 17 91 82 154 76 121 152 71 124 51 239 187 209 74 117 9 226 96 9 94 181 218 157 209 209
186 46 46 151 41 46 113 105 218 87 62 4 109 8 68 79 160 115 96 250 206 105 61 116 69 77 165 50 98 193 19 157 219 52 121 207 166 48 19 22 161 190 95 230 134 125 70 62 76 245 5 52 105 17 55 27 89 94 47 153 232 94 213 113 56 114 105 139 118 97 252 3 88 11 252 185 90 78 4 95 101 11
66 91 141 184 100 59 89 62 240 18 239 99 153 95 81 197 251 114 222 224 241 8 126 115 155 182 62 220 218 151 46 193 181 167 179 123 62 100 37 89 255 229 208 27 193 96 185 75 165 112 234 183 187 247 77 28 92 207 116 139 26 152 143 68 28 36 220 187 146 18 230 76 221 52 167 22 112 51 103 136 80 19
92 3 85 194 218 8 137 135 28 39 182 42 157 68 56 48 114 180 61 168 109 151 157 69 221 151 103 89 1 227 42 162 163 99 75 92 37 204 31 58 87 124 186 205 88 47 92 205 83 194 78 65 198 248 147 93 94 78 111 69 244 32 166 137 56 70 119 234 119 11 71 122 84 23 198 100 182 208 83 97 29 186
39 174 165 102 206 14 228 154 159 54 113 79 75 218 100 198 37 99 255 88 234 136 10 202 137 19 82 231 24 24 104 105 25 52 15 247 63 44 191 134 231 77 166 92 182 113 110 231 114 8 226 54 100 36 14 231 50 242 174 66 107 116 114 35 212 143 215 189 136 37 74 70 159 213 154 217 109 102 2 231 64 140
5 6 50 88 255 108 139 60 68 117 164 215 53 73 52 192 144 90 127 164 229 109 235 234 78 28 190 31 67 172 56 34 155 79 146 89 239 216 69 55 32 112 80 102 113 126 198 72 144 65 137 191 203 204 3 163 30 204 182 187 177 243 106 8 82 45 119 50 105 20 183 205 60 56 87 105 236 124 237 80 108 248
187 246 64 110 84 92 173 182 12 124 67 164 167 165 89 9 230 76 192 130 208 29 208 162 220 167 192 164 84 139 6 226 62 45 41 77 134 166 74 64 100 133 53 71 21 142 76 52 80 55 76 228 26 113 164 41 75 255 104 29 212 111 195 70 246 64 245 181 64 163 241 185 146 130 230 203 8 200 235 100 44 74
81 167 90 241 225 86 50 3 82 136 23 51 221 7 94 195 85 255 109 229 89 103 64 123 101 38 228 157 89 226 165 112 229 16 129 129 151 151 147 82 98 187 155 208 174 60 80 123 248 51 61 148 169 53 68 99 72 153 29 72 38 116 13 235 98 21 175 168 1 160 112 223 110 146 199 119 17 19 66 166 90 180
136 96 27 234 213 93 164 27 54 83 16 154 75 130 252 228 80 215 165 64 179 190 30 46 60 250 195 208 102 171 161 29 79 99 136 102 97 8 254 25 204 45 55 132 90 83 109 140 80 102 237 136 118 95 116 100 66 246 74 156 27 179 1 36 135 83 32 153 164 79 157 52 1 110 111 27 150 182 134 216 87 140
184 46 149 68 41 94 55 146 250 55 228 76 143 185 192 95 239 66 83 253 155 53 225 84 171 75 211 99 88 198 76 91 133 254 43 158 99 25 120 147 101 170 51 199 154 156 157 84 120 151 188 49 131 77 34 102 57 73 92 117 90 63 117 1 77 193 97 41 115 5 241 26 227 101 133 39 196 130 105 55 117 60
93 83 74 74 61 203 80 63 199 172 88 86 236 29 22 186 56 195 4 61 89 187 107 230 62 139 103 75 44 160 164 88 80 64 213 99 46 19 93 237 37 145 5 9 72 92 137 174 113 220 116 254 175 80 229 12 219 166 61 57 31 224 93 111 109 48 121 63 208 92 55 211 203 103 71 200 133 100 91 89 40 15
163 47 55 65 128 150 90 153 142 211 176 127 188 93 147 111 39 249 107 78 147 42 72 120 180 160 220 52 252 94 140 75 215 200 86 94 19 114 250 61 218 213 81 16 201 59 254 145 209 82 163 115 56 239 136 117 69 106 62 48 99 205 10 22 50 161 106 179 83 169 193 71 191 234 118 9 73 157 45 4 206 130
136 110 95 70 37 138 173 152 104 201 27 57 32 55 186 109 122 11 204 71 104 81 141 50 30 155 171 114 208 233 23 84 43 58 39 128 200 108 75 29 155 214 64 108 116 199 224 11 48 13 78 77 102 38 47 27 88 216 147 28 157 62 105 105 81 86 206 19 237 101 25 93 237 162 82 78 95 233 35 65 77 38
76 100 79 194 158 15 185 102 38 103 96 145 83 21 147 141 66 8 49 186 63 112 105 73 83 251 72 7 172 42 46 105 83 108 5 114 187 79 207 142 16 164 74 206 91 50 88 76 0 159 27 154 122 222 254 166 244 172 62 43 86 36 234 101 29 247 59 75 56 88 119 13 163 73 35 82 152 61 207 46 231 91
88 97 88 125 94 230 205 113 80 227 122 132 58 98 147 23 58 219 194 138 225 204 164 248 108 102 170 208 69 216 232 49 80 169 130 218 160 82 21 71 75 109 52 19 36 55 210 52 202 4 23 143 198 86 22 245 252 223 21 70 149 39 166 47 113 59 133 81 151 54 70 95 44 60 220 223 109 97 67 183 28 141
126 200 217 245 104 171 15 155 25 96 30 253 136 72 69 106 199 187 111 96 82 181 198 194 93 234 116 75 75 90 90 21 123 74 178 141 141 2 111 13 89 217 96 69 172 61 86 255 93 123 79 89 127 20 96 98 190 178 14 229 98 182 164 83 195 185 114 29 77 106 143 85 76 16 182 81 230 103 202 176 191 195
168 75 219 134 104 251 92 118 194 79 50 254 95 114 81 35 59 94 115 250 149 87 82 94 67 89 4 59 208 69 55 7 84 10 26 50 135 140 74 110 254 165 49 53 67 74 37 245 105 3 247 126 203 177 71 249 155 210 47 125 93 172 81 89 19 51 61 52 210 140 128 181 62 231 93 113 40 7 111 229 215 125
39 14 117 116 79 242 58 172 7 100 85 233 150 237 7 152 214 108 86 149 142 11 217 107 53 2 73 101 195 205 219 150 79 41 122 190 52 111 82 73 210 192 52 102 206 113 86 165 33 197 65 129 8 146 34 168 111 58 6 91 131 153 27 107 184 186 113 92 33 26 194 173 52 212 168 85 108 191 108 68 193 15
196 62 193 107 75 89 75 103 102 123 98 97 92 91 83 3 51 133 194 83 92 87 152 255 197 68 137 183 11 60 196 109 174 247 16 210 86 79 229 85 57 93 117 235 216 222 48 117 40 152 202 28 108 72 93 84 44 175 5 83 29 108 71 230 113 195 232 254 187 232 121 194 63 60 44 59 234 157 63 159 101 89
104 128 69 168 13 52 43 53 87 36 209 100 59 127 90 193 114 168 40 62 101 216 136 128 137 68 45 245 62 169 66 58 91 127 248 98 124 191 145 101 154 156 147 32 160 72 11 92 83 176 192 83 75 86 106 81 99 99 62 91 98 69 106 109 60 96 109 60 77 9 60 87 84 86 49 94 53 83 60 67 122 74
102 249 199 200 211 58 150 30 89 153 61 110 144 1 98 172 22 214 247 115 189 8 18 169 15 83 64 64 54 234 202 142 109 61 166 114 74 202 203 125 16 154 12 111 86 227 92 116 20 96 103 119 98 73 86 105 72 63 117 74 94 54 83 56 59 73 87 79 97 92 69 105 74 59 62 204 94 78 114 254 91 118
92 212 104 110 80 103 140 116 206 173 67 44 114 225 136 57 31 116 155 74 238 11 66 113 13 71 111 76 218 100 94 255 68 162 57 216 8 114 249 194 212 195 90 126 241 87 121 247 241 206 55 112 46 94 92 97 92 112 74 76 95 70 109 62 86 60 69 56 65 149 87 81 85 96 172 97 11 91 146 51 95 179
199 78 12 135 161 94 100 21 160 244 93 29 168 120 98 5 42 221 84 131 115 245 28 2 24 53 192 62 97 98 97 26 238 52 76 105 0 226 186 170 106 56 242 212 21 164 38 52 101 97 138 108 112 117 117 92 75 252 93 82 82 108 49 116 116 95 107 89 59 111 61 74 67 105 105 50 69 57 57 69 71 89
215 4 107 14 102 19 222 109 90 117 149 16 3 100 74 227 76 249 193 59 142 167 99 17 86 105 51 41 102 221 253 45 16 117 154 106 184 105 165 109 150 183 69 246 248 161 198 229 20 47 10 108 69 87 237 102 83 29 111 8 111 63 95 108 74 101 93 53 109 67 72 99 178 73 87 79 113 79 115 66 31 76
96 216 85 161 161 19 218 23 169 255 86 37 118 241 57 99 57 189 47 152 209 82 83 82 189 78 223 113 35 231 250 64 36 96 81 70 1 61 235 154 109 34 238 75 191 17 128 249 8 153 57 90 236 62 106 99 111 65 56 65 54 76 54 64 87 104 91 80 100 112 81 170 110 51 69 91 9 90 75 199 92 68
44 67 74 58 26 62 81 38 111 50 0 211 181 161 247 57 115 69 163 192 115 40 114 82 26 177 149 91 105 57 221 69 14 98 215 46 190 133 86 143 249 72 139 205 212 249 176 106 162 40 196 83 102 61 53 79 51 114 101 80 85 51 89 76 107 63 94 103 64 83 62 114 178 135 83 88 80 67 103 71 48 170
57 73 10 213 18 88 73 0 237 48 167 104 187 83 56 140 213 41 244 248 171 116 99 66 2 203 21 96 77 102 224 231 233 64 223 192 75 212 180 95 195 61 150 70 215 41 235 215 177 77 237 47 69 49 117 52 97 101 155 101 103 80 77 81 99 95 57 59 60 97 67 113 65 94 105 112 60 70 76 82 107 32
24 114 37 87 41 20 102 77 71 79 72 87 97 50 203 125 76 54 79 115 20 201 88 104 157 200 125 68 69 127 100 204 219 52 114 13 240 154 95 54 197 7 228 232 119 186 165 245 177 199 206 108 36 6 99 75 49 82 95 63 109 101 65 99 67 82 55 114 151 63 92 115 90 65 68 52 99 89 99 88 115 122
51 45 95 236 61 129 19 176 105 120 124 16 153 67 169 108 81 62 43 28 249 131 156 98 0 92 236 91 16 131 77 137 19 188 146 164 254 149 117 94 110 7 82 99 128 166 65 71 129 34 104 104 101 205 99 109 49 80 94 54 103 96 99 98 100 68 83 52 76 107 83 97 83 94 69 65 101 102 87 59 54 250
246 190 89 77 31 63 35 41 54 66 151 88 87 103 62 187 249 34 181 11 43 120 114 69 151 105 45 152 52 177 135 124 198 106 77 56 227 99 95 74 39 83 46 106 201 107 106 231 57 167 113 54 63 115 90 51 95 104 113 104 183 80 115 77 76 78 109 101 113 96 107 51 217 80 114 115 73 61 83 100 142 172
75 49 197 166 238 183 66 0 175 131 162 154 103 119 63 200 19 121 51 196 40 104 200 172 105 82 113 144 23 53 221 156 126 100 90 97 58 72 65 15 1 45 135 70 86 146 120 62 212 230 27 79 52 103 83 110 110 105 67 60 71 97 85 71 114 59 115 52 88 65 73 83 59 58 140 193 18 87 70 103 76 146
88 117 103 59 169 204 73 200 64 135 54 84 59 85 86 55 12 168 227 216 84 99 206 36 229 120 94 0 206 30 120 167 202 78 6 49 50 109 24 87 63 197 27 1 226 69 47 112 150 140 88 107 110 49 106 73 159 52 114 77 93 82 76 94 80 131 55 83 90 110 98 192 72 70 51 73 84 77 65 102 83 44
54 41 125 229 54 71 56 233 22 163 158 11 238 115 0 100 171 193 75 79 215 35 141 225 74 13 94 18 83 25 193 224 55 39 60 46 23 1 20 27 116 109 34 62 209 239 110 56 254 171 81 32 145 87 103 54 106 101 52 84 114 105 104 57 83 59 83 56 83 64 84 99 57 52 65 89 108 81 117 52 208 222
182 124 45 83 197 141 29 29 10 64 127 19 120 98 202 224 32 22 8 45 106 51 88 86 57 77 197 24 215 207 129 43 84 10 9 5 115 59 117 18 77 15 1 209 117 130 3 164 57 82 63 83 59 106 49 98 82 84 95 114 101 76 100 81 58 115 70 110 79 71 109 63 86 88 94 84 114 57 83 55 177 203
124 83 62 106 83 195 13 104 146 72 70 94 30 218 126 203 74 233 101 165 136 246 99 139 87 180 41 58 164 109 71 113 154 69 207 32 212 13 232 53 198 172 26 73 95 185 145 153 153 50 51 25 90 124 112 61 60 88 77 105 55 109 74 73 78 81 142 113 70 70 74 76 11 75 84 62 1 96 66 81 26 107
80 71 204 97 74 208 82 212 252 177 116 174 73 148 245 16 150 130 67 103 254 33 90 110 185 73 43 103 83 185 119 27 111 243 77 60 29 10 77 128 112 127 86 57 83 246 17 31 69 85 100 116 63 75 104 78 72 73 59 55 56 83 101 68 75 93 95 111 108 125 70 76 109 116 55 116 112 69 95 93 13 58
253 240 125 128 64 116 36 191 15 50 140 243 225 18 68 101 60 105 46 91 125 67 117 126 236 103 90 203 190 112 51 96 171 144 165 131 214 231 77 202 115 17 148 59 70 142 235 0 103 63 58 83 70 68 61 96 109 241 109 54 111 88 64 62 69 50 93 97 202 6 97 54 100 83 85 85 95 68 83 70 149 28
1 193 159 116 56 16 37 180 227 183 15 127 75 74 67 216 1 246 4 65 104 172 10 49 49 66 93 21 111 150 85 54 56 15 179 77 19 3 99 72 192 60 30 83 215 3 229 86 165 92 211 79 80 49 68 67 22 71 51 89 82 110 59 75 79 56 84 52 52 81 84 104 77 57 105 82 79 61 116 83 155 101
20 93 154 199 123 112 203 207 113 61 165 115 96 65 100 230 148 6 216 174 229 11 96 219 197 76 249 227 213 115 55 99 35 161 73 173 49 98 123 133 30 99 226 41 67 184 192 169 109 96 73 95 95 66 228 65 168 97 62 94 6 115 112 69 85 55 50 75 79 96 55 230 67 68 87 103 91 96 104 210 124 74
70 46 85 71 99 25 196 10 222 214 5 75 186 137 143 94 206 197 143 72 42 91 110 64 231 79 165 113 202 91 205 57 188 85 50 85 187 85 4 121 127 75 229 116 230 72 129 66 191 186 115 65 88 65 58 62 84 74 111 117 67 61 60 49 2 89 102 103 56 100 111 85 95 231 87 11 82 113 72 86 116 80
224 195 208 95 88 228 141 66 76 56 97 99 66 9 246 197 113 16 40 198 57 246 88 1 249 233 76 117 141 85 113 192 135 172 187 57 103 177 132 157 197 197 192 16 110 68 231 101 30 231 67 50 101 75 108 61 114 89 108 106 107 117 105 102 99 53 44 98 75 61 113 99 86 114 106 78 80 100 69 95 69 68
55 71 66 73 91 42 96 47 176 44 17 98 15 104 225 191 62 208 116 59 48 6 248 211 137 179 29 9 83 127 115 208 112 101 64 45 155 213 196 51 21 163 100 49 78 22 46 151 253 153 107 65 12 77 90 83 105 94 117 83 84 104 67 113 71 66 56 96 72 56 116 83 113 90 97 5 97 74 94 100 6 65