73 58 32 15
31
195 149 218 84 207 96 47 248 238 193 161 234 218 85 31 195 180 221 125 143 15 227 215 23 63 236 140 232 129 93 112 151 232 25 98 220 239 155 27 47 227 187 237 232 190 198 193 1 229 39 140 244 195 191 197 160 161 109
208 82 74 188 163 139 83 225 216 41 227 164 247 235 222 134 179 181 218 12 234 185 157 129 219 14 198 64 58 210 9 41 12 214 224 3 225 116 213 181 1 243 80 196 102 92 224 183 18 66 91 254 224 202 219 41 201 185
168 195 3 158 223 253 50 103 186 171 223 181 195 144 213 143 82 249 222 112 30 186 147 236 204 208 163 16 159 215 153 239 151 81 144 236 193 116 128 65 104 231 218 243 226 208 223 186 131 213 76 160 13 185 201 87 68 1
189 242 128 59 159 44 0 83 234 162 37 195 246 227 130 236 205 196 99 170 127 66 25 141 204 99 202 31 134 15 230 192 89 205 5 225 220 233 242 216 253 35 148 185 162 84 207 142 205 211 228 236 51 163 245 199 11 123
63 40 148 18 204 255 105 189 213 14 105 123 76 76 188 170 138 211 197 227 101 164 128 181 224 37 191 16 214 194 56 220 174 156 235 122 145 57 61 176 11 149 91 196 220 162 242 146 57 186 241 42 75 216 107 51 6 228
117 225 80 140 69 111 158 220 222 223 96 217 192 183 213 51 69 182 132 62 178 235 43 223 82 114 76 52 101 138 103 19 96 218 70 210 57 13 236 198 192 117 216 215 216 72 171 112 2 128 207 33 145 219 189 234 98 201
220 229 230 105 224 202 253 122 149 179 178 203 75 199 188 112 207 133 150 230 183 58 139 169 199 33 122 220 133 196 27 44 58 116 93 201 216 237 52 144 63 230 14 68 78 62 71 101 93 108 242 153 3 234 152 215 58 224
187 31 75 21 142 159 106 71 85 207 38 25 78 61 215 218 250 188 134 225 216 220 134 241 148 227 234 205 2 86 106 93 190 200 223 208 47 202 25 239 118 224 190 213 226 224 196 9 196 38 87 148 3 91 235 147 110 100
209 219 234 10 46 14 126 155 146 105 12 235 238 59 199 41 23 191 64 228 210 206 180 38 188 126 165 88 222 190 124 126 68 120 124 211 189 249 42 49 146 236 147 208 90 226 213 48 183 163 213 238 169 251 175 175 228 240
223 236 15 26 215 253 111 176 65 21 98 66 210 198 26 50 81 198 38 79 192 224 160 51 240 199 221 222 239 249 96 19 243 191 37 211 66 116 71 170 82 45 210 73 54 151 179 218 63 180 20 127 73 225 28 78 51 219
80 77 3 191 219 194 178 29 2 115 237 218 3 27 49 218 221 0 135 185 66 53 200 1 124 136 243 6 8 161 105 163 226 210 191 195 254 100 210 118 227 123 192 104 159 13 166 17 205 199 144 14 157 43 108 65 211 56
103 76 59 112 185 55 218 206 193 255 221 125 169 196 176 110 14 232 95 76 144 213 189 17 112 192 219 53 190 9 186 151 129 126 230 203 216 95 107 214 190 198 201 233 51 231 131 25 233 54 53 153 122 217 218 225 45 55
108 204 218 120 4 89 77 205 169 235 193 234 135 79 221 23 222 229 116 222 217 65 216 93 255 137 140 21 152 185 215 189 217 213 37 202 237 187 225 208 134 132 51 1 188 129 255 156 123 89 61 186 187 228 186 231 145 220
98 15 66 176 193 64 71 233 29 4 8 255 89 232 217 125 189 70 4 2 149 213 203 203 132 50 136 70 199 208 194 67 207 139 239 209 96 180 35 135 213 131 216 0 78 203 89 190 233 189 22 0 184 141 209 180 203 43
149 175 252 240 156 40 208 100 180 225 192 181 254 24 254 194 124 255 197 56 195 153 242 34 196 72 2 36 138 43 241 58 45 179 157 48 61 222 6 192 187 180 72 160 191 20 58 185 215 238 199 156 38 207 105 38 84 114
246 172 140 206 233 178 87 236 197 77 18 150 122 215 197 41 201 244 133 189 135 93 233 179 194 34 183 196 60 53 164 82 41 83 146 45 101 194 67 211 222 251 183 236 95 220 131 138 195 217 136 127 129 203 213 133 81 133
216 222 210 246 212 144 18 214 159 171 28 190 147 129 221 207 24 218 8 215 60 121 205 190 112 198 186 77 234 14 154 240 228 156 15 233 229 205 185 137 149 39 230 121 21 230 162 19 193 186 89 21 89 110 36 179 124 211
81 58 93 59 236 30 209 118 208 234 124 34 249 208 240 54 158 228 192 132 255 141 117 119 10 239 237 5 72 141 196 226 176 39 168 93 185 63 253 242 228 187 79 203 227 227 246 240 78 103 226 228 185 74 242 67 29 62
215 189 45 23 68 21 56 102 164 208 65 237 4 205 97 223 99 237 230 162 136 44 159 123 66 42 197 87 226 233 60 119 49 248 193 220 196 227 229 138 237 74 125 164 163 236 22 121 241 124 152 176 96 163 235 84 78 138
174 220 138 192 18 205 222 215 159 61 210 237 132 194 63 35 91 37 196 111 146 192 124 154 240 82 32 233 120 77 203 213 6 189 121 60 241 246 210 185 192 61 185 133 128 124 241 205 183 229 209 117 113 219 24 126 52 230
32 98 203 124 218 162 19 162 91 48 226 248 181 236 184 9 93 241 242 189 157 196 40 132 242 185 211 169 214 83 19 232 222 199 80 205 82 206 191 148 249 125 63 92 148 153 144 206 3 6 20 217 131 61 81 127 203 48
163 35 39 31 198 220 241 80 182 223 9 139 42 65 18 23 148 211 71 25 55 235 185 204 157 44 242 65 215 8 254 196 207 201 138 204 139 187 228 137 74 242 152 35 178 111 252 99 236 202 25 231 229 52 250 191 144 161
102 212 151 50 172 57 0 240 100 143 38 183 204 235 119 90 237 192 189 252 29 122 135 130 242 213 181 133 51 25 87 177 213 69 204 130 69 64 186 64 20 249 137 101 26 74 185 190 234 251 176 145 118 5 162 204 166 217
221 131 213 86 249 23 37 116 14 22 112 121 67 215 104 216 201 210 145 189 196 15 156 15 180 91 204 123 71 165 230 226 112 245 215 174 227 101 242 99 132 190 95 211 251 230 108 62 214 57 234 207 192 90 196 69 230 59
207 190 52 206 167 63 223 187 238 215 39 220 152 203 61 108 173 103 26 123 168 214 178 30 51 237 139 210 185 77 217 159 235 112 6 121 209 175 88 208 213 12 22 20 54 255 54 219 75 87 242 7 141 241 211 47 158 126
92 181 119 67 173 48 111 166 236 200 238 190 216 213 235 219 240 224 219 216 216 236 229 81 230 211 195 254 195 156 237 54 214 198 107 98 251 80 39 178 193 185 24 149 37 232 84 193 193 14 204 195 115 174 232 52 106 102
66 235 219 47 62 232 181 221 240 216 200 231 203 229 195 207 204 229 187 236 34 182 224 210 225 219 234 138 187 17 236 138 181 225 121 134 173 187 242 224 218 168 205 197 240 78 175 152 234 227 237 233 65 90 208 59 225 140
176 158 52 111 73 230 254 37 205 213 240 215 216 203 181 186 211 181 231 213 220 186 180 221 219 33 144 240 212 138 51 78 235 48 49 110 24 211 22 242 76 129 184 211 99 158 99 236 70 227 205 6 188 148 188 192 240 222
53 191 202 244 8 18 111 160 238 201 219 227 240 209 238 230 239 226 205 185 215 201 193 201 192 242 185 223 122 188 86 7 68 105 17 128 231 237 184 31 191 103 28 213 244 30 224 241 231 122 67 117 205 163 16 73 74 201
91 200 127 251 203 96 74 188 234 189 238 215 188 239 188 220 239 233 190 215 222 187 201 217 250 29 200 57 159 226 129 42 161 205 206 86 231 232 223 216 224 219 102 238 195 163 166 112 108 185 133 2 92 226 89 238 218 41
222 73 173 211 198 237 104 140 185 231 199 208 193 207 210 216 220 214 202 184 185 212 240 239 124 13 226 235 34 102 205 200 118 23 170 137 83 228 164 32 185 191 211 152 187 232 191 104 102 162 16 188 157 229 230 156 205 185
46 249 16 71 253 176 121 213 205 225 211 209 230 191 211 199 203 241 209 181 237 44 215 224 188 12 226 211 11 186 6 206 85 138 77 105 226 217 44 123 195 48 174 139 63 27 149 35 215 135 41 170 248 44 199 200 154 39
233 186 161 38 238 215 23 7 207 209 211 242 124 226 208 231 213 209 227 236 180 212 232 250 41 181 33 129 214 226 84 237 242 177 146 180 17 78 151 181 81 191 110 12 190 142 107 234 13 40 245 50 161 51 195 219 210 253
22 154 222 14 226 6 118 19 189 201 236 91 228 255 233 184 223 238 237 184 227 204 211 46 180 172 84 106 188 65 188 221 218 41 152 77 202 67 193 38 181 118 145 211 193 48 165 165 244 195 160 230 80 193 196 45 221 198
160 198 31 213 219 79 123 118 218 197 239 237 240 224 233 217 233 209 228 198 232 242 214 50 43 105 211 230 184 110 19 9 224 180 200 212 234 220 77 234 244 104 17 86 117 64 184 23 239 199 227 5 42 148 163 226 37 68
236 159 114 203 228 48 145 142 216 217 219 236 219 154 231 199 219 183 187 194 242 222 94 179 219 203 67 213 45 220 174 241 236 33 25 37 8 228 77 177 204 111 167 211 251 109 122 49 103 82 15 235 227 230 226 37 90 26
201 188 111 51 1 33 115 56 236 218 197 204 201 194 240 190 233 208 220 231 228 202 187 206 93 129 59 125 62 187 220 49 244 221 40 111 234 150 138 182 247 62 133 236 103 232 36 208 223 72 214 78 38 203 28 239 124 141
26 76 175 213 177 100 131 12 196 186 193 211 220 235 236 194 225 190 220 232 239 199 228 226 148 116 25 45 38 124 40 215 52 139 32 230 10 41 0 86 29 241 35 75 58 172 226 238 19 25 193 69 171 237 29 222 7 246
186 180 222 55 130 114 127 46 201 91 28 212 193 202 224 181 210 199 209 242 193 188 160 180 251 116 47 179 205 233 159 106 214 149 213 73 47 172 41 235 219 187 50 144 70 33 17 61 119 209 132 107 212 142 207 208 241 146
10 182 79 96 106 64 253 69 187 209 233 214 203 229 211 242 181 212 231 227 211 237 213 209 166 106 93 224 150 49 228 33 192 7 243 111 196 172 177 19 73 235 139 36 114 94 12 224 229 234 184 65 33 155 204 237 75 46
227 236 104 233 247 211 54 196 76 124 207 121 34 132 172 119 41 193 60 177 152 201 95 130 114 98 49 202 254 170 154 121 50 189 242 210 113 150 19 254 173 198 64 138 236 221 98 37 150 80 96 15 28 220 150 238 171 39
56 192 203 193 204 135 183 194 6 232 247 139 234 95 160 17 35 174 201 211 29 211 249 152 239 220 131 96 184 12 240 120 230 0 118 218 66 97 22 201 51 34 104 51 43 240 234 74 50 87 110 196 124 244 86 212 26 35
14 181 0 165 223 70 193 231 239 239 82 198 192 56 2 132 250 244 50 247 42 255 121 240 184 195 230 214 8 235 207 52 120 252 181 237 223 246 102 238 211 60 185 121 9 197 191 174 113 217 208 16 20 241 96 148 219 250
219 87 214 201 194 224 68 23 67 242 121 209 138 37 243 172 33 191 212 103 235 100 1 247 174 5 234 196 135 212 211 177 27 18 233 129 247 223 35 134 91 205 71 66 66 30 191 96 36 212 218 128 218 184 123 0 225 224
211 136 233 235 180 244 164 177 155 201 234 171 249 208 252 82 181 215 61 159 237 193 220 165 24 47 57 110 162 174 32 2 187 195 254 132 39 218 203 143 182 21 222 225 202 246 185 25 211 37 81 211 200 74 221 89 211 215
225 4 238 130 238 195 235 204 207 222 150 230 194 184 196 108 201 46 247 182 20 208 72 237 157 44 185 237 254 239 7 37 212 191 118 231 219 215 181 237 79 211 219 42 62 196 24 67 33 96 205 154 59 209 15 161 185 50
149 79 218 213 228 81 169 118 189 184 6 246 5 19 109 141 230 29 212 180 182 237 9 36 182 7 178 144 234 224 207 67 190 164 232 244 185 134 1 126 35 49 186 184 87 190 149 72 225 229 232 197 5 197 98 129 48 232
184 222 242 132 12 242 59 250 190 200 118 158 30 207 168 242 86 49 1 58 84 107 213 7 179 221 216 182 70 213 26 150 50 218 145 84 151 203 220 56 39 207 247 211 175 104 46 228 56 32 53 47 147 96 210 190 44 150
68 46 142 78 30 74 33 94 158 183 22 126 183 196 3 165 241 114 234 198 12 181 212 90 185 105 66 102 235 17 16 183 187 93 228 203 10 71 218 201 170 9 35 94 26 44 22 95 212 20 240 188 161 247 115 22 152 194
6 103 176 217 214 157 129 77 69 72 38 163 235 19 193 138 109 82 42 189 74 164 159 241 84 196 180 149 161 190 152 78 202 30 140 235 148 190 237 222 129 203 207 138 157 128 188 243 185 220 184 240 49 223 238 217 231 211
96 210 116 100 248 31 119 182 70 77 241 98 113 158 232 205 69 60 196 191 160 73 190 156 219 205 44 196 64 232 218 134 108 143 185 88 185 46 41 186 206 216 52 23 148 191 61 236 116 188 154 180 152 139 167 184 90 39
83 248 125 201 117 188 166 200 205 148 132 14 199 112 195 174 201 68 133 231 189 125 55 189 254 188 58 229 104 127 40 187 44 225 11 211 204 211 207 210 230 190 165 75 144 185 195 107 60 212 38 218 198 248 165 14 37 197
133 90 176 200 219 194 25 113 126 94 63 200 35 146 239 28 149 195 219 115 82 234 209 149 195 225 131 168 246 57 255 42 131 235 114 252 79 244 203 6 197 242 45 237 204 34 237 200 235 7 187 44 28 228 190 8 155 96
227 38 127 140 75 215 132 78 245 122 181 3 122 42 232 235 210 125 173 104 247 87 49 19 76 198 232 217 247 174 112 117 239 28 91 232 148 198 129 156 142 181 233 174 1 20 156 83 122 211 230 74 204 147 242 95 91 211
196 192 0 225 86 74 184 54 65 217 236 86 241 118 238 192 52 198 157 118 225 241 18 204 194 214 193 209 72 37 203 40 164 187 187 138 30 9 221 255 169 219 47 89 216 234 236 125 11 73 153 8 140 28 40 109 25 158
58 224 104 119 149 244 234 143 95 184 235 160 207 96 94 20 222 9 191 134 190 133 159 231 134 10 215 107 216 125 46 209 4 238 93 173 193 77 201 50 24 161 73 235 202 177 81 195 193 216 31 51 6 228 87 19 23 79
222 233 239 82 204 206 90 227 186 121 204 86 106 222 80 142 203 123 179 112 15 25 222 107 74 228 15 190 207 20 232 220 205 111 197 38 93 255 166 196 225 182 131 110 59 182 161 185 166 188 120 192 123 72 226 199 206 201
189 183 120 58 107 201 202 241 2 69 21 245 112 72 232 6 117 10 204 186 225 64 130 113 230 10 80 252 150 235 74 48 236 64 214 194 211 208 73 192 60 210 17 35 189 152 116 124 180 227 225 241 92 194 180 152 229 67
11 67 221 192 200 181 148 29 187 82 100 193 33 228 232 197 93 123 189 101 167 222 224 240 150 234 224 141 204 58 114 96 238 50 113 162 203 57 159 250 194 83 32 139 224 111 217 196 84 227 210 217 70 71 251 213 211 143
241 163 202 203 75 144 195 108 89 52 174 240 172 22 120 102 129 42 194 207 12 179 196 120 58 240 118 83 212 106 51 232 133 126 26 75 215 7 139 180 50 197 87 93 183 155 234 61 120 227 236 36 141 204 255 127 117 188
187 130 144 199 167 115 97 251 245 109 56 218 217 86 135 215 127 197 219 93 10 248 220 9 50 85 31 219 18 182 231 248 75 13 75 193 205 211 183 109 223 8 193 197 201 210 244 192 225 22 236 43 237 247 149 222 252 251
207 209 49 244 108 211 208 106 201 145 195 153 34 78 168 66 236 185 183 38 130 106 36 190 227 174 158 48 7 116 250 159 62 64 177 81 244 202 77 119 52 153 30 219 98 195 179 27 128 158 143 179 232 171 162 182 7 153
190 193 184 121 182 197 53 155 172 185 191 141 233 151 232 222 223 37 118 190 211 37 125 171 44 231 113 239 116 93 199 206 185 249 135 144 254 214 123 19 184 107 97 16 224 240 142 80 222 206 215 98 147 191 199 18 1 183
181 124 137 243 192 222 78 219 185 85 180 127 222 56 62 205 242 202 200 175 238 239 241 197 240 36 79 206 65 194 85 214 82 31 246 80 194 63 212 115 102 39 169 227 247 138 75 241 85 60 158 231 45 225 181 168 212 35
5 125 52 109 2 186 50 3 46 252 136 219 182 228 46 28 184 251 198 107 137 246 239 61 89 28 234 138 121 38 40 198 191 231 46 145 197 205 213 121 57 228 188 204 119 19 82 11 204 197 180 224 202 159 185 53 172 175
70 83 156 144 218 128 16 240 204 92 88 150 53 201 119 14 150 165 140 45 56 251 241 196 229 187 24 129 195 42 181 237 187 244 5 77 122 212 217 233 109 180 204 225 61 172 111 189 252 51 203 213 95 207 110 217 42 200
124 160 188 37 217 204 23 18 1 227 131 199 243 21 61 253 99 201 248 106 249 186 195 163 193 231 232 154 4 234 222 181 122 137 118 201 8 87 188 103 170 220 214 50 213 48 241 106 128 181 35 14 235 6 196 228 76 207
43 218 89 112 195 205 22 229 145 224 202 181 111 227 2 24 131 217 173 59 2 88 219 46 160 199 224 213 180 197 140 192 185 192 54 234 104 119 184 5 155 215 53 92 140 22 125 237 219 153 104 72 73 246 141 94 73 194
50 59 106 139 199 111 104 34 230 160 72 228 233 192 109 120 210 246 251 198 213 36 76 223 78 234 157 181 191 22 22 229 228 211 212 237 9 78 164 255 137 54 185 117 129 198 201 123 43 121 203 190 238 20 128 132 228 94
5 67 226 36 154 202 226 179 213 146 101 40 69 191 43 68 12 186 138 205 226 78 227 235 40 243 134 160 94 25 151 214 116 174 204 42 78 153 73 129 242 141 222 226 145 228 82 96 221 5 219 210 216 19 206 72 159 205
170 138 220 78 74 96 240 227 180 200 214 211 206 241 154 220 212 213 193 208 244 42 203 211 211 181 216 193 239 85 155 225 26 19 50 14 206 14 18 192 75 244 220 45 107 33 15 14 203 91 154 83 10 175 221 80 52 111
192 229 34 122 61 75 36 187 250 144 205 198 214 88 27 210 73 19 209 192 176 224 163 69 88 91 163 198 107 32 224 111 22 51 231 96 161 127 45 85 202 165 83 228 66 240 215 232 218 203 74 228 125 232 16 75 206 111
188 223 81 234 139 223 196 29 21 84 15 113 76 240 178 239 102 195 162 197 232 193 3 239 117 180 114 46 199 237 47 38 229 201 136 227 4 36 4 99 229 140 181 81 129 156 185 43 209 7 178 229 120 26 169 229 27 51