21 86 15 54
101
94 69 73 186 199 58 214 182 27 109 25 189 79 81 197 254 95 172 213 75 86 228 26 67 7 249 210 81 60 41 243 205 165 0 255 247 1 6 57 0 231 149 177 155 99 26 75 0 85 149 21 161 133 115 251 221 100 176 133 225 34 34 158 2 219 189 36 172 110 36 45 71 38 63 93 252 97 18 16 106 143 181 54 175 2 119
143 57 33 214 0 0 165 84 58 135 95 128 79 79 119 204 179 230 165 204 116 181 86 51 53 169 229 13 52 103 97 41 140 129 30 157 226 186 63 144 116 56 180 80 162 113 196 200 216 215 225 207 245 191 79 148 239 24 79 58 68 32 25 245 245 202 5 150 92 56 54 5 12 162 251 0 66 92 0 220 2 133 35 34 140 90
109 197 216 23 209 197 32 45 155 76 202 104 250 183 115 207 238 114 46 53 227 121 29 88 238 220 23 47 164 22 30 42 229 0 43 111 0 197 137 209 61 81 211 204 74 245 112 16 151 182 11 18 159 0 28 70 200 71 92 45 233 240 17 156 216 250 29 54 86 137 44 145 13 0 0 223 115 153 110 67 241 134 244 29 30 149
238 93 61 191 68 242 62 62 159 178 168 28 119 155 54 86 66 53 83 202 158 60 13 58 128 141 107 170 14 0 0 170 210 149 21 100 69 68 30 24 92 81 1 123 158 97 79 194 2 239 0 199 99 237 223 216 100 182 103 11 221 56 175 255 94 53 199 0 88 126 156 153 54 198 0 242 2 94 174 113 181 50 226 169 115 222
56 114 133 54 103 52 250 202 65 16 84 178 255 34 244 17 42 84 78 0 192 61 86 79 139 137 137 203 32 65 239 42 207 70 101 171 37 109 107 190 68 238 5 244 140 231 116 7 215 12 57 6 129 229 14 64 137 184 19 166 0 18 8 115 153 124 147 244 53 0 46 109 124 107 184 153 183 212 47 61 180 189 210 0 52 101
11 72 15 115 15 123 217 79 99 236 53 193 229 14 51 62 66 163 27 0 1 227 86 184 197 185 103 215 153 85 78 248 50 0 137 26 93 104 120 0 103 155 193 112 218 251 126 25 84 0 0 62 8 114 113 138 166 201 6 19 180 70 78 82 204 0 154 190 105 32 77 84 229 85 4 39 136 247 113 252 94 72 134 187 236 149
198 242 4 84 224 179 199 215 146 213 152 201 87 59 0 185 229 59 5 116 50 61 130 117 92 0 141 0 94 177 18 188 236 0 45 120 141 190 127 18 59 19 62 103 160 123 2 0 65 254 27 0 90 240 142 18 222 60 112 232 55 48 247 27 134 62 161 53 75 109 123 74 0 48 21 149 252 171 17 37 106 51 248 177 68 129
73 229 201 100 228 119 85 130 79 187 72 196 57 156 255 139 85 36 181 157 33 45 254 214 188 213 24 76 0 240 7 67 0 77 151 15 43 179 52 82 24 200 204 210 7 52 64 94 67 90 77 92 50 205 0 213 0 185 137 153 137 61 0 36 43 210 30 29 152 182 0 0 185 236 69 196 22 155 102 186 94 247 154 111 103 198
93 34 98 253 181 111 159 2 64 241 79 184 165 130 66 202 84 23 179 90 196 230 175 159 99 0 191 145 104 47 145 212 9 73 14 215 0 112 113 89 80 99 95 22 254 236 208 31 242 201 7 153 86 94 1 0 151 60 83 236 13 169 0 143 32 119 136 103 46 49 238 15 239 151 25 204 0 116 33 161 249 70 245 246 156 74
25 143 32 185 68 190 205 9 249 97 162 11 24 78 77 190 79 140 88 130 134 151 154 135 4 245 160 37 84 200 189 83 220 0 140 167 46 121 45 63 200 135 249 234 109 141 9 61 10 33 142 77 64 125 79 49 203 76 0 107 134 55 106 65 48 140 40 166 221 139 0 104 131 0 4 66 0 43 108 254 210 30 21 133 73 77
46 223 60 130 187 30 214 135 83 0 49 204 47 7 42 221 163 241 45 117 72 189 170 234 227 150 120 178 73 156 116 179 94 95 35 116 96 140 23 141 122 150 74 88 77 65 143 170 98 0 61 0 46 0 0 172 20 135 228 83 201 167 0 195 200 111 206 42 46 3 139 63 104 223 77 181 10 141 168 139 165 0 196 186 64 76
125 85 118 49 123 94 63 217 182 235 15 25 71 17 212 123 124 0 128 158 0 30 201 1 131 8 141 139 229 162 102 136 0 110 135 118 82 36 100 113 90 63 139 69 217 125 180 12 4 132 97 66 62 123 36 104 79 204 73 93 60 165 76 184 39 113 94 6 160 197 108 163 97 117 221 233 224 246 63 0 225 105 120 143 90 0
186 0 145 30 22 201 32 14 159 55 177 90 243 255 226 53 224 128 19 82 223 0 0 176 249 74 137 84 98 103 42 166 62 47 144 11 15 57 144 103 5 141 0 195 87 89 111 7 137 14 21 0 55 47 0 95 36 83 0 0 105 154 148 35 79 88 147 206 83 216 102 26 129 60 106 209 31 76 246 100 139 223 48 35 74 83
63 73 201 184 137 40 169 159 92 93 196 0 48 242 112 107 19 0 228 159 7 254 74 166 86 17 254 71 4 58 154 175 84 168 49 61 76 82 208 47 37 206 178 6 56 205 230 224 250 213 0 0 0 28 4 0 113 0 8 44 0 176 30 57 183 176 24 218 172 222 107 77 163 202 61 209 125 133 97 245 132 245 80 174 165 21
26 158 140 230 4 238 161 37 16 51 86 61 79 74 141 34 138 132 41 178 18 9 82 254 51 106 53 196 211 214 163 232 161 98 121 247 0 196 96 1 92 125 56 75 74 202 133 180 158 0 0 0 14 42 126 92 0 69 36 0 15 225 177 161 54 251 64 23 146 94 133 17 229 248 103 27 26 5 89 34 10 133 0 136 166 20
84 246 203 212 81 183 55 90 75 106 49 51 31 67 67 132 104 104 0 64 76 86 243 127 158 38 65 166 244 15 10 15 20 68 23 231 70 62 180 79 178 195 22 240 128 192 39 253 227 0 42 140 97 27 0 110 120 106 95 0 173 99 237 102 107 96 164 108 255 46 104 29 149 0 200 42 251 145 62 61 196 244 87 248 0 122
220 96 170 66 190 82 190 223 120 52 65 0 60 88 52 154 235 0 240 102 157 166 48 31 40 251 251 26 118 0 138 23 120 91 187 84 81 177 62 187 0 44 85 190 0 224 0 34 32 4 123 0 76 52 29 79 71 31 56 33 225 187 208 81 55 79 55 183 103 181 0 140 10 0 93 130 0 8 119 0 204 250 30 16 111 0
87 90 41 201 227 161 16 66 111 119 71 232 52 146 25 113 169 85 203 75 252 72 56 33 198 122 68 10 99 0 0 27 94 124 179 214 197 80 164 173 7 236 30 114 211 135 156 193 41 98 56 34 78 0 122 90 0 223 5 2 197 239 181 60 20 133 83 0 170 237 79 87 240 191 18 116 149 92 228 6 131 207 94 195 190 26
210 13 113 11 2 156 0 138 253 76 167 94 92 169 253 106 40 6 148 214 15 33 228 0 215 253 17 161 69 193 46 115 19 109 99 22 58 227 204 70 202 71 218 59 219 52 221 141 49 68 135 0 0 98 8 133 50 119 95 57 247 225 241 194 0 40 77 181 0 208 131 78 139 113 0 85 14 0 5 219 175 209 247 244 110 165
71 11 113 28 130 94 56 4 44 84 3 14 212 193 179 152 199 179 56 78 12 182 238 157 201 46 33 11 192 120 98 72 240 156 122 188 127 126 122 49 138 239 122 246 228 42 11 64 11 0 0 52 0 53 138 10 75 78 165 12 52 0 0 0 236 0 180 11 135 5 128 216 152 199 60 78 54 193 110 130 228 247 63 0 35 73
56 137 0 129 140 71 154 158 62 158 92 143 17 252 173 200 138 132 8 214 17 232 6 114 17 232 21 69 0 16 0 120 188 162 43 199 81 0 123 137 246 181 27 150 140 35 68 64 231 141 0 0 0 80 0 0 205 63 139 23 4 69 122 0 67 131 152 175 14 33 61 234 162 91 33 39 5 22 247 49 231 76 146 216 0 58