70 95 55 89
63
3 10 224 17 236 141 74 65 131 58 4 149 83 78 80 177 4 214 189 6 231 57 187 98 241 57 159 242 85 151 152 248 121 106 108 156 245 118 78 25 145 189 184 29 123 191 79 169 158 23 112 79 73 3 202 91 137 165 148 157 183 11 115 129 255 59 178 132 28 126 7 232 63 172 90 37 28 45 103 28 119 143 99 147 226 79 185 205 88 120 78 235 167 123 174
184 180 103 71 144 154 143 113 128 11 162 101 89 144 179 136 60 246 131 43 103 204 181 129 70 174 187 183 115 12 145 185 30 66 235 225 251 37 142 62 54 58 182 128 191 92 175 250 19 213 139 218 5 188 107 143 169 131 11 107 32 140 69 128 71 107 189 23 247 103 140 185 201 147 237 166 238 105 125 110 238 102 216 75 247 158 180 215 111 188 114 68 141 16 154
143 178 233 199 96 174 80 91 91 50 68 172 69 188 220 118 55 239 231 107 86 191 70 127 211 9 26 173 214 91 101 205 199 138 208 104 160 78 61 255 192 178 91 141 139 121 75 198 28 217 144 127 179 202 149 16 72 202 155 154 34 156 168 150 179 233 179 86 82 130 150 247 156 45 68 127 173 183 223 151 179 96 127 211 212 144 191 237 104 93 208 107 71 176 40
65 163 7 204 149 63 6 221 236 72 66 126 86 129 210 222 61 159 191 86 106 88 157 188 140 215 58 211 206 231 10 74 62 243 149 65 237 95 238 4 250 118 160 185 4 215 73 240 209 99 151 90 126 52 7 11 111 198 178 98 98 58 60 159 13 122 200 172 25 93 45 10 12 166 94 116 45 211 133 12 173 150 6 92 208 98 5 217 235 78 30 153 242 101 67
89 238 185 125 67 229 137 104 47 77 191 90 186 96 185 238 205 212 77 214 99 27 102 18 222 227 37 85 142 188 11 66 6 35 27 65 25 146 164 202 190 97 125 187 201 133 172 73 242 56 152 86 82 173 99 103 220 65 128 174 124 10 206 34 84 156 140 254 82 132 135 179 136 19 157 151 171 59 85 142 115 194 16 178 112 126 253 84 182 147 235 3 71 79 157
74 131 146 217 99 141 23 80 89 126 36 205 120 114 172 188 176 107 193 214 216 243 116 224 71 132 119 83 135 208 89 103 171 133 147 193 108 114 120 5 155 111 157 161 242 126 141 166 236 119 16 11 131 191 1 208 83 109 163 48 191 164 27 86 166 110 251 32 170 128 98 103 145 156 240 84 175 187 91 246 82 173 36 116 78 0 239 69 107 88 69 54 68 127 110
138 63 41 125 122 249 239 166 237 159 103 31 20 174 254 118 167 224 181 111 109 146 222 77 71 22 225 165 1 112 153 99 23 238 20 150 209 83 139 144 137 132 149 15 89 52 102 230 163 174 65 200 149 50 180 247 147 219 234 81 233 73 154 154 142 146 15 132 245 151 50 129 139 238 128 205 54 196 120 29 132 57 13 28 155 105 129 181 44 105 184 96 117 16 247
139 249 251 39 238 119 179 174 48 120 146 167 163 101 62 106 100 108 249 181 12 216 187 71 60 221 66 131 41 164 108 56 238 97 8 195 245 109 55 168 38 213 133 5 175 101 162 56 112 105 122 50 142 140 79 216 140 72 14 21 127 238 149 79 78 252 148 113 116 125 50 199 236 227 152 64 45 37 188 29 174 77 4 71 187 162 184 76 174 43 193 124 174 49 166
40 29 55 15 122 28 54 127 66 130 218 110 145 147 85 64 135 78 225 80 66 62 143 110 205 42 242 34 158 170 113 197 122 156 233 135 40 3 110 219 8 233 75 241 155 221 163 107 100 134 111 146 38 147 98 223 72 179 78 51 203 185 166 148 168 78 11 34 106 90 1 2 245 227 207 37 159 78 135 90 196 94 68 24 137 80 43 238 88 192 213 192 120 124 252
158 143 15 254 167 219 123 71 23 106 88 191 140 158 71 247 42 221 133 8 128 249 39 147 120 220 90 140 158 188 85 188 73 9 230 88 133 17 212 139 139 127 185 97 90 163 148 151 252 201 61 78 86 94 222 121 85 69 97 83 80 249 137 31 130 76 156 224 110 104 95 2 96 166 45 44 39 179 155 244 2 6 140 211 145 21 156 240 169 50 10 52 218 140 48
147 58 69 204 111 142 149 24 76 162 5 105 249 105 24 13 77 127 28 221 236 12 44 240 229 121 182 132 174 149 181 138 96 58 9 100 136 0 38 205 15 2 163 240 42 164 54 82 214 135 188 140 119 10 195 96 91 122 187 30 148 235 137 171 227 236 232 124 96 128 48 247 149 28 132 76 97 156 177 178 179 156 222 244 221 108 171 75 148 77 246 84 218 204 97
157 144 83 227 12 209 245 101 0 147 91 3 80 70 207 254 251 172 26 184 56 183 226 143 126 103 154 79 3 16 73 92 87 47 124 241 191 108 132 100 168 38 179 181 220 254 27 0 128 203 205 71 142 83 90 154 211 118 92 253 131 212 223 7 249 98 67 25 39 141 121 92 162 227 75 237 186 224 152 253 91 142 74 135 155 206 136 172 250 50 104 81 182 15 24
134 198 109 100 46 225 221 81 179 169 44 150 47 157 121 12 208 115 15 107 101 158 88 55 73 252 145 16 146 220 84 38 7 32 177 81 225 47 83 227 69 112 62 236 146 252 78 150 6 6 2 26 244 158 1 19 89 243 125 136 180 176 102 160 15 190 253 169 100 101 184 106 217 179 70 135 182 233 223 255 234 104 32 66 215 62 144 118 91 142 27 138 76 16 128
182 4 102 146 188 104 57 27 145 72 182 83 228 156 173 59 236 91 86 16 136 159 103 153 101 59 212 254 184 84 113 65 149 65 0 111 168 83 38 182 113 198 108 93 170 147 123 91 225 109 180 212 169 110 79 151 174 85 188 113 93 99 0 7 94 48 196 65 109 134 162 110 254 165 34 231 32 36 212 181 134 42 71 185 181 226 147 139 102 192 96 187 81 166 183
130 80 115 125 128 103 130 82 84 229 112 147 92 48 43 30 200 59 205 117 150 25 9 143 216 160 149 114 34 182 211 200 109 63 181 93 154 184 167 147 254 12 95 232 216 105 252 180 131 177 26 120 105 182 67 127 117 169 78 116 52 154 96 101 135 6 176 78 80 80 66 77 203 6 166 166 182 168 49 144 125 242 98 65 154 206 153 234 214 190 180 176 111 164 92
194 152 0 97 88 115 255 114 27 193 92 97 44 163 160 14 161 119 60 74 158 184 235 122 52 220 35 47 243 186 139 193 103 109 88 141 110 18 194 201 182 31 253 7 189 55 214 96 186 169 164 6 115 155 44 103 34 120 160 145 96 112 125 111 75 170 151 234 141 137 76 143 100 227 168 218 5 14 245 120 121 254 66 81 230 224 37 62 168 125 103 245 242 89 114
47 70 182 119 193 161 0 65 1 124 71 151 212 206 134 186 20 138 210 149 231 178 221 109 99 153 78 49 45 105 26 67 0 50 35 248 48 177 255 67 33 193 114 162 116 82 162 161 80 162 137 124 93 99 131 43 28 101 120 1 235 195 217 60 87 209 204 16 18 189 105 114 141 229 55 50 102 151 72 224 37 151 206 85 131 60 115 13 215 79 136 177 162 240 95
183 148 96 187 143 0 120 77 199 199 19 38 156 134 101 148 173 9 113 239 128 199 63 112 130 108 83 92 46 168 125 158 92 174 228 49 155 60 151 159 141 22 228 14 250 226 115 94 151 121 226 25 28 212 85 203 15 146 171 82 124 89 170 77 116 104 150 252 151 76 37 97 248 152 116 229 114 255 19 126 67 159 111 212 68 241 6 238 105 101 155 232 194 173 20
49 175 38 1 33 255 134 184 21 119 137 56 20 243 4 13 126 85 124 191 187 214 149 144 101 39 251 53 232 75 137 143 191 167 110 164 195 76 159 77 241 128 135 48 189 195 149 196 27 32 198 139 117 223 39 233 76 29 85 139 239 244 201 187 148 48 116 17 239 98 232 113 236 88 97 66 191 104 35 162 39 172 219 162 20 245 102 172 185 196 246 233 13 239 21
153 195 222 194 14 135 109 103 143 249 63 130 47 143 36 190 117 200 129 238 205 184 105 116 167 88 106 176 145 57 188 246 116 132 106 121 116 195 70 140 62 82 127 103 115 206 173 68 142 188 118 69 101 67 78 50 120 74 193 70 40 192 221 138 221 239 94 73 170 73 18 239 17 95 69 92 105 133 104 142 168 130 208 156 187 234 21 169 118 93 87 150 176 107 90
26 69 134 68 157 246 53 175 81 67 193 17 255 182 167 45 114 23 255 102 222 25 47 129 53 80 164 220 44 139 171 183 68 74 201 87 248 112 240 123 241 120 139 17 255 159 169 32 218 151 21 20 112 245 97 137 145 97 46 29 163 26 63 147 36 119 210 5 154 211 123 144 224 9 83 225 4 95 141 177 84 103 125 169 42 77 154 31 91 137 143 162 65 128 197
78 210 101 46 9 227 108 191 92 132 39 158 158 151 215 130 94 140 121 124 187 184 142 180 163 115 182 63 110 240 143 81 104 56 4 68 89 189 223 72 148 88 136 253 185 75 19 232 238 238 41 153 34 79 174 1 203 158 153 155 230 243 115 72 59 183 26 75 145 170 248 68 220 243 101 170 241 57 52 76 177 46 20 148 188 13 159 131 211 107 123 120 210 32 254
41 88 133 138 54 38 52 226 229 52 214 131 45 148 151 99 18 19 135 105 121 13 63 87 137 38 88 105 138 22 11 128 156 94 81 129 141 134 23 52 104 84 48 230 111 91 202 8 215 172 255 248 75 238 38 102 18 66 236 115 66 225 188 232 234 43 194 92 54 72 195 204 81 238 73 194 153 102 33 113 185 26 194 142 209 31 163 10 141 163 57 63 32 19 65
89 160 106 129 121 125 93 97 117 170 117 120 138 68 106 143 91 15 219 162 178 48 118 84 63 147 29 32 228 96 137 161 179 117 176 254 53 156 84 165 131 224 218 189 199 150 202 82 64 85 231 30 205 9 29 170 139 69 161 156 94 102 52 40 50 184 131 163 184 178 125 154 252 119 98 180 75 218 103 17 222 146 15 106 88 4 58 24 209 35 42 200 250 41 192
158 229 187 170 15 128 44 218 245 100 170 252 151 171 237 68 109 79 123 172 245 156 133 144 178 15 55 168 120 15 70 72 214 138 132 93 63 254 186 2 231 35 220 72 83 184 166 208 107 3 136 242 1 176 129 69 86 154 173 85 184 254 148 79 108 237 210 135 34 138 147 31 191 87 88 76 172 169 223 70 188 241 23 211 101 237 67 124 247 116 125 36 42 98 33
158 158 216 190 203 47 166 141 164 190 177 125 160 121 44 95 79 242 44 183 246 18 36 105 21 162 115 210 164 133 206 168 123 122 212 106 164 135 6 20 226 114 82 79 133 193 185 15 57 4 19 195 236 90 68 46 223 68 57 109 49 112 131 206 250 181 105 171 188 137 55 28 82 160 254 154 224 237 40 42 238 92 20 128 102 176 36 89 65 117 95 94 143 235 151
118 239 96 242 218 96 130 52 159 74 107 130 148 178 23 159 65 7 10 58 250 37 66 68 69 111 245 34 163 85 52 98 127 23 200 214 124 57 252 163 249 212 154 120 255 173 91 41 196 79 52 138 205 194 42 255 126 2 25 198 170 5 51 47 77 47 109 39 67 8 9 85 89 67 55 69 123 46 182 167 75 41 48 83 217 194 157 185 161 58 182 140 255 244 203
103 186 124 2 29 97 157 227 115 241 215 60 119 15 220 108 106 130 124 142 88 65 68 95 121 106 102 72 72 54 31 94 169 173 202 253 147 49 21 211 97 22 105 184 99 48 24 233 41 217 254 230 101 123 87 131 73 105 146 142 174 180 145 108 36 135 179 153 113 182 172 183 173 153 72 189 43 128 74 129 75 8 123 153 132 38 182 35 128 163 113 5 144 132 123
241 172 53 23 220 25 182 228 103 218 131 28 170 187 25 157 117 124 226 196 107 145 152 178 21 68 58 92 30 144 2 229 144 75 204 90 41 230 136 110 210 252 191 169 73 75 167 65 153 105 81 166 195 247 27 80 9 164 115 214 190 57 214 37 113 91 94 19 116 154 52 120 136 103 179 82 162 208 121 35 112 156 9 144 180 78 243 21 135 218 237 97 161 158 57
75 144 150 101 157 192 156 195 155 173 161 182 58 240 88 99 168 48 128 101 173 142 112 155 96 71 71 107 171 225 62 75 29 53 46 199 59 125 224 38 170 125 214 233 89 10 36 133 65 238 72 107 193 1 107 25 168 183 126 138 84 174 233 164 130 189 160 158 107 38 151 76 143 43 195 145 44 254 116 125 117 138 39 19 80 217 85 221 106 26 141 57 80 150 221
138 17 143 97 245 222 155 38 115 74 153 37 80 215 154 205 170 120 87 1 153 39 154 178 146 18 20 104 155 237 118 34 230 212 225 119 150 227 144 248 138 168 65 82 13 7 59 245 166 162 223 56 189 200 207 38 21 170 154 5 122 62 83 101 217 125 135 248 184 36 70 132 72 13 8 112 156 119 101 240 132 131 152 156 89 41 219 119 193 15 62 80 202 4 85
71 223 25 239 165 221 125 246 66 73 245 60 46 236 153 87 79 110 97 128 65 100 251 74 99 113 117 34 121 211 185 132 166 93 169 247 72 168 199 231 127 106 183 247 95 204 218 113 75 212 87 112 91 70 177 219 173 4 78 197 115 137 24 65 253 75 56 214 44 173 108 212 28 100 215 28 117 66 254 24 135 50 200 117 149 161 18 91 164 73 234 45 92 68 161
152 181 55 248 190 137 182 65 71 36 168 80 240 211 138 97 83 5 113 97 163 85 104 92 142 111 90 128 161 29 88 188 124 138 203 131 179 63 152 125 221 225 145 237 35 140 128 72 2 44 153 49 248 124 116 83 252 130 75 220 66 36 35 166 254 118 198 85 66 101 187 243 184 125 188 227 5 106 223 83 229 0 112 240 157 69 27 49 159 182 118 8 3 86 173
133 246 129 49 122 83 70 46 209 83 234 181 138 99 243 118 120 135 52 125 88 95 198 14 146 32 68 175 127 15 249 26 103 157 160 181 242 90 44 166 167 64 125 185 242 46 102 149 80 57 84 178 244 82 87 69 109 139 30 216 244 241 121 124 178 50 238 175 81 154 204 36 23 175 18 253 54 68 131 128 5 39 228 186 179 38 22 20 60 177 45 73 83 1 135
74 81 150 104 94 183 152 24 71 99 197 160 254 67 202 71 74 252 68 205 223 82 250 114 22 100 103 82 5 154 129 170 241 130 43 138 52 158 79 115 241 112 109 128 16 168 151 238 123 198 36 111 216 179 235 245 241 61 134 249 5 97 142 150 168 179 35 100 249 133 130 169 119 59 70 152 246 230 29 177 175 36 222 48 29 121 128 85 90 137 42 122 101 32 191
196 196 115 161 133 54 193 4 244 7 172 159 0 6 178 36 223 175 128 254 30 143 67 89 130 99 78 131 243 89 190 100 4 27 120 60 31 22 103 222 21 123 170 36 179 1 130 98 25 62 39 34 242 61 249 130 36 32 196 70 94 198 138 230 147 24 33 36 111 1 173 32 80 203 9 109 49 136 167 186 178 250 70 130 240 167 89 78 113 6 116 131 195 135 168
224 111 124 187 105 161 89 235 81 204 70 181 42 19 185 16 158 160 164 175 234 192 222 82 171 184 113 1 140 137 122 243 111 138 32 190 167 170 68 95 68 69 129 178 40 219 95 106 80 232 234 208 247 221 135 23 73 98 148 233 228 15 152 239 45 151 97 189 128 39 186 120 95 134 143 15 241 126 116 214 193 79 9 186 43 22 7 70 133 108 10 42 156 90 131
121 139 152 249 69 152 140 178 167 62 202 188 77 93 175 103 131 94 192 93 140 159 111 164 21 80 37 206 75 54 22 87 97 26 96 158 146 147 92 190 90 196 114 180 19 113 158 21 98 87 86 222 168 249 85 133 128 111 121 149 137 74 50 83 144 171 206 68 163 140 175 31 245 22 185 83 14 155 165 196 221 181 161 31 13 192 97 220 85 157 111 99 247 214 230
149 135 224 253 163 200 96 77 96 115 114 44 138 46 162 174 82 127 18 79 194 201 201 161 102 99 232 35 114 232 215 238 220 177 102 115 103 100 135 85 162 82 109 199 239 94 77 162 42 17 230 231 216 135 11 199 205 210 55 192 249 158 150 9 60 57 42 231 93 208 174 113 10 203 188 145 17 181 94 213 44 121 75 67 6 196 152 145 37 89 65 121 191 121 226
118 175 252 89 170 31 132 78 13 70 186 39 251 174 172 154 172 74 135 19 87 246 217 187 84 203 195 2 56 22 170 136 94 144 31 93 165 170 230 118 60 23 214 92 62 162 250 125 215 191 119 203 149 57 99 81 117 124 189 212 163 196 248 138 88 49 14 170 191 142 171 73 145 109 253 71 221 209 92 144 200 176 117 171 203 106 15 63 140 190 178 150 6 209 196
49 220 71 65 158 242 59 65 141 128 248 243 170 161 81 242 75 222 230 58 70 185 49 184 130 118 110 136 66 94 88 192 132 142 216 40 230 75 38 245 34 166 104 66 37 181 42 147 80 202 172 195 185 228 41 198 211 222 200 153 55 179 8 107 231 15 221 174 254 170 16 24 244 149 90 232 108 80 129 217 69 195 66 233 185 42 37 19 41 58 166 95 145 75 73
16 103 145 183 175 131 246 245 235 208 178 79 145 133 107 251 203 105 164 192 140 121 144 173 121 17 111 182 41 175 9 81 185 131 77 197 35 35 32 191 167 226 119 207 99 152 209 161 151 29 161 66 25 216 4 122 60 40 129 134 5 53 128 93 142 148 126 232 233 212 162 128 132 172 98 17 203 98 72 84 2 45 220 182 152 236 17 85 151 98 101 166 245 174 150
100 58 3 90 98 169 78 161 133 107 36 11 153 177 18 15 200 103 21 114 137 56 157 41 9 230 114 188 252 73 116 157 254 79 2 98 240 149 123 188 170 127 108 188 86 50 132 185 179 47 88 201 185 103 74 147 166 173 252 124 43 15 98 39 147 33 52 152 80 35 173 88 39 185 69 80 162 21 105 63 247 205 125 161 217 77 97 183 109 180 161 205 89 122 72
156 44 33 128 237 82 0 83 69 191 193 134 200 213 120 149 168 48 87 108 84 140 97 71 46 125 83 152 33 70 160 133 93 231 119 162 221 177 187 59 33 196 183 165 25 79 210 71 137 247 97 106 112 110 145 46 179 33 193 160 43 74 71 88 76 88 110 229 165 144 120 105 223 41 127 224 14 27 181 96 175 203 190 216 211 105 134 223 132 96 238 234 251 144 144
188 83 93 116 130 177 14 187 129 51 228 178 89 118 244 245 57 37 77 19 210 8 83 243 48 229 180 6 120 139 131 183 42 111 97 96 83 117 84 148 165 68 65 121 74 237 69 20 199 188 82 18 41 48 202 74 216 247 63 1 121 129 24 16 134 218 235 201 3 151 244 189 68 182 250 201 36 203 169 128 72 93 38 153 195 46 158 28 32 113 51 58 10 133 137
206 86 159 34 80 184 111 63 184 40 206 229 18 79 171 39 120 155 125 207 52 229 207 47 215 239 69 209 213 120 144 5 154 137 168 43 188 189 123 69 199 176 223 146 43 196 26 86 249 175 106 43 238 114 69 162 231 148 16 150 55 27 163 104 139 133 244 188 8 9 188 40 183 114 61 144 176 175 50 57 113 140 163 23 60 144 43 90 153 66 150 179 100 241 29
157 193 228 170 180 93 17 145 172 47 9 89 106 165 6 188 218 32 250 167 111 78 242 74 80 198 167 4 217 158 90 222 187 127 208 150 29 86 143 8 122 99 241 152 142 81 16 87 149 78 147 24 76 110 123 212 131 249 102 155 16 163 131 161 166 225 129 16 68 96 81 127 60 149 74 219 190 16 213 103 104 158 109 157 75 140 75 128 109 71 97 92 249 233 158
0 166 44 21 82 88 133 241 152 12 238 55 8 77 213 36 26 110 81 139 33 216 119 99 119 136 176 143 52 172 102 159 78 63 67 188 128 4 111 167 187 7 76 132 75 176 93 28 149 88 121 145 176 148 199 42 203 147 67 16 130 28 76 151 93 87 146 83 83 122 214 49 105 170 247 226 58 158 201 238 11 80 151 77 150 132 183 72 86 71 72 114 191 78 187
173 6 152 88 151 253 0 120 97 21 7 116 221 168 110 73 155 179 94 99 196 97 70 56 43 145 43 222 228 66 215 171 141 157 32 158 202 216 80 94 147 133 208 222 60 123 210 148 2 9 157 235 138 34 242 88 90 203 104 219 104 96 253 2 2 252 131 8 166 153 170 109 115 232 107 171 175 56 141 236 117 128 125 117 93 110 71 132 70 187 15 180 118 65 136
247 111 72 130 86 239 248 58 88 120 69 155 48 18 148 173 183 246 74 61 123 122 71 213 116 34 22 2 144 217 140 190 119 199 179 23 180 121 21 233 112 129 24 21 148 32 175 199 11 29 218 197 177 168 36 177 168 127 145 235 152 180 100 45 180 220 6 95 75 4 147 153 74 255 232 35 75 98 247 39 197 144 125 159 121 67 151 159 115 129 166 124 119 101 115
63 102 244 104 252 28 179 39 83 148 30 112 120 105 204 1 235 31 93 69 77 121 232 114 124 33 50 56 224 247 178 77 77 176 208 238 228 110 167 189 129 223 184 90 101 6 73 248 246 238 177 232 226 98 126 209 157 87 77 195 115 144 124 98 234 246 115 247 197 183 110 21 131 227 3 37 239 17 168 0 155 196 171 77 151 127 122 129 183 155 83 79 103 68 150
144 47 147 45 151 29 35 143 188 222 80 123 164 42 211 105 84 127 169 129 248 178 189 91 208 142 100 210 212 204 182 102 70 233 99 174 32 124 165 127 102 146 39 88 33 53 143 66 13 109 247 71 191 79 218 31 78 114 114 176 13 169 122 98 171 83 211 128 23 194 160 81 72 227 237 69 109 130 80 118 52 114 242 84 149 43 186 102 189 128 136 224 105 5 168
75 71 111 17 229 101 12 148 157 230 227 163 139 103 129 129 79 91 77 125 162 79 43 238 69 147 165 179 183 147 230 176 240 120 187 108 163 103 86 143 24 243 88 207 100 132 154 206 98 113 133 142 90 191 170 71 224 147 226 123 17 151 148 120 163 193 224 73 128 112 75 62 190 137 134 193 201 124 144 47 125 156 88 144 89 115 89 189 89 113 186 112 86 140 144
85 28 174 238 119 89 213 80 154 197 71 197 253 208 77 127 82 147 219 109 116 21 149 90 140 135 163 61 48 2 118 211 186 118 254 79 202 185 132 249 161 76 190 143 136 1 89 59 62 44 22 104 126 130 201 174 77 107 79 164 32 136 40 3 153 196 76 97 68 214 209 70 204 240 70 91 170 170 70 126 79 119 124 86 177 109 156 68 183 96 102 213 82 177 171
159 44 96 11 151 185 87 40 48 114 167 226 118 169 79 157 5 123 39 171 68 203 185 195 192 202 40 152 9 11 114 95 69 75 152 29 62 190 14 204 129 24 81 226 210 20 34 67 234 70 18 146 179 182 158 128 243 74 195 110 158 7 58 141 86 83 176 154 190 65 22 103 248 0 161 186 247 80 84 83 49 128 136 57 129 186 138 149 128 45 91 95 104 158 82
123 158 138 182 63 102 215 171 79 157 217 201 93 202 239 150 7 66 231 4 90 245 132 245 138 182 202 237 91 21 171 111 236 54 24 148 219 50 156 165 135 130 107 203 121 100 79 79 21 9 160 254 128 60 169 82 125 178 179 181 68 138 218 194 76 60 233 245 67 250 10 44 237 106 131 163 54 151 0 110 182 72 136 150 101 126 160 188 140 97 156 84 51 162 91
255 120 169 165 158 0 10 54 106 19 46 65 182 55 122 176 255 177 112 228 215 220 32 173 91 226 77 180 97 184 199 228 248 90 187 23 153 211 223 129 47 142 222 124 229 230 75 240 44 1 190 194 110 215 182 141 243 12 109 235 156 129 86 124 68 123 174 176 131 147 112 244 80 252 0 22 85 191 239 238 139 151 180 81 97 105 96 189 108 93 119 91 193 113 111
217 73 71 232 37 79 234 204 199 244 25 136 154 142 169 233 28 189 26 37 6 185 30 141 51 125 110 119 37 66 97 207 222 79 146 52 91 64 156 152 36 163 136 66 223 135 193 190 212 51 196 227 4 62 227 209 33 84 225 51 156 235 80 201 24 147 154 141 201 180 187 86 32 208 197 47 76 125 229 208 128 186 115 122 249 65 179 68 98 157 170 81 84 142 132
81 161 53 58 67 67 124 218 147 153 138 224 49 211 240 177 29 104 85 44 16 140 63 148 151 61 136 62 80 67 48 142 91 83 122 23 65 138 143 161 120 100 185 245 56 131 131 122 203 156 71 240 182 125 115 179 22 214 74 126 63 95 163 78 115 205 143 177 203 72 109 22 136 251 8 93 153 202 157 87 146 77 139 65 84 122 123 6 148 188 171 128 139 99 194
66 168 79 70 243 106 192 204 94 235 4 142 16 95 66 78 111 160 5 182 83 151 162 61 109 35 32 19 68 215 222 74 113 218 13 168 82 241 160 121 5 14 225 129 245 220 111 22 123 225 118 179 132 196 165 167 78 153 172 2 185 196 131 51 87 115 168 81 120 157 208 157 172 124 11 149 75 179 85 93 145 93 81 143 104 230 164 152 124 170 145 97 147 71 180
54 94 89 25 47 147 25 97 181 188 87 11 252 165 224 217 150 77 136 119 33 105 19 162 196 45 70 222 190 53 189 149 88 11 78 118 37 24 164 99 160 96 117 104 189 18 156 230 25 161 130 160 158 206 230 220 121 116 53 147 208 90 140 116 70 201 152 252 138 85 60 218 130 226 153 69 154 1 250 69 79 99 168 95 110 89 154 185 141 102 141 83 143 82 154
201 99 57 166 145 59 242 99 100 45 187 61 14 80 68 93 177 4 158 203 148 193 221 246 168 111 218 222 61 153 171 202 232 122 219 49 246 236 248 44 250 90 247 223 216 153 21 139 214 121 0 161 29 164 65 189 118 101 20 142 77 182 178 163 145 125 67 193 54 176 91 143 2 160 145 31 175 133 192 42 2 179 109 77 111 175 74 157 178 146 179 120 72 182 100
123 170 59 162 241 150 67 157 70 80 41 127 160 91 171 23 130 99 11 42 167 218 80 78 94 115 10 62 10 133 216 159 149 145 33 117 114 23 17 14 48 130 119 137 168 51 3 250 162 79 161 255 76 154 217 220 95 234 241 216 109 51 89 207 192 164 170 89 119 54 47 36 157 118 216 107 142 178 145 126 227 116 125 96 152 89 188 145 76 87 154 115 121 185 84
81 145 170 196 131 137 19 73 178 212 58 194 6 109 126 244 117 141 154 105 171 184 131 90 27 70 67 132 129 82 113 172 168 217 154 80 147 202 243 186 112 154 139 173 10 202 158 202 56 67 166 123 80 213 219 194 246 122 229 107 16 124 127 103 97 78 144 130 27 153 41 197 234 249 216 163 160 232 89 107 136 188 84 139 163 127 185 180 142 146 84 132 164 69 132
57 110 174 142 101 25 206 254 33 191 76 181 110 123 247 72 150 82 249 3 182 44 152 203 132 221 85 97 15 102 102 83 156 74 4 194 213 35 81 89 162 222 73 189 217 146 187 172 12 216 50 54 78 207 176 209 25 75 168 188 104 65 110 80 86 91 213 102 64 240 117 94 152 222 70 203 200 227 3 149 182 164 203 166 153 227 175 159 221 152 140 123 121 154 147
71 23 173 22 75 114 147 200 123 231 173 21 216 155 189 247 192 131 184 200 62 247 9 78 151 253 59 17 29 210 246 5 65 170 207 157 99 183 80 12 172 206 159 35 69 254 159 103 171 147 76 8 32 213 153 127 54 58 15 50 206 172 85 4 64 126 244 188 201 217 250 58 239 153 82 53 193 141 116 68 164 120 227 41 139 223 4 182 169 84 137 39 130 157 139
95 54 155 76 89 134 150 82 77 171 62 128 222 21 91 97 199 95 37 245 161 81 87 171 86 115 122 57 226 66 143 185 157 70 164 152 192 74 65 68 132 116 161 72 110 27 6 146 125 159 189 114 95 161 43 253 92 193 130 31 228 231 27 121 6 97 201 128 33 94 138 18 112 31 174 170 57 35 101 57 251 90 14 14 153 227 246 56 179 46 19 197 140 217 216
127 71 232 104 35 84 215 79 237 224 176 201 185 22 54 9 92 115 53 155 222 212 131 156 121 17 104 23 148 124 51 173 120 115 176 147 202 229 210 251 8 209 28 62 148 127 170 52 96 135 240 136 70 152 91 76 132 117 203 19 75 247 169 36 117 39 84 124 10 50 143 75 74 174 181 112 145 99 147 91 232 72 41 221 102 121 14 237 238 124 18 185 156 143 49
94 229 116 245 192 106 125 17 151 32 24 254 142 142 216 26 219 109 57 51 24 217 23 254 81 103 75 114 116 153 204 201 204 62 71 172 37 29 188 239 140 72 157 160 74 112 182 245 69 49 83 202 108 220 109 166 86 142 49 140 166 169 125 159 9 146 190 106 98 237 153 170 23 198 83 225 51 181 231 195 212 133 134 88 79 55 177 65 145 22 210 131 33 178 47
173 16 164 82 190 175 52 179 126 74 77 91 202 137 36 14 86 111 250 134 20 72 122 72 175 51 162 120 20 161 116 178 77 123 78 168 45 95 201 208 249 191 116 161 84 146 224 188 234 151 183 137 202 149 78 101 67 3 246 72 174 96 138 48 152 138 154 62 26 232 45 137 124 22 254 100 75 85 109 174 76 167 95 122 203 63 75 97 161 105 102 85 131 96 232