83 12 66 1
45
112 136 157 218 31 235 68 132 230 69 26 86
83 247 6 199 42 84 80 65 5 16 10 5
233 196 253 165 38 213 219 104 93 90 59 182
72 86 52 15 92 62 39 104 28 195 41 32
65 109 17 93 126 153 25 142 191 101 187 222
68 65 59 46 161 179 36 140 181 136 101 200
151 188 149 137 149 138 172 75 61 246 207 2
83 179 180 106 27 33 19 130 189 14 36 150
155 234 197 161 93 61 217 88 66 230 73 168
92 150 250 163 66 82 13 138 236 19 87 87
74 95 179 77 53 213 131 125 31 78 156 177
71 98 119 178 98 223 105 246 44 54 97 32
82 163 99 27 153 253 89 167 50 215 111 159
44 12 179 60 95 131 93 60 245 3 35 32
125 84 225 46 239 15 63 62 77 60 252 155
127 104 23 25 109 242 235 171 109 53 100 129
43 102 55 24 1 221 53 6 242 108 206 193
246 217 108 196 162 173 85 20 235 183 87 193
243 78 185 9 6 136 162 144 37 96 52 29
20 11 20 59 110 8 97 129 94 61 189 71
243 70 22 21 57 108 249 229 124 93 41 47
167 50 20 221 22 110 176 196 242 67 84 82
46 80 188 148 174 92 10 90 40 111 1 94
2 25 96 25 171 220 180 98 205 24 75 63
206 217 135 194 229 214 89 92 40 209 219 182
228 97 110 133 52 81 75 199 18 101 147 218
51 127 157 211 250 219 22 163 95 216 14 250
203 30 160 157 146 157 92 87 254 66 204 173
75 72 68 229 103 94 51 33 44 58 25 207
215 63 64 235 99 13 49 28 41 246 33 79
65 17 39 76 38 211 92 78 156 25 101 98
81 204 230 37 152 252 48 99 139 42 253 106
116 190 65 44 92 217 146 99 34 82 239 81
136 174 212 122 232 27 56 208 79 137 87 96
149 121 254 136 161 155 171 67 37 92 234 227
62 156 82 61 77 96 107 222 75 79 140 178
153 68 105 78 222 84 61 112 170 230 60 169
48 124 29 157 63 25 3 163 96 239 113 26
184 18 110 169 10 56 88 163 123 82 51 61
29 190 3 99 0 7 105 200 93 76 123 234
228 186 232 113 65 133 183 133 47 196 143 112
193 56 12 255 251 91 35 213 170 26 213 20
86 79 237 11 185 191 127 49 75 62 46 14
157 144 38 194 62 93 73 192 227 209 40 76
164 45 34 174 6 121 71 78 168 159 127 172
91 127 96 74 184 240 162 63 213 103 30 109
74 89 50 25 194 61 204 53 165 93 251 227
59 101 222 160 166 13 66 156 61 2 103 15
248 209 132 48 81 214 131 117 190 199 2 225
148 22 145 71 253 82 188 211 71 132 100 215
227 43 104 235 151 67 203 143 144 73 193 33
179 220 228 124 77 66 26 189 140 66 31 109
52 87 176 122 112 6 36 1 101 109 89 16
129 58 120 40 196 97 76 104 12 249 47 93
127 10 119 38 70 25 83 55 94 43 69 105
233 115 209 124 255 232 223 17 48 155 81 79
1 22 211 64 164 169 140 114 11 46 248 67
131 156 150 77 181 129 114 66 22 43 151 21
39 95 232 104 53 47 96 101 93 101 30 182
45 41 71 43 99 70 24 75 67 35 67 251
102 28 84 76 87 60 68 42 94 20 186 87
54 110 39 37 97 56 20 77 60 69 69 135
93 51 255 75 37 87 27 65 101 34 29 69
53 76 50 32 50 50 65 102 21 70 222 178
69 222 68 76 226 23 107 46 65 43 46 252
65 82 61 96 58 102 106 84 63 56 69 204
54 107 77 37 55 86 65 72 107 46 255 92
35 157 76 20 49 172 81 36 71 81 64 108
44 52 29 68 66 27 42 100 78 40 232 185
52 97 65 95 94 68 71 41 88 88 144 103
81 45 24 60 63 68 66 68 20 105 213 82
52 67 92 122 79 50 109 89 66 92 77 23
20 52 36 36 41 28 39 31 77 102 40 68
96 105 44 28 88 26 102 55 107 96 190 84
47 37 49 98 39 60 82 57 97 105 119 44
62 30 29 152 107 6 197 29 110 190 70 65
242 47 53 219 173 226 186 84 53 242 11 68
6 249 121 250 197 174 55 246 37 42 117 219
61 127 78 14 239 16 81 194 77 142 66 222
218 105 77 106 168 127 51 248 136 240 163 101
98 173 82 153 232 150 107 143 100 0 250 75
168 196 74 218 212 42 96 138 177 78 192 60
252 188 97 57 242 180 85 140 175 166 70 107