72 96 49 39
91
79 120 178 196 48 60 134 235 143 211 89 193 199 95 31 153 179 251 242 123 229 220 119 44 15 56 175 243 35 179 63 190 45 123 170 23 231 122 117 6 119 17 153 148 21 32 248 112 155 125 140 27 253 254 39 67 216 206 177 200 106 20 188 14 91 77 156 129 67 213 175 96 164 198 83 255 209 187 80 61 198 61 56 66 130 32 132 143 61 238 199 136 69 144 104 111
139 197 189 146 3 152 151 51 230 31 204 15 30 133 131 40 41 202 40 173 61 168 80 211 116 106 143 113 128 86 130 6 98 76 129 95 163 69 29 208 229 62 234 43 109 169 131 52 208 151 233 111 49 204 121 152 240 42 179 200 13 189 178 239 252 194 89 215 221 159 220 128 234 49 17 247 144 1 159 84 127 171 140 230 35 162 169 183 83 248 183 151 107 245 186 39
241 67 109 62 92 201 43 150 155 5 139 68 18 77 47 114 3 253 207 121 208 34 121 142 143 127 57 230 15 181 238 41 164 89 166 224 66 12 12 103 83 143 157 5 187 233 109 231 129 195 251 183 13 127 197 175 26 225 27 155 22 158 201 245 237 57 38 182 245 156 252 98 237 77 194 108 154 174 170 149 84 217 141 125 119 210 187 167 110 115 71 143 129 75 94 146
218 221 133 179 233 203 172 99 71 60 241 82 169 121 163 106 232 74 40 158 106 68 56 140 45 181 47 249 118 18 164 87 244 226 181 148 169 105 162 6 161 174 204 131 244 135 208 31 246 35 226 133 139 96 150 92 109 118 123 103 145 195 173 194 69 108 37 164 205 166 28 151 163 79 100 115 111 153 201 125 196 84 151 99 51 84 87 131 142 249 157 246 139 50 166 142
210 153 71 142 221 203 211 111 185 19 44 115 111 150 176 177 68 185 229 144 56 152 191 16 134 67 99 153 123 122 145 36 175 128 155 245 76 68 127 40 92 56 56 81 162 146 154 138 164 117 209 96 178 43 232 136 211 212 179 78 61 107 205 58 182 96 48 99 35 180 237 145 127 56 76 169 158 71 242 166 45 159 12 209 236 155 113 209 239 25 131 128 143 92 118 185
145 59 126 114 86 148 50 151 45 43 223 224 179 165 167 251 241 64 91 30 186 167 169 122 207 194 180 66 232 117 35 7 66 204 52 141 161 161 214 181 112 42 154 145 71 159 25 195 182 94 121 199 135 209 241 254 226 100 248 173 120 156 119 9 249 166 50 44 238 87 118 252 68 236 59 179 209 35 239 194 39 53 79 119 200 163 246 39 234 216 34 184 114 152 66 242
143 223 114 195 30 220 164 17 84 54 48 0 220 114 12 160 207 27 240 39 236 241 203 55 144 71 84 45 148 96 3 196 43 88 209 142 8 176 81 203 19 37 185 38 111 206 104 104 13 85 177 131 131 85 107 63 183 0 50 94 164 45 68 207 46 177 111 54 61 112 90 56 56 133 0 8 55 246 81 90 173 105 46 123 67 48 224 200 33 241 199 158 190 182 160 78
181 67 247 4 115 64 178 118 35 215 238 78 147 118 181 148 166 200 7 158 230 166 201 69 103 197 104 214 157 121 102 223 246 36 111 245 135 60 209 68 247 214 236 23 1 118 252 45 189 81 180 253 132 168 120 78 196 184 30 134 99 163 141 180 73 26 8 117 212 36 136 50 63 227 59 191 90 119 99 5 113 92 76 86 29 76 236 30 185 60 160 44 144 56 111 223
158 225 138 192 31 70 124 131 199 113 25 89 188 44 109 20 165 170 66 69 151 22 41 124 125 72 196 254 131 212 76 182 92 97 3 99 54 74 179 229 163 179 131 81 252 245 108 111 186 24 2 214 125 195 36 77 35 82 47 33 165 17 215 0 17 177 156 196 33 178 161 234 69 105 95 83 191 98 176 71 11 251 136 209 161 84 200 86 1 31 173 104 17 165 88 109
205 175 206 24 75 173 194 10 96 140 99 142 163 108 40 199 107 185 177 253 195 11 87 189 115 178 67 28 170 153 137 154 43 210 82 191 37 124 119 62 186 172 144 13 26 237 141 113 144 197 99 113 69 85 17 5 190 212 30 211 47 28 22 21 32 70 29 45 143 188 157 62 115 176 46 150 204 230 46 49 217 18 199 169 123 180 225 27 203 66 148 215 68 206 149 204
0 85 86 82 60 203 66 55 164 132 19 62 152 230 192 238 71 49 253 89 167 52 69 0 199 70 18 117 86 84 149 201 139 192 13 139 154 137 78 43 80 129 125 1 193 158 175 41 10 230 71 84 160 238 168 231 26 18 101 86 74 161 225 234 44 224 16 43 84 106 72 62 69 49 223 207 26 94 79 128 90 250 206 222 21 206 134 156 186 172 130 254 158 228 208 170
194 78 133 202 85 189 184 9 160 251 177 116 9 75 57 186 192 133 163 128 73 145 208 67 106 201 115 177 145 46 42 223 204 45 154 254 97 247 213 156 229 103 154 186 158 206 79 0 116 70 67 74 204 110 17 211 52 133 185 206 184 95 160 65 240 139 242 36 190 142 254 111 210 61 46 219 81 90 160 172 54 188 229 74 47 86 142 137 49 211 170 170 240 150 5 67
237 102 75 38 141 228 173 171 153 182 48 70 75 176 94 169 68 22 249 119 220 196 15 61 120 129 250 24 211 18 149 113 252 110 204 122 174 195 254 165 190 150 40 106 187 242 133 184 162 49 64 199 54 6 188 105 157 118 161 245 187 96 172 43 117 128 120 53 67 154 206 112 160 107 199 142 46 2 170 117 147 40 85 2 66 209 175 102 121 184 160 119 158 186 40 220
29 186 102 10 26 246 238 96 154 204 97 181 73 97 128 234 127 21 11 103 73 65 146 8 112 94 11 41 198 134 44 40 14 172 176 230 184 103 126 60 123 2 206 71 146 69 136 25 42 191 170 96 155 169 202 130 53 147 191 156 59 67 120 181 229 209 151 50 58 162 29 234 202 127 123 73 201 143 179 208 85 218 137 17 191 188 211 245 252 55 167 126 84 128 100 158
245 165 176 200 29 78 41 239 69 54 111 113 108 38 87 12 81 25 86 209 12 140 21 85 16 145 214 146 22 5 188 142 212 108 151 170 80 238 155 103 190 2 146 225 153 196 106 127 96 158 41 131 148 159 78 199 31 60 35 149 106 18 82 126 155 166 152 21 118 193 188 82 206 201 238 177 149 187 170 28 3 245 220 30 27 182 20 20 112 168 124 144 186 57 235 46
175 99 224 236 219 98 195 157 145 102 245 80 200 29 255 63 81 19 115 29 180 165 159 25 90 62 1 39 213 210 21 64 111 119 112 0 1 165 18 62 161 232 254 100 108 111 126 97 171 147 251 34 152 5 40 215 103 178 200 119 27 181 84 27 199 109 72 120 46 128 134 232 54 127 51 56 76 47 36 70 138 189 62 42 76 200 89 167 3 199 50 1 132 129 82 117
116 131 15 233 240 47 10 78 119 118 239 196 237 188 29 57 104 225 91 189 18 36 124 148 150 137 171 98 152 247 34 144 20 52 113 165 218 20 110 46 155 238 88 164 177 177 144 217 59 208 189 114 172 204 139 168 157 121 5 192 212 163 35 132 191 39 12 158 243 45 200 153 206 210 55 168 87 213 236 125 109 153 120 228 118 105 135 83 145 13 104 82 230 187 168 205
65 5 64 38 84 70 215 2 99 119 238 23 107 111 94 159 248 208 151 153 100 52 30 164 135 200 179 195 147 119 213 116 178 50 244 188 86 59 0 79 124 191 41 233 201 80 54 186 212 164 181 109 177 75 237 174 237 61 230 83 153 132 125 249 120 32 166 93 211 228 63 196 43 169 237 126 25 151 104 201 158 201 96 161 132 208 71 190 214 101 95 202 51 101 164 23
62 216 138 201 14 183 148 127 148 167 165 63 35 132 166 227 2 155 176 1 164 248 50 192 201 112 226 201 211 178 41 180 66 90 97 178 118 86 167 128 23 52 100 111 86 202 249 50 24 208 239 23 241 179 30 108 205 34 71 32 202 178 159 23 201 4 169 228 122 18 11 176 174 14 195 10 35 30 246 121 52 247 173 18 213 43 208 104 86 13 144 113 140 77 3 203
244 178 240 20 228 111 150 180 233 230 241 31 198 87 255 35 135 217 125 255 14 17 235 226 175 252 112 219 149 15 53 49 206 93 209 147 205 146 255 117 204 56 183 100 154 181 84 47 208 202 161 175 2 128 3 96 64 97 194 20 209 91 38 16 150 78 215 53 174 143 43 3 110 234 171 116 86 76 196 238 54 250 94 143 51 33 39 68 140 120 6 99 40 250 30 123
40 82 136 254 25 52 227 168 209 142 171 56 141 243 223 142 48 56 22 105 207 32 216 117 239 97 162 124 89 197 105 203 11 149 62 230 184 128 136 48 24 221 31 98 51 72 177 199 84 95 159 171 185 29 249 153 179 46 61 141 53 44 13 160 65 178 183 51 85 49 49 109 30 175 124 84 112 205 155 206 207 147 141 141 65 220 9 235 62 82 113 231 152 77 156 94
162 137 243 162 166 5 69 22 125 172 202 133 200 85 67 220 38 25 76 204 85 35 9 214 200 164 43 229 181 56 173 246 249 136 95 180 113 217 121 176 146 35 168 215 103 41 230 92 100 70 4 186 183 161 108 99 255 166 69 85 236 109 102 148 148 212 92 207 7 226 55 157 142 37 30 184 138 0 199 16 192 211 54 31 214 238 100 89 3 116 147 102 30 226 91 175
122 196 142 243 151 98 18 130 7 168 161 6 167 46 26 35 196 207 135 62 159 219 72 9 70 73 121 83 5 248 86 75 165 74 79 117 79 13 67 99 20 211 14 78 64 182 47 83 52 63 170 141 165 229 90 39 6 76 227 235 18 144 162 122 113 198 44 127 206 210 78 191 194 205 109 199 78 103 56 91 43 99 150 120 255 187 247 194 228 173 1 75 32 69 249 206
45 250 186 161 56 37 0 41 234 81 27 116 151 10 193 94 228 16 201 38 108 163 23 25 190 157 208 181 112 33 165 15 206 16 53 42 237 119 159 36 130 50 59 47 213 198 71 202 237 88 140 171 138 9 147 118 63 17 161 217 156 188 50 117 121 54 154 88 170 49 0 174 226 6 142 67 42 82 138 85 123 202 79 180 130 159 231 161 200 116 101 20 101 144 199 54
191 125 213 174 55 34 19 167 183 171 113 72 100 171 30 229 68 9 151 91 104 237 72 193 13 147 110 148 33 232 37 21 62 131 47 117 103 43 153 207 192 170 121 116 59 97 53 46 107 190 149 162 211 119 139 24 9 157 199 254 107 138 113 10 240 204 99 175 237 22 197 75 110 243 170 2 57 154 246 14 6 16 188 248 111 199 158 219 153 31 225 112 82 154 56 141
109 131 184 248 48 145 195 40 92 35 165 165 196 216 20 41 169 233 227 52 42 184 77 76 173 216 82 40 55 35 230 38 103 240 244 75 74 84 88 70 56 64 98 174 193 58 49 90 74 56 145 153 62 101 133 169 241 6 37 37 246 195 153 152 174 99 6 253 89 37 147 236 78 148 175 9 133 99 153 126 86 189 161 229 179 116 174 52 228 93 254 63 50 131 82 179
129 171 251 190 132 136 187 85 165 29 146 59 93 136 123 59 63 100 65 186 144 32 126 73 176 170 157 21 116 161 69 31 152 162 49 76 120 204 78 70 161 102 73 132 251 47 233 45 185 147 89 84 204 147 229 70 227 85 123 202 236 43 141 189 191 81 85 197 66 110 62 127 216 242 206 35 143 81 211 71 234 124 182 226 227 51 83 31 209 233 181 61 37 45 102 135
191 79 216 99 255 189 187 197 97 136 194 74 140 176 124 186 157 128 20 174 173 15 29 61 72 183 194 194 77 196 63 110 83 73 154 51 180 170 31 134 113 161 103 94 68 69 29 220 123 7 39 29 147 199 169 4 189 232 169 175 189 3 84 131 93 59 170 251 142 225 40 89 129 71 85 141 121 85 63 149 90 22 248 153 127 99 0 32 153 86 112 85 70 118 97 228
106 204 40 87 245 126 75 179 101 120 62 164 65 145 86 88 139 146 4 135 70 53 9 48 181 23 102 108 228 138 196 216 222 109 79 228 216 128 28 46 169 121 187 98 185 175 241 211 202 229 200 144 174 52 213 76 55 52 92 151 92 254 227 109 246 22 91 43 42 43 105 134 53 48 95 99 192 248 206 217 102 33 229 89 141 173 127 203 116 213 66 224 180 108 46 228
84 114 49 144 16 73 248 153 186 111 136 246 69 64 31 1 91 201 211 160 249 82 46 1 133 130 179 236 105 202 199 185 255 155 127 69 44 63 40 103 245 8 239 86 15 21 161 159 40 27 125 95 185 144 168 223 246 226 34 182 27 19 230 33 219 247 207 189 244 208 167 213 71 171 44 228 87 92 33 55 119 107 83 113 40 237 225 254 39 19 120 144 29 201 100 190
213 244 201 143 161 63 91 96 154 139 7 206 117 96 192 119 67 87 22 116 201 192 141 56 23 168 17 110 205 172 134 183 81 125 86 206 122 84 153 171 101 156 231 12 132 107 223 172 15 180 16 186 157 140 249 95 118 157 0 70 209 218 136 47 140 32 144 119 92 127 251 222 19 82 227 7 77 48 58 207 168 153 83 170 221 96 126 186 90 65 144 18 251 15 79 111
141 173 131 188 10 19 57 140 194 77 191 114 63 78 125 145 81 162 218 160 7 83 200 119 157 19 176 234 166 229 93 62 48 174 45 101 252 254 245 234 9 148 5 157 190 10 90 223 202 48 34 109 30 219 46 221 100 246 51 144 32 93 86 147 68 242 136 249 229 125 133 116 143 135 78 176 48 229 117 105 183 198 44 186 54 177 84 173 85 128 160 109 164 249 48 159
75 124 92 113 228 188 19 155 150 52 186 35 84 178 39 240 122 101 127 100 225 229 212 119 59 226 150 199 38 217 235 145 27 50 77 161 135 139 29 218 74 242 166 41 36 229 190 118 4 100 65 150 65 207 252 65 151 83 180 201 117 141 206 224 172 252 113 151 186 55 215 230 99 107 174 222 166 64 134 210 29 16 92 176 96 157 114 61 76 58 179 100 49 202 141 3
252 16 113 134 177 174 179 149 41 21 202 8 186 76 52 41 24 49 67 66 181 116 199 50 78 136 126 151 248 139 136 221 165 104 220 209 67 197 36 148 175 109 111 119 141 96 29 252 58 101 72 216 3 73 190 31 115 109 87 200 131 147 100 123 86 11 82 61 91 139 11 17 137 196 93 110 179 99 209 106 154 187 61 49 121 76 104 130 54 35 131 219 18 39 61 201
243 179 203 186 190 151 167 80 242 101 254 77 183 84 19 125 180 41 51 215 111 162 127 55 65 182 129 36 156 145 131 34 214 2 11 40 68 61 153 33 90 90 254 239 137 46 88 22 208 96 92 105 133 36 167 73 212 223 117 204 84 67 30 7 229 187 131 209 91 148 144 247 165 151 34 31 168 5 90 253 180 47 46 53 202 213 108 84 155 116 56 72 136 197 136 126
18 35 44 122 165 216 126 180 91 144 25 200 121 146 45 177 94 160 11 80 57 29 187 105 147 200 82 181 216 147 57 1 115 97 163 3 54 208 155 121 244 227 151 102 107 182 115 114 200 235 238 213 254 181 20 5 229 38 146 254 63 195 82 178 241 11 186 204 64 193 135 59 129 204 239 162 174 147 215 124 85 144 61 29 134 199 115 160 116 254 226 85 169 149 107 182
144 156 181 205 22 114 66 181 110 249 219 75 242 190 249 130 74 180 69 96 46 52 98 85 14 140 69 123 132 198 152 120 72 201 47 181 182 88 140 250 33 132 47 157 179 39 103 38 121 57 129 159 66 9 154 44 91 210 103 133 226 102 183 234 248 141 208 145 10 166 252 130 179 208 94 175 183 115 22 234 39 213 216 243 5 160 119 30 41 40 70 67 210 193 183 133
39 84 25 127 83 74 206 32 148 88 97 112 39 36 92 71 55 85 128 143 133 215 80 171 4 189 195 195 88 116 209 195 197 229 23 62 80 183 223 56 17 171 98 8 140 57 90 209 141 16 156 242 164 227 138 108 28 103 61 164 160 56 208 171 250 52 31 135 40 230 251 80 8 207 21 106 168 111 154 217 14 164 85 207 220 55 219 187 58 103 249 29 90 172 14 234
60 120 62 164 212 63 65 132 185 240 102 97 210 46 171 220 125 117 174 213 201 155 41 222 236 112 151 174 129 212 140 118 165 212 24 59 174 14 202 72 69 153 142 32 142 161 122 43 208 21 208 157 29 24 164 64 164 211 208 15 87 92 69 1 170 128 132 63 165 132 129 80 180 138 242 173 170 52 120 48 81 54 178 162 201 77 211 159 31 152 42 47 168 140 4 28
235 65 81 41 64 112 74 253 188 120 172 32 194 146 83 17 123 199 171 54 136 48 245 112 22 35 126 229 127 217 61 88 105 88 160 139 118 252 215 62 143 135 45 166 235 159 185 7 100 74 86 215 106 107 113 36 118 128 247 95 223 175 222 136 59 138 167 0 226 32 99 123 18 241 222 38 127 3 176 158 73 196 170 230 162 192 76 103 166 183 254 175 93 213 163 58
61 221 253 203 46 242 62 124 107 177 212 196 16 60 212 161 3 69 206 69 49 11 163 102 111 62 235 254 115 4 141 229 54 190 115 109 88 173 150 135 165 152 212 239 211 213 195 169 58 218 124 146 173 208 228 209 84 56 23 91 185 108 73 101 34 73 112 237 40 183 198 21 221 102 210 94 108 211 155 183 148 238 29 23 194 68 202 213 36 63 111 163 82 222 179 86
77 181 225 58 218 41 236 247 35 253 45 200 153 20 38 56 230 9 207 242 61 76 88 136 22 63 180 70 71 253 48 68 211 137 106 130 98 170 206 90 111 250 84 234 19 38 131 187 2 194 73 17 175 185 176 229 164 126 7 174 2 55 44 230 112 107 191 130 60 199 127 221 249 50 97 212 224 255 207 17 151 202 214 206 153 134 226 71 34 115 184 122 167 53 64 95
41 206 252 50 56 180 169 144 117 65 55 139 83 22 8 127 53 110 157 109 174 86 222 118 225 177 225 191 160 67 136 75 198 175 198 149 60 122 164 21 190 4 186 120 117 177 243 198 119 90 23 214 13 88 113 39 220 137 176 22 123 80 129 77 91 41 151 192 46 1 7 125 112 42 145 143 218 207 159 60 204 152 2 220 165 95 60 74 75 8 79 159 173 30 15 239
164 75 144 104 32 179 64 44 250 34 89 118 19 13 165 2 51 15 234 127 73 83 94 86 113 60 242 7 233 154 72 107 16 164 214 215 43 251 102 171 109 97 100 208 80 71 204 141 176 27 24 170 164 102 70 38 184 40 171 173 89 107 200 29 61 93 199 55 187 115 230 233 120 162 182 9 211 191 175 17 198 79 138 18 9 216 118 123 52 191 34 122 37 135 8 207
241 179 101 65 33 113 123 243 194 222 130 57 163 161 176 126 119 131 135 253 156 13 182 236 170 206 33 146 73 135 242 114 58 14 175 184 107 59 57 44 119 220 252 62 41 19 30 231 172 173 139 30 53 95 210 97 80 38 27 36 8 203 142 207 186 234 162 67 38 131 179 46 242 161 207 11 173 2 232 144 41 169 146 239 44 6 47 53 27 87 118 48 166 75 92 242
186 162 81 90 169 118 125 171 170 3 19 39 195 8 182 99 151 50 94 57 61 185 83 225 18 4 42 68 231 160 134 27 192 177 4 136 205 41 146 128 37 117 53 27 39 192 185 103 104 119 176 35 35 58 121 98 196 145 132 196 72 174 92 209 2 115 255 67 229 144 207 118 27 212 131 185 109 60 52 165 152 190 254 189 127 84 202 108 172 126 31 213 87 49 122 37
116 24 173 75 176 209 143 31 212 153 5 124 170 248 18 52 12 79 154 128 65 52 111 6 107 37 81 32 239 225 173 135 183 180 151 121 182 180 192 156 116 206 45 33 146 228 217 134 159 113 116 137 192 174 116 1 212 225 121 47 212 99 191 85 71 187 0 10 253 54 164 68 148 33 32 130 191 152 106 232 134 226 35 0 15 187 56 35 200 187 193 113 135 64 134 68
242 92 140 62 140 225 116 174 210 112 27 215 132 238 121 214 245 132 98 85 185 214 114 9 29 213 84 138 206 32 190 218 250 50 165 89 90 93 142 170 146 61 138 145 27 177 119 231 17 99 13 110 136 17 151 104 166 92 50 142 76 161 149 53 169 139 224 95 27 198 134 111 138 244 175 175 171 18 185 101 30 21 47 227 161 168 55 60 65 75 76 91 6 168 241 36
88 84 36 103 203 145 48 36 102 107 146 78 62 208 63 144 193 54 156 206 50 53 112 153 140 118 252 61 228 190 176 189 181 0 152 186 192 96 121 137 77 153 166 175 151 50 82 102 65 85 188 206 220 16 34 132 69 20 107 172 238 193 129 4 241 190 58 62 118 150 167 138 23 190 31 141 219 210 207 235 62 212 92 237 235 189 38 135 180 72 75 181 224 1 3 38
234 124 12 140 133 109 78 195 158 82 0 155 195 81 121 188 48 51 200 5 118 79 253 66 220 76 148 108 224 124 4 151 147 20 139 53 52 34 118 100 132 164 135 54 37 40 73 12 43 156 3 103 208 162 135 40 102 161 247 15 204 232 138 158 127 114 128 87 112 139 242 138 145 224 165 44 112 236 44 249 254 60 158 134 83 179 61 69 205 231 85 122 204 55 32 195
65 217 162 56 134 217 71 204 71 39 76 202 163 57 210 243 123 130 203 144 169 132 161 63 139 150 150 240 187 124 48 93 183 174 97 195 42 166 149 93 179 104 182 121 125 140 168 126 165 117 231 250 210 229 193 227 43 148 69 85 253 86 0 136 81 8 15 142 56 171 59 76 232 99 25 199 115 32 125 68 108 169 10 1 75 156 11 91 153 110 214 5 138 191 123 86
235 216 221 13 242 67 82 207 200 121 65 17 231 139 106 192 214 163 191 9 250 157 252 192 100 68 118 58 161 161 94 214 169 250 41 154 106 125 112 123 171 78 161 190 234 166 128 182 63 198 153 150 14 143 173 203 42 142 61 11 118 195 130 158 19 83 178 252 201 31 38 16 169 48 55 240 67 191 137 182 237 56 34 241 126 212 14 198 155 100 225 81 94 189 80 79
141 212 98 249 36 9 54 22 209 44 93 72 173 150 70 206 34 145 114 107 125 8 115 175 133 6 152 190 235 90 205 171 7 57 194 90 121 121 124 188 54 169 85 65 107 86 156 140 169 53 49 30 191 56 37 49 62 131 46 228 228 83 137 165 15 110 99 19 47 240 165 1 54 57 83 180 81 132 56 75 7 110 33 22 81 219 252 187 42 35 253 135 151 193 68 195
62 208 210 109 29 59 15 8 66 145 95 226 34 12 135 226 100 149 214 49 45 29 103 223 66 213 88 159 196 22 84 248 231 30 168 77 101 155 207 225 166 75 191 42 1 247 119 137 225 54 225 253 160 123 242 178 215 127 147 215 48 150 122 59 119 130 70 205 204 184 10 219 113 160 57 59 54 218 67 4 75 72 168 67 217 54 212 142 52 207 98 144 182 54 67 25
34 139 225 211 227 125 182 255 202 221 77 41 151 35 156 183 115 21 85 13 65 30 29 198 51 3 61 139 52 216 217 155 5 226 213 117 19 120 161 159 72 140 10 132 49 54 151 204 148 196 192 22 36 24 14 37 92 77 244 185 49 181 116 56 23 66 154 250 107 110 23 123 204 53 3 188 151 227 75 37 246 138 246 159 155 123 135 108 68 38 3 13 185 136 32 42
191 138 30 76 117 229 100 5 75 190 122 159 140 186 160 204 160 80 44 188 181 19 58 78 54 0 103 47 125 31 246 41 45 142 249 176 98 236 27 103 59 79 47 118 113 250 91 116 61 252 162 30 206 216 74 84 182 52 147 22 199 41 220 225 91 129 31 28 141 241 77 24 82 65 34 105 68 81 127 96 249 119 130 182 66 219 112 126 248 240 209 100 144 22 225 5
167 146 69 170 24 0 106 110 158 143 104 104 121 28 35 62 127 91 165 157 16 119 148 174 236 249 205 47 63 235 218 184 112 117 62 2 235 101 69 206 237 90 94 211 149 221 86 25 80 59 14 54 28 183 251 165 252 116 82 174 233 102 120 105 219 145 106 115 53 107 216 88 52 37 184 113 121 170 192 200 144 125 95 3 154 49 233 234 164 131 62 160 24 69 220 190
55 243 175 136 74 190 145 47 86 93 8 153 240 250 179 98 245 37 72 223 59 139 120 183 86 101 114 173 49 5 128 217 62 122 180 239 220 55 133 117 247 95 152 207 38 182 109 206 145 44 195 130 126 70 246 142 175 210 125 46 166 211 218 240 23 22 62 33 83 249 183 194 85 99 206 31 69 180 235 142 250 194 84 141 195 245 109 76 218 139 225 13 90 159 24 171
180 169 177 170 253 60 194 24 27 160 99 107 158 123 198 191 43 65 241 145 138 105 73 234 105 210 143 82 232 144 150 202 176 145 79 60 37 194 56 159 100 167 57 33 104 27 163 66 229 120 180 185 24 204 64 90 176 248 178 129 40 232 200 74 183 249 201 225 3 19 38 97 93 144 37 135 163 78 119 175 137 247 183 35 126 196 133 132 180 132 169 120 34 136 221 136
209 208 43 59 135 160 75 102 187 55 112 206 62 31 44 88 235 108 38 168 169 14 60 65 105 47 76 52 208 241 174 1 104 128 67 104 141 128 242 27 74 101 20 44 70 155 201 126 75 126 107 45 181 125 86 211 127 85 124 198 195 177 7 32 204 146 214 33 121 8 58 46 109 21 248 105 186 60 122 69 113 125 234 244 133 159 16 139 40 45 153 186 75 167 161 202
234 170 71 84 135 181 205 114 72 69 157 68 44 152 55 244 217 38 43 152 42 79 135 127 122 118 169 179 91 191 138 145 191 205 102 36 71 101 189 84 235 200 244 96 92 245 29 156 157 144 191 3 102 183 248 238 33 65 124 230 219 86 138 215 230 44 110 82 145 87 137 49 72 38 54 15 149 88 178 76 255 240 233 64 44 204 26 12 81 115 87 193 205 162 255 85
101 18 205 208 97 162 163 188 123 248 16 42 159 245 117 141 236 207 147 191 10 127 40 165 101 60 185 96 105 164 42 91 164 139 80 175 248 94 57 187 208 65 27 250 74 214 194 162 54 142 76 157 66 103 22 149 123 200 7 66 141 115 169 249 89 254 193 144 56 234 214 239 49 239 42 156 252 34 163 84 86 118 160 235 74 121 145 203 31 178 124 200 5 175 191 222
193 31 32 222 243 235 78 103 61 233 10 212 187 148 126 160 253 112 40 153 244 70 2 19 239 79 179 36 14 104 153 151 102 45 65 106 252 71 3 129 45 206 73 84 8 166 188 134 142 231 188 50 149 82 181 175 90 233 60 28 153 237 39 160 170 147 186 146 13 57 113 58 168 187 227 130 19 178 153 185 202 41 23 68 160 13 164 230 121 34 152 67 166 187 48 69
108 208 79 108 103 203 31 31 45 121 113 158 163 44 153 225 142 206 29 102 133 32 131 110 20 83 225 102 129 39 5 214 107 94 183 93 104 157 151 200 171 2 109 91 44 84 32 221 162 241 28 187 214 51 107 233 19 50 174 29 89 58 64 15 54 92 183 100 197 245 53 54 151 170 154 29 206 71 144 77 223 33 119 26 135 171 188 219 197 83 237 140 121 205 108 254
62 158 54 238 212 236 155 146 48 64 77 31 89 163 39 115 115 89 80 159 180 197 168 127 51 24 186 133 31 48 95 121 130 41 159 36 218 39 72 50 91 42 104 202 227 99 217 68 28 88 210 206 62 9 225 100 137 169 143 213 43 167 134 24 162 96 116 167 114 33 231 47 207 115 18 44 68 105 224 186 136 105 199 3 154 57 167 30 27 179 111 162 32 173 117 153
90 247 11 194 59 81 141 31 210 47 115 137 216 153 69 176 156 20 255 70 211 81 213 13 47 181 78 43 125 209 62 216 102 219 24 197 107 171 94 174 79 241 176 12 235 35 120 131 225 48 66 171 141 91 132 75 71 133 135 80 253 203 194 237 60 173 189 169 203 199 223 154 101 193 238 120 142 178 140 110 113 103 204 172 81 133 223 150 138 71 106 55 242 140 16 51
172 49 205 194 35 65 155 134 5 58 176 118 174 163 146 171 151 157 81 178 196 192 136 133 106 152 132 220 85 154 155 243 35 109 60 133 199 235 209 66 239 97 195 49 174 121 147 162 78 242 160 159 157 58 187 17 163 128 209 250 145 143 31 73 46 112 148 49 36 12 218 137 199 226 137 219 189 83 100 221 196 182 159 71 142 31 32 35 103 186 133 126 142 32 174 199
76 49 193 20 94 237 153 240 112 165 39 63 59 83 196 154 118 61 143 246 192 158 26 112 104 252 251 236 72 70 128 110 141 72 209 42 226 211 211 115 44 175 44 247 46 204 196 154 206 52 121 130 65 131 91 179 109 181 120 43 61 19 175 184 133 102 66 46 123 66 249 162 84 251 72 248 239 155 80 104 195 116 126 103 176 48 236 126 189 213 169 145 142 20 65 42
142 163 180 4 55 95 160 170 204 215 144 202 81 142 94 198 109 148 93 13 240 95 134 76 212 26 48 150 57 154 208 86 254 124 150 58 98 18 33 13 166 166 157 148 214 151 93 141 156 159 204 243 158 145 98 87 221 75 245 186 107 246 41 33 140 75 213 71 42 204 240 196 50 244 73 219 184 165 93 251 94 112 72 55 148 106 68 212 152 119 156 190 120 97 240 243
58 55 66 60 97 12 9 199 103 216 31 58 9 176 84 162 65 61 112 100 132 12 119 149 34 144 47 5 84 171 212 50 106 44 222 163 113 225 179 116 84 207 38 5 25 120 223 64 71 77 161 153 133 1 46 210 50 84 87 164 132 248 138 12 243 237 0 112 72 69 206 167 121 16 176 199 209 156 168 162 42 220 24 234 51 47 130 68 218 152 41 164 50 191 120 205
140 242 18 180 210 185 69 2 1 119 245 157 106 76 64 173 45 87 121 242 9 83 76 192 251 69 210 205 131 147 139 102 41 125 169 13 229 158 196 10 74 129 44 176 173 29 163 38 195 60 124 110 115 136 79 249 175 221 52 109 198 72 139 127 40 245 121 64 185 58 115 67 118 158 65 62 160 204 215 43 157 3 202 203 113 88 70 145 155 247 253 81 5 88 197 136
226 127 241 183 54 97 71 225 93 85 241 15 63 66 155 202 197 196 66 132 175 176 249 198 52 193 59 113 199 24 246 0 28 35 8 132 115 228 146 172 48 37 218 192 39 245 62 174 99 190 114 136 103 126 57 69 47 103 30 255 106 210 136 252 173 196 104 34 94 55 55 26 110 23 88 183 234 83 138 24 9 12 171 70 244 240 69 253 147 43 123 31 172 125 71 38