41 35 38 26
29
188 30 70 13 135 249 211 245 128 33 50 60 35 158 52 175 80 251 29 254 122 111 33 76 242 253 204 122 159 157 158 184 2 26 101
23 109 225 37 58 221 3 172 131 14 38 142 32 229 77 32 237 51 30 52 96 230 206 212 40 127 206 255 27 69 183 205 166 12 175
20 128 177 10 180 125 12 176 64 179 224 92 90 194 128 14 116 215 32 53 150 169 41 61 234 244 121 144 101 57 47 113 105 233 221
78 43 86 64 28 70 45 227 124 63 204 34 205 152 130 14 163 136 127 29 241 138 255 53 27 2 124 120 33 208 217 188 87 52 202
49 134 208 212 119 59 76 249 27 38 20 35 32 68 26 146 99 38 9 29 109 232 202 78 225 209 69 44 86 236 29 203 108 74 155
179 1 26 70 220 106 123 104 28 82 231 14 93 88 154 99 174 154 12 55 193 20 108 39 181 174 185 125 160 40 125 133 112 213 21
204 3 25 148 173 81 179 59 60 52 64 64 25 29 101 44 41 120 146 30 230 24 223 75 12 99 131 153 101 107 51 13 102 226 17
2 102 21 180 71 55 11 47 215 248 168 59 207 251 158 20 106 56 15 115 55 229 5 134 250 127 55 216 26 220 175 60 232 24 126
16 25 153 101 170 161 63 233 56 62 32 32 113 192 29 95 184 121 71 62 200 233 172 182 244 126 16 218 34 22 82 32 60 4 25
255 25 15 230 108 17 5 120 39 232 28 131 137 146 45 177 101 39 115 166 171 29 139 9 67 44 64 106 90 54 56 208 15 62 49
141 41 34 27 240 62 55 162 237 79 7 1 9 143 77 104 141 49 216 129 195 215 36 5 114 55 55 48 169 31 252 224 35 48 40
178 170 33 168 51 52 133 52 12 97 54 72 13 241 36 128 70 0 38 99 83 33 30 15 138 194 8 206 99 40 56 11 204 12 81
98 224 95 177 227 127 37 228 235 20 212 80 174 23 98 44 246 194 0 222 162 190 48 9 177 25 39 44 67 52 126 119 89 18 77
10 84 205 17 4 16 62 68 136 11 33 116 169 227 71 181 35 175 26 130 237 59 18 83 242 236 13 38 179 159 39 60 66 74 144
239 162 150 15 33 203 71 91 196 243 35 55 175 6 236 62 245 10 143 41 194 10 75 45 219 110 36 170 223 37 179 121 215 23 207
245 61 31 77 26 59 34 231 137 104 29 24 40 214 196 82 96 222 102 150 100 37 62 175 64 72 50 57 245 162 224 82 28 3 38
12 180 93 191 27 13 15 31 148 159 50 44 84 29 35 195 117 217 86 57 185 248 70 72 52 125 154 102 168 99 249 73 218 148 176
62 107 140 80 154 219 56 177 26 115 233 33 29 186 195 200 67 227 26 47 45 38 94 203 106 80 75 91 115 181 227 96 65 206 94
46 140 59 17 37 118 40 18 217 58 3 76 0 65 81 102 227 51 86 117 192 64 31 53 149 143 227 8 33 30 249 228 71 80 13
77 27 46 58 10 212 191 246 75 141 27 16 41 241 253 235 23 92 139 248 198 253 92 155 54 35 242 35 27 137 239 49 46 52 116
201 35 54 248 19 56 37 146 134 252 39 107 110 110 9 41 53 196 100 39 60 72 145 194 222 131 150 136 37 242 11 17 6 48 107
34 243 241 84 92 24 241 28 10 62 229 122 84 148 252 137 74 191 122 127 13 82 216 45 42 1 185 180 177 130 84 3 141 52 140
206 26 113 39 15 181 127 68 119 10 37 22 12 237 42 176 56 53 37 147 143 36 155 56 144 9 109 15 251 92 94 19 226 75 26
58 71 156 229 168 32 27 65 23 29 15 147 113 226 42 12 202 233 30 56 216 165 68 24 120 10 84 27 203 133 129 30 168 59 94
73 182 17 13 55 28 17 24 49 22 239 200 26 124 93 23 30 43 137 28 6 85 190 77 241 124 19 8 250 18 36 57 49 89 213
151 118 237 247 31 214 11 45 64 31 27 23 17 57 180 51 210 166 187 214 158 134 46 53 26 122 29 132 60 40 189 236 79 57 67
58 145 234 162 231 96 105 102 179 235 26 96 136 254 97 63 26 66 118 198 211 42 66 49 26 34 57 232 108 21 241 188 122 254 108
168 153 11 41 0 58 149 172 24 94 138 124 25 133 156 241 78 182 14 207 158 130 13 177 26 251 46 174 11 178 185 38 71 21 221
57 234 42 107 65 236 35 48 88 61 115 210 63 46 54 95 18 241 56 15 44 63 38 25 49 23 108 42 20 8 67 100 43 31 13
55 190 234 48 33 101 45 50 46 9 154 40 42 139 22 138 22 90 37 128 29 18 67 37 65 31 43 64 25 47 60 40 41 11 119
223 160 187 108 91 6 44 128 167 139 111 29 114 236 44 78 65 88 249 31 24 67 24 61 61 44 25 44 65 36 244 47 30 27 192
10 86 180 192 9 42 61 61 222 98 95 183 165 15 175 5 54 47 38 138 65 45 23 52 27 40 58 35 64 23 28 67 65 9 23
69 43 66 13 17 49 76 137 194 20 78 105 30 10 91 24 128 62 53 13 17 62 38 65 56 54 61 27 67 64 21 56 52 64 16
20 252 226 30 23 57 213 52 206 22 29 76 16 4 84 36 43 54 50 51 23 10 58 35 39 39 47 11 17 23 11 33 22 38 50
77 149 146 203 226 254 210 122 86 228 15 13 40 164 210 231 53 27 51 50 29 50 19 22 63 12 60 17 54 48 39 48 31 59 65
81 43 73 36 26 62 38 29 172 195 151 228 34 83 59 226 54 54 29 43 41 13 51 33 12 25 38 13 67 65 64 31 40 37 62
40 5 14 35 164 41 11 116 77 10 19 157 7 93 134 61 49 13 67 29 52 64 64 12 46 15 42 16 30 45 49 41 52 23 36
56 23 73 80 164 147 47 198 128 159 99 63 13 29 254 62 40 38 60 51 31 35 174 29 41 38 26 15 26 38 41 41 10 63 24
176 30 255 14 103 8 103 13 18 85 0 65 112 176 237 253 58 49 52 67 37 53 30 136 11 54 55 19 60 36 23 14 28 18 57
75 219 45 46 145 147 133 65 74 32 89 20 43 146 193 55 248 12 67 26 50 26 67 38 24 38 45 35 32 15 9 61 61 217 24
91 40 139 81 38 19 19 42 187 91 147 251 222 36 83 52 17 11 57 198 37 33 39 26 53 20 52 56 26 24 5 16 18 18 28