67 37 6 32
87
86 109 172 202 119 0 167 37 231 2 3 199 156 59 135 12 90 151 166 146 103 224 255 152 255 250 227 149 255 207 196 202 211 255 6 243 255
7 255 26 255 204 147 107 144 255 192 39 153 179 83 237 44 255 46 173 153 125 255 255 255 189 255 255 151 255 31 255 255 53 114 203 27 255
29 255 155 229 223 164 217 192 170 27 246 255 60 1 178 139 136 1 255 119 185 241 248 234 157 47 10 92 255 255 255 255 175 255 227 255 162
194 52 247 255 9 7 224 101 35 133 64 92 223 123 11 112 104 97 11 185 157 69 210 234 187 255 255 210 249 208 255 236 212 249 255 247 255
32 242 93 255 3 40 11 248 37 183 255 95 253 212 136 151 160 238 217 66 227 255 174 250 252 217 212 190 255 182 191 207 184 200 168 255 164
173 16 197 37 57 44 255 15 255 153 159 32 150 220 81 0 229 133 198 194 212 108 212 195 151 255 156 255 244 201 208 235 255 255 255 69 255
36 255 250 96 248 132 44 206 166 83 97 255 32 255 160 121 27 215 255 214 95 255 179 196 255 199 255 188 203 255 255 10 219 226 255 152 126
255 110 53 174 255 118 87 79 246 156 167 255 43 162 210 110 209 143 134 81 245 255 228 216 164 197 255 219 18 166 192 151 254 148 170 255 251
87 162 255 174 159 4 117 65 222 254 53 56 232 116 214 219 139 227 204 171 245 212 255 45 159 216 217 255 199 173 255 255 255 148 206 233 193
118 20 113 151 54 255 236 44 39 181 166 149 21 66 165 239 184 101 219 146 41 228 180 255 216 255 255 175 255 197 244 255 202 255 255 157 255
142 255 0 214 72 27 154 169 163 108 159 44 210 163 150 255 196 117 35 196 13 201 228 43 193 180 255 212 255 210 255 236 255 181 173 255 74
10 219 67 12 0 103 77 154 255 110 166 219 9 255 8 34 65 229 26 232 255 211 134 255 255 255 20 149 240 232 176 207 189 155 255 166 165
89 255 94 33 255 160 133 21 80 55 14 24 28 175 120 4 148 146 255 151 252 255 255 64 81 255 255 157 170 255 246 186 255 177 255 255 221
208 134 95 156 62 255 209 185 13 153 203 231 29 236 11 209 4 255 115 39 90 236 255 219 255 158 255 128 255 255 255 195 215 235 244 214 209
219 236 26 129 128 87 26 2 19 59 0 189 76 135 237 149 208 64 28 166 255 244 255 179 190 177 169 194 198 235 216 245 200 168 255 255 253
139 86 196 163 152 186 187 147 255 92 110 18 47 255 153 1 243 58 142 255 77 255 211 255 118 196 167 166 251 255 4 206 225 255 255 255 208
23 37 202 38 0 189 203 74 255 116 68 148 240 40 149 152 235 184 221 128 44 252 224 218 202 255 148 255 218 160 212 224 219 148 208 198 183
152 219 235 238 234 235 89 158 101 197 30 50 244 246 181 75 155 187 255 62 255 255 193 255 255 255 255 255 133 255 255 255 255 255 150 221 252
172 87 79 213 89 76 141 117 114 141 180 169 149 235 161 179 226 209 13 63 54 253 7 212 47 124 112 68 16 76 195 66 193 69 217 76 156
4 142 61 148 205 225 252 151 255 120 142 255 201 20 111 232 233 99 12 201 171 193 174 222 82 19 177 86 31 88 208 209 60 231 16 112 166
75 83 87 159 37 28 172 44 255 218 121 214 242 11 170 96 194 136 91 78 243 182 158 255 214 234 198 219 236 123 186 28 184 206 207 255 70
255 52 105 35 167 87 94 135 202 123 59 154 46 255 83 116 9 89 9 191 7 50 123 32 221 162 176 101 14 242 229 192 171 196 218 20 118
179 247 171 222 230 49 255 20 78 111 61 226 255 43 162 224 238 113 79 2 35 219 223 40 228 64 199 218 83 36 92 249 181 58 20 187 177
0 20 214 31 4 132 83 239 255 255 116 7 174 189 15 68 116 192 201 140 236 33 44 101 68 79 127 75 219 151 61 218 42 230 154 26 180
41 196 45 215 139 42 255 255 255 253 107 122 107 58 73 153 149 89 237 74 187 22 208 255 34 249 93 113 51 199 5 0 201 10 194 59 1
103 225 166 195 76 237 255 67 117 251 40 175 156 164 34 82 211 35 134 153 150 214 189 172 226 154 74 255 124 68 130 217 17 170 12 48 165
255 196 15 31 96 255 29 54 179 255 46 172 255 109 239 99 187 122 123 137 11 198 255 255 250 40 150 209 255 205 90 152 76 142 202 58 207
161 179 53 70 255 200 192 17 122 174 144 39 20 140 40 64 202 107 212 185 255 216 255 115 40 111 24 111 36 230 231 168 50 136 136 36 134
109 162 212 255 137 245 174 194 226 28 104 89 162 232 208 190 172 196 164 157 255 86 81 240 92 229 174 88 93 252 178 179 179 42 218 170 239
245 211 238 90 221 218 219 229 255 227 70 67 118 148 160 51 168 230 61 0 85 212 184 247 248 22 29 29 45 70 223 41 227 226 252 11 87
194 229 35 162 85 54 8 82 13 4 205 214 248 193 199 240 198 30 219 73 45 185 153 190 243 45 234 185 111 54 190 39 215 123 134 107 158
197 57 217 160 210 240 187 153 209 247 184 255 116 165 206 121 161 107 139 19 205 53 85 242 177 239 59 255 88 28 231 218 112 22 79 255 255
255 153 250 194 212 179 27 167 119 43 68 165 244 255 214 182 246 187 225 211 255 102 81 132 88 166 42 201 94 134 57 96 126 145 150 172 63
7 8 121 149 255 49 172 136 222 255 249 43 205 129 235 255 255 49 177 7 203 136 149 67 164 36 208 205 64 40 84 232 209 187 255 59 173
197 60 34 7 129 117 250 179 175 252 60 203 207 200 98 114 236 156 39 68 103 190 206 22 255 176 43 27 157 13 175 130 65 26 255 43 74
252 133 2 149 19 255 73 188 128 61 243 224 174 165 174 177 153 236 151 253 244 74 196 7 94 46 133 68 116 215 92 255 172 255 21 255 156
66 125 27 178 176 72 68 251 221 155 135 255 82 227 156 36 182 204 35 29 244 255 159 219 88 241 111 195 143 164 134 192 131 123 219 153 224
199 87 86 253 251 167 127 216 155 255 205 150 207 100 208 172 47 255 247 4 255 136 228 159 133 175 245 195 157 104 33 19 168 24 143 158 186
113 126 105 131 246 33 214 122 254 23 196 235 77 57 111 124 72 223 31 158 188 8 90 105 74 101 98 159 22 177 176 53 156 65 82 59 208
127 154 181 31 188 241 185 122 110 255 255 242 167 240 24 54 255 255 218 255 248 181 4 241 116 117 230 85 109 155 202 207 56 219 220 255 179
220 148 9 139 119 155 246 255 142 177 155 155 119 76 243 51 184 194 151 104 162 255 192 219 134 255 75 171 160 252 235 132 126 38 185 60 211
209 183 202 222 233 123 255 255 255 171 169 255 225 134 249 151 167 166 175 176 145 17 103 138 182 255 244 123 91 179 152 116 129 250 141 5 237
71 106 143 255 85 255 39 254 179 207 10 77 39 138 93 255 100 64 155 158 196 113 221 137 234 151 158 8 226 83 178 77 102 255 106 236 87
149 155 45 204 220 2 200 157 57 144 36 167 120 255 81 123 171 18 255 255 41 190 88 12 56 35 133 35 141 150 229 137 164 34 99 236 131
106 105 11 94 250 181 0 187 253 197 161 165 164 195 189 255 182 97 244 236 171 106 138 171 211 179 219 62 153 57 150 151 135 255 200 113 203
255 222 245 192 203 0 255 187 191 255 3 180 255 111 89 57 115 198 78 212 235 130 209 83 36 245 96 8 255 148 59 244 11 109 222 242 138
161 125 213 29 255 235 122 220 62 7 88 119 2 11 215 196 253 46 92 100 255 248 209 20 195 210 150 184 227 15 108 234 184 226 174 210 155
149 175 237 197 248 94 4 170 93 219 123 227 10 181 248 80 9 3 74 177 135 67 8 146 255 223 196 110 224 157 125 50 190 164 106 133 3
227 25 76 219 33 231 145 190 255 197 207 28 221 33 202 47 81 1 33 113 24 49 255 248 245 5 216 159 194 139 208 95 60 247 215 184 249
28 251 165 235 208 87 156 32 248 155 171 54 249 217 18 250 217 62 75 182 187 255 194 30 233 145 23 86 209 129 54 135 103 247 153 187 68
103 223 255 10 59 255 149 122 255 82 255 106 130 159 89 248 136 77 102 255 226 28 232 115 11 141 26 250 102 98 173 45 19 128 95 178 141
204 158 132 232 43 149 151 252 90 112 124 116 33 157 211 92 35 26 240 13 131 186 247 54 61 219 42 232 235 253 172 41 228 255 133 243 166
255 174 245 130 2 37 206 255 247 187 59 194 73 148 8 221 74 174 54 149 37 221 49 224 97 194 191 150 134 223 132 77 163 178 1 201 255
245 179 136 255 77 101 255 150 249 255 236 79 123 255 255 81 255 181 55 28 46 24 15 171 223 204 215 25 221 192 204 43 227 129 255 140 176
124 68 204 94 6 135 84 62 62 154 97 207 22 77 236 255 205 255 32 226 134 228 100 255 255 10 154 17 29 57 158 255 254 223 122 142 43
255 7 60 85 53 147 159 58 135 102 205 189 51 213 133 247 164 97 140 157 213 33 244 74 255 205 64 214 114 255 222 46 255 225 194 210 112
165 61 138 37 229 150 255 76 47 255 214 165 105 121 220 99 100 107 227 51 165 165 205 132 193 12 248 170 133 148 116 14 187 179 87 255 210
207 122 103 72 197 183 180 202 108 229 222 32 156 255 187 255 255 111 16 159 218 127 166 47 56 117 255 213 174 160 245 219 178 145 80 5 180
188 157 193 45 221 208 33 52 226 216 60 133 180 204 215 16 49 24 226 78 120 144 20 11 95 255 34 169 161 235 182 41 34 111 167 131 21
190 170 1 207 194 113 155 68 249 221 88 173 116 255 87 8 255 11 186 255 46 179 184 81 148 150 6 239 186 66 150 222 11 210 66 105 48
166 204 113 86 67 243 152 82 18 247 156 228 36 102 212 209 5 251 253 169 196 7 249 90 27 68 251 154 81 140 84 160 144 229 238 197 106
255 42 88 188 18 215 188 117 238 166 119 115 87 217 173 126 199 205 119 245 93 142 104 16 233 10 252 220 105 70 126 150 102 255 47 125 158
232 4 97 94 57 146 178 4 42 62 224 240 28 188 255 208 31 233 198 242 53 0 255 169 95 255 76 255 219 129 91 251 24 198 82 105 8
231 240 109 11 252 224 115 44 2 52 211 163 202 136 1 176 28 248 244 112 255 50 99 218 64 146 84 223 177 217 189 39 224 80 184 232 172
85 71 215 191 112 126 255 217 27 239 93 190 9 149 255 139 168 4 139 39 161 255 252 227 137 21 42 185 37 175 128 192 249 177 151 21 207
19 168 46 190 168 238 169 51 121 141 51 164 16 55 119 68 247 92 133 254 53 170 12 77 255 188 132 14 218 175 255 129 123 154 242 70 30
231 81 80 255 53 246 157 121 115 185 205 209 217 173 112 6 167 200 243 86 61 128 224 196 255 181 100 191 149 209 201 243 242 199 232 80 155