19 87 4 74
40
23 74 171 157 154 205 196 189 189 140 218 166 245 3 142 70 222 194 84 201 200 205 103 37 11 175 0 55 25 242 188 9 253 157 127 43 171 201 192 229 141 42 238 158 8 161 228 254 79 130 60 176 189 60 121 139 144 160 173 164 7 249 156 176 189 146 232 150 165 190 129 153 160 145 145 161 130 129 165 139 162 186 111 154 153 141 62
168 107 127 1 243 160 148 35 31 170 221 41 150 190 30 111 164 226 244 163 94 164 98 64 15 184 122 153 155 91 217 154 77 195 248 57 7 226 63 205 72 195 176 220 192 242 154 158 49 180 120 146 194 40 184 142 147 55 130 190 73 115 232 200 155 185 136 191 161 195 181 194 125 186 198 126 174 182 184 138 31 140 134 126 23 141 254
49 66 136 209 98 190 124 141 199 167 215 177 247 108 174 194 123 142 243 213 1 149 115 73 183 182 9 233 253 176 154 76 166 240 96 172 232 165 157 141 153 193 192 202 231 255 134 115 166 221 86 3 150 169 155 14 10 70 45 233 150 170 208 157 109 195 157 146 135 191 152 143 153 200 136 158 186 196 160 162 174 173 193 176 146 126 153
210 159 47 30 129 147 176 94 250 200 58 253 120 10 240 133 29 68 250 58 2 43 232 104 12 67 219 241 119 39 142 199 125 6 157 61 171 192 209 187 136 1 199 34 69 216 68 157 32 26 192 234 29 156 60 248 218 155 76 131 49 165 191 192 159 170 189 187 197 55 190 142 120 160 172 18 176 179 196 175 165 191 121 42 130 120 133
214 148 159 251 193 66 0 164 12 53 187 20 198 63 235 43 36 124 198 54 187 117 88 207 180 159 250 60 184 192 39 237 241 120 186 77 197 132 132 33 94 237 23 20 176 140 73 235 158 109 180 166 97 209 196 248 126 200 206 121 249 228 187 186 135 168 137 127 159 120 138 160 197 168 187 195 199 176 124 178 141 194 158 162 188 142 149
154 4 42 69 40 58 207 55 55 214 127 198 203 148 178 83 194 83 220 176 63 230 187 211 128 104 171 239 14 164 192 102 182 163 121 75 152 132 222 43 164 172 51 80 132 113 41 92 124 56 142 142 248 113 72 62 153 180 178 44 135 110 145 185 103 167 146 171 132 138 151 129 196 178 168 167 14 189 101 213 197 199 145 190 155 155 95
137 67 53 205 223 136 250 64 8 42 136 183 133 83 207 20 59 79 121 128 42 167 164 5 151 128 229 17 29 255 87 147 84 140 17 178 230 106 192 253 225 165 214 61 150 254 182 199 63 27 181 190 176 164 22 133 149 3 207 178 9 137 244 125 153 174 143 180 141 122 152 148 139 199 148 170 168 132 179 152 133 194 186 166 181 163 198
206 91 30 96 238 216 123 191 43 207 85 49 94 1 154 197 209 252 144 63 152 137 175 9 238 190 240 254 248 181 100 188 147 150 229 199 169 124 96 27 135 130 51 17 232 93 124 121 74 33 234 43 38 20 236 248 133 227 183 223 153 123 113 120 154 193 153 5 140 186 145 152 153 160 223 140 194 130 178 182 183 130 186 158 157 184 184
165 144 140 247 73 144 217 223 195 202 158 51 255 116 141 245 226 117 140 58 223 175 21 51 88 101 148 130 178 198 16 71 133 142 138 45 229 210 185 65 82 133 154 186 149 231 86 193 80 41 141 122 157 253 162 31 105 47 93 40 44 200 243 122 132 187 121 147 24 159 159 141 195 193 139 128 127 108 196 154 172 145 154 71 137 160 25
76 223 209 227 14 136 35 77 177 216 137 152 154 133 23 226 166 144 135 224 36 7 138 91 84 129 179 81 57 187 251 123 79 29 107 233 146 2 253 229 192 131 86 21 97 85 81 96 110 246 75 149 193 53 247 118 69 222 180 105 19 166 28 177 155 122 159 143 180 185 179 121 156 129 146 181 180 140 121 185 196 196 151 190 141 149 245
107 210 125 177 215 73 60 204 164 234 187 219 193 100 150 87 58 25 97 254 240 137 61 106 81 141 251 193 57 169 70 183 198 80 234 61 30 102 73 124 32 65 32 178 100 152 39 12 103 86 66 111 78 41 111 7 123 241 252 168 196 145 192 199 150 200 199 135 189 136 195 139 198 157 194 153 162 165 159 166 124 154 76 60 164 128 3
73 180 167 205 41 193 144 69 179 40 25 190 199 231 224 190 142 191 126 250 46 195 67 156 200 37 224 191 175 94 135 157 149 69 56 188 220 109 110 100 203 93 67 202 146 161 188 215 91 173 6 99 189 65 213 228 128 141 107 48 151 190 142 176 158 158 140 169 138 167 198 135 144 188 135 157 160 194 62 127 176 194 141 170 165 161 180
157 79 76 163 30 63 106 177 107 201 132 93 235 229 145 50 151 253 251 250 59 154 217 48 94 177 21 84 136 243 236 139 82 123 37 244 167 83 211 217 164 101 74 52 45 193 159 147 136 62 209 28 191 143 94 111 18 205 23 55 166 172 116 137 145 174 129 178 170 196 163 147 193 171 153 164 133 187 130 134 46 171 196 149 175 136 199
79 73 186 229 130 181 149 91 181 111 103 230 82 95 196 105 208 38 19 108 139 227 20 77 163 227 217 124 124 190 187 125 105 61 215 244 196 237 122 120 203 156 70 153 184 145 189 67 136 141 141 187 4 182 168 158 91 82 53 170 130 53 149 137 77 123 144 175 188 188 168 65 160 198 161 130 132 135 153 175 200 147 140 171 159 182 64
182 52 55 58 10 159 131 151 198 253 138 181 74 170 94 208 70 144 180 147 159 50 225 46 193 188 104 233 18 27 49 102 200 88 42 94 18 173 155 182 148 192 22 21 89 126 120 22 136 194 30 194 234 60 191 165 13 155 172 169 83 92 167 190 87 127 163 134 160 159 160 166 140 144 224 185 160 196 159 171 144 164 153 146 168 150 157
176 166 230 251 123 90 177 161 158 132 110 68 36 170 129 195 118 119 85 185 75 164 127 233 228 157 144 82 109 115 58 143 176 154 255 130 169 133 47 182 182 72 92 54 59 128 123 169 121 135 198 10 234 38 199 194 201 121 63 168 200 175 196 139 190 131 140 171 151 121 124 122 143 194 149 191 196 173 187 148 197 151 185 194 181 162 92
168 18 189 55 144 160 171 1 39 193 207 27 42 162 108 143 226 50 187 66 178 162 18 55 77 153 151 225 209 128 66 82 78 136 46 41 108 160 160 85 60 227 47 175 184 198 239 16 112 245 170 170 31 182 168 197 172 67 94 112 137 46 166 190 166 136 139 198 180 96 222 228 152 173 202 29 200 188 69 180 116 181 103 162 61 217 229
172 139 23 206 244 93 170 115 154 50 7 194 132 101 242 207 35 70 161 21 200 199 16 178 230 10 243 193 175 160 158 48 203 74 52 60 25 4 123 183 70 109 123 139 173 27 89 159 128 42 186 39 137 162 143 138 175 60 129 173 195 125 191 165 42 180 150 179 130 110 87 178 17 209 127 243 151 210 8 167 77 175 197 92 169 89 235
60 59 218 196 201 177 131 228 177 229 121 154 217 150 105 11 217 87 217 125 162 254 255 241 174 176 129 248 59 99 160 33 208 100 90 67 232 103 93 169 229 194 16 171 17 126 130 108 135 52 193 226 228 187 155 252 111 46 144 59 92 137 133 222 71 79 210 65 94 183 97 192 255 37 145 193 92 209 23 87 228 103 111 166 53 215 159