87 30 19 7
52
87 153 245 158 188 220 243 227 39 158 185 187 23 117 0 240 200 46 77 180 83 148 98 136 10 71 253 87 122 227
167 31 231 106 149 245 169 192 179 163 208 200 214 123 203 119 181 236 165 24 10 242 144 192 210 107 135 4 44 157
164 195 193 24 217 240 170 147 200 149 158 212 48 192 147 200 122 83 255 34 225 64 99 51 119 5 170 112 215 77
195 141 159 202 16 4 46 145 238 209 195 169 119 25 131 83 70 232 87 188 152 202 184 213 31 224 210 24 58 47
215 186 161 174 253 175 122 220 166 164 212 230 175 193 178 245 209 210 171 175 209 253 155 216 190 162 70 27 184 137
231 149 186 151 208 174 213 219 153 196 236 207 189 168 233 228 224 184 216 236 253 178 200 136 235 105 171 190 236 255
221 244 220 183 165 232 216 206 234 214 218 234 202 189 196 168 234 239 230 251 252 225 225 83 164 250 2 72 143 200
165 199 171 249 160 201 208 182 196 198 199 164 236 90 161 244 40 152 213 176 158 164 225 30 147 9 240 249 215 88
210 250 51 104 111 206 187 189 188 172 252 241 74 193 182 224 183 201 200 201 217 228 240 166 214 39 89 229 184 218
193 244 249 82 154 151 224 170 196 227 251 8 212 152 165 201 178 175 221 168 212 150 178 71 241 193 5 171 191 228
187 189 11 168 204 212 237 232 171 201 244 189 192 172 225 163 212 246 211 50 148 239 203 175 193 221 143 186 4 186
84 152 162 228 228 151 211 153 184 202 96 224 190 207 213 200 57 208 201 170 186 95 226 130 168 62 204 94 109 57
195 149 161 213 179 150 251 191 154 233 237 217 199 157 219 219 252 204 230 154 164 150 192 175 101 221 142 109 19 183
236 163 168 222 184 204 244 200 160 230 172 218 166 163 238 231 240 169 181 247 164 186 159 99 86 187 255 177 87 110
219 149 224 201 201 239 234 246 184 214 167 249 176 167 238 224 251 176 238 204 0 182 152 175 228 133 184 177 187 167
225 212 197 167 165 212 199 185 177 236 191 151 224 169 179 250 164 244 165 201 192 220 243 13 107 99 195 199 182 193
233 215 231 137 203 241 230 197 212 176 238 232 209 225 218 151 239 253 174 216 248 241 210 224 126 128 16 167 119 155
175 180 198 162 207 230 199 149 111 242 173 247 253 198 220 207 197 159 238 183 210 151 150 143 241 121 207 9 121 175
225 200 193 175 213 195 201 189 213 212 161 237 183 201 164 173 208 246 172 140 164 215 244 194 149 81 233 28 88 241
240 219 216 229 228 225 250 213 169 193 246 220 155 222 155 150 204 251 222 175 211 244 243 249 229 188 37 86 1 217
245 245 162 194 236 241 162 230 179 229 193 188 242 196 77 113 180 32 216 238 242 197 202 224 92 6 206 246 176 234
70 236 173 220 253 229 183 214 185 198 198 185 150 168 225 170 6 228 247 149 205 247 164 167 224 12 191 174 154 132
240 204 203 202 211 173 167 192 236 159 207 248 219 197 152 242 237 191 84 233 62 164 194 73 66 232 203 53 188 103
168 201 180 253 250 237 176 172 117 210 178 159 190 192 241 182 178 245 167 193 192 200 161 215 113 156 250 79 82 37
204 150 182 185 176 226 231 181 154 252 230 199 174 190 211 152 208 196 191 17 18 190 212 228 66 135 175 169 161 192
213 203 180 204 150 235 216 25 170 185 235 151 224 161 151 214 204 223 241 218 200 247 241 179 62 110 86 211 208 119
220 155 206 222 177 172 179 174 162 165 242 249 174 230 104 179 183 183 181 202 220 150 188 248 210 115 161 214 182 60
164 80 158 214 250 99 177 188 205 178 166 251 135 205 206 150 65 194 191 160 175 233 247 65 111 241 109 247 77 144
149 104 150 154 181 249 172 224 245 191 170 90 177 160 235 202 233 149 213 233 178 175 180 242 238 151 228 246 186 165
158 207 240 162 166 206 206 235 251 187 251 236 236 224 191 156 161 60 189 241 223 234 189 248 44 199 228 21 140 16
203 209 192 241 196 171 206 220 162 164 209 174 217 218 156 180 218 238 149 181 165 208 183 27 67 251 227 122 255 131
206 160 247 193 215 168 183 251 29 227 67 157 166 139 223 155 243 201 12 170 161 223 239 11 241 24 191 217 66 35
230 154 158 228 171 190 188 218 179 244 134 197 208 150 111 231 219 170 247 177 224 147 197 190 23 208 168 132 77 201
238 163 164 231 198 225 201 242 231 163 218 154 249 200 245 161 215 191 176 227 218 173 244 248 134 137 53 219 169 18
180 196 159 160 157 253 250 246 245 193 155 151 188 156 232 182 74 214 201 196 155 152 196 216 221 63 89 86 196 16
195 142 228 6 27 220 88 175 180 37 246 84 190 96 221 232 40 61 138 74 169 7 231 175 202 102 27 148 115 220
179 138 85 244 218 192 229 132 73 227 109 184 98 59 146 150 83 201 31 223 170 43 48 167 83 200 142 202 209 156
124 173 108 100 222 94 194 204 239 166 211 216 42 91 251 69 254 182 237 189 144 236 68 111 201 128 104 97 183 241
85 220 176 4 175 152 19 190 166 122 177 194 8 192 183 110 174 83 6 58 50 212 122 155 143 44 52 150 64 12
122 221 198 252 182 237 227 167 110 193 49 248 154 161 164 11 91 197 237 229 113 236 86 241 81 235 223 189 145 133
253 191 31 170 246 190 13 130 33 50 169 91 158 239 228 148 157 197 200 111 167 104 172 185 218 241 236 67 187 13
176 149 208 181 85 168 169 110 237 87 132 78 161 247 210 223 194 190 120 156 211 108 179 129 38 60 122 242 239 105
95 10 5 153 190 78 227 21 210 71 198 38 59 158 214 75 114 220 207 163 138 19 26 216 232 101 176 56 179 254
63 94 78 14 220 203 147 57 212 60 40 39 212 86 129 182 236 27 191 201 159 65 206 222 177 120 218 54 205 93
221 120 165 123 121 114 9 173 176 245 212 19 12 0 95 147 32 83 44 173 225 151 165 215 240 243 199 179 198 107
167 127 210 115 23 36 183 94 135 16 151 83 198 221 171 168 216 183 185 113 250 9 117 197 174 116 117 148 226 33
193 198 122 6 10 165 186 59 125 245 99 84 181 242 149 121 124 91 49 228 1 98 205 55 237 61 26 175 38 77
135 65 172 219 142 183 95 99 37 61 233 66 13 247 57 150 93 208 65 223 243 241 141 0 246 215 19 252 14 162
255 111 253 90 177 227 194 155 166 102 60 228 157 35 75 130 50 64 178 67 193 134 248 251 23 203 143 182 50 77
35 173 213 31 97 28 161 2 60 71 250 130 200 78 248 172 87 2 191 233 69 217 7 229 225 184 147 97 45 202
246 124 31 165 165 171 159 15 173 25 234 66 225 16 245 39 211 55 223 67 173 149 61 114 82 30 80 68 87 157
97 172 127 106 76 216 103 208 223 161 180 185 96 53 162 130 94 21 232 111 163 108 97 145 158 231 33 205 193 222
133 106 243 112 236 120 171 242 131 105 159 145 174 222 228 147 236 216 103 221 4 173 184 161 133 195 222 109 33 194
6 137 224 207 163 109 28 48 233 205 168 180 204 181 31 15 231 121 185 124 162 86 193 75 150 153 12 179 139 241
167 16 222 245 160 55 225 221 147 87 240 184 173 175 152 38 39 192 207 119 121 239 58 129 84 100 67 223 240 52
166 196 245 83 155 172 177 59 139 108 160 221 184 238 156 140 192 117 230 183 234 111 233 237 14 193 95 158 155 204
136 247 58 176 90 154 242 48 235 165 31 193 4 6 161 43 108 155 193 240 91 252 159 109 141 9 75 38 144 251
232 67 80 182 226 26 15 21 90 134 233 100 81 195 227 159 8 246 204 163 237 222 237 20 173 235 156 180 194 246
129 122 196 226 253 73 155 144 54 137 226 11 190 39 107 247 87 109 191 182 196 4 88 213 80 14 78 179 199 183
61 27 139 119 219 217 74 209 171 200 167 187 90 149 160 74 189 239 250 177 83 219 129 37 5 159 217 201 87 82
150 128 249 101 162 217 234 213 245 227 239 125 241 142 246 99 78 43 172 58 161 217 253 4 243 233 226 28 103 37
4 175 236 142 167 206 209 59 226 102 162 234 106 164 240 169 206 87 100 74 152 112 41 94 1 250 80 197 69 253
207 186 33 10 106 90 28 50 170 199 97 32 252 231 220 133 192 201 109 2 64 56 251 169 156 159 60 90 222 194
78 202 16 176 2 112 116 33 18 78 252 219 236 3 167 198 37 192 210 58 53 7 29 159 209 210 179 209 144 176
27 76 82 239 126 89 36 147 46 53 103 94 254 224 225 232 70 138 233 226 66 115 77 206 214 77 241 250 140 214
160 104 249 174 230 119 201 229 117 126 233 164 32 159 87 154 108 12 230 230 174 43 229 163 84 37 169 253 163 250
182 182 90 235 47 16 228 188 241 135 26 155 180 222 94 121 209 128 214 58 251 150 210 169 111 175 161 100 172 1
250 194 80 98 241 53 250 8 47 188 55 154 201 214 103 77 218 30 142 73 40 201 98 161 158 184 65 60 129 217
186 189 136 18 66 150 227 69 216 216 133 110 231 164 83 225 198 151 192 63 86 37 3 212 112 209 13 221 216 142
11 209 139 213 9 140 108 236 223 201 132 39 253 72 105 13 62 40 163 82 206 49 253 31 249 25 113 226 214 213
192 162 242 168 127 102 76 237 218 228 70 219 238 66 176 186 16 124 146 234 12 194 76 221 225 193 190 191 194 211
220 232 234 224 87 239 113 53 59 220 246 9 213 200 117 142 72 223 97 35 178 132 75 99 48 85 231 59 240 28
213 150 247 162 164 237 44 75 76 21 136 165 236 246 115 190 177 195 141 91 107 132 242 111 132 181 2 198 157 241
180 44 54 216 15 139 168 202 163 175 100 99 168 2 169 25 193 191 136 53 137 159 156 3 219 202 225 180 89 138
179 172 236 203 127 185 140 117 30 145 144 132 211 246 249 4 173 218 170 138 228 224 152 93 244 166 51 102 148 104
33 208 244 175 125 151 210 239 160 142 143 247 46 153 227 13 26 50 250 240 11 7 215 213 29 214 221 139 26 202
202 218 29 21 235 248 21 39 82 154 95 133 196 186 101 221 209 250 36 53 118 226 187 162 212 202 65 161 223 206
221 25 192 120 44 9 235 160 217 118 19 9 97 56 219 115 43 45 134 155 170 34 67 157 225 149 187 36 229 173
217 56 230 243 164 10 217 163 166 194 181 201 236 190 144 148 224 88 182 77 251 70 45 29 223 139 147 82 62 188
155 235 195 5 202 30 173 184 83 238 190 204 169 102 144 166 142 216 171 239 4 157 220 125 220 8 223 14 95 43
226 208 86 112 241 97 88 88 186 12 90 168 166 97 225 100 203 227 208 198 188 95 120 106 202 127 70 157 156 150
185 226 102 114 167 19 194 171 92 117 10 192 246 243 156 235 99 75 251 60 207 89 156 65 191 144 172 36 42 212
166 186 9 162 204 203 38 37 146 68 156 178 189 247 228 118 245 213 186 207 89 176 156 69 141 92 239 123 162 11
165 166 226 72 58 93 129 78 139 128 169 67 91 234 123 64 129 164 116 90 43 202 164 89 73 91 240 193 214 112
114 221 206 177 114 164 82 166 219 59 164 79 39 229 58 164 94 46 129 227 184 177 161 155 112 226 5 175 179 13
244 245 193 56 79 182 183 16 234 209 224 154 187 98 137 237 70 204 38 42 220 130 231 56 98 17 237 159 146 201
55 49 138 215 174 158 243 153 24 163 49 118 81 201 171 171 16 116 233 153 21 183 153 149 130 142 189 135 106 239