24 58 5 42
110
124 117 71 77 102 224 166 158 78 12 35 67 62 177 193 192 112 80 0 63 119 203 46 19 86 8 130 161 100 250 119 80 203 114 147 209 42 87 215 102 221 113 75 103 180 191 121 226 125 221 80 197 220 200 71 152 60 192
204 47 164 184 63 138 233 163 63 255 114 254 214 196 88 171 239 130 16 119 32 192 0 100 105 175 207 131 233 41 158 29 106 210 113 197 62 154 66 168 35 120 78 5 155 28 117 112 98 190 196 57 103 161 209 174 224 126
236 243 13 147 24 2 201 43 171 112 249 123 146 2 40 12 12 180 47 9 140 236 129 177 233 76 200 82 98 94 179 76 61 250 254 61 174 216 228 29 75 144 39 175 79 139 112 157 234 103 62 215 120 146 102 35 130 78
202 188 187 159 224 198 33 3 251 58 219 27 27 205 139 116 83 209 118 2 10 87 146 92 214 10 44 71 121 98 112 17 124 74 79 59 17 37 81 127 107 162 180 164 131 21 126 118 218 70 179 208 189 167 176 66 111 54
114 29 3 88 251 28 103 177 45 132 226 167 232 144 148 213 114 202 65 216 132 47 252 245 233 244 255 33 172 78 163 224 200 92 136 157 236 137 67 139 161 126 125 115 191 168 173 233 154 123 194 126 203 24 26 204 122 80
87 234 119 167 205 121 137 69 54 185 95 91 21 54 87 152 221 214 163 61 14 251 75 130 7 79 177 82 3 216 69 125 43 36 51 98 175 52 124 118 152 202 10 57 70 128 198 110 65 30 194 134 164 24 206 50 153 60
149 5 194 124 76 184 209 114 172 198 194 32 66 46 45 158 131 207 68 124 191 198 213 114 81 41 214 163 31 21 14 221 172 113 131 197 76 104 174 23 213 154 90 118 139 138 86 60 142 219 59 74 121 214 123 134 201 83
91 56 224 188 52 133 90 177 43 163 26 215 58 172 78 136 44 142 186 90 202 148 67 242 12 36 75 124 76 253 80 79 203 115 42 170 59 141 58 104 134 94 53 170 163 160 201 137 163 36 27 98 203 28 26 101 205 80
25 140 46 136 218 79 175 99 213 113 227 193 131 115 67 240 142 146 240 32 119 56 37 79 7 77 170 190 171 50 227 126 131 151 146 126 58 139 208 49 82 84 121 157 143 221 1 86 34 212 176 187 154 231 19 154 87 3
81 202 207 48 9 249 180 62 101 90 104 206 139 62 130 148 76 245 93 123 3 198 11 199 254 140 85 146 34 133 51 72 206 61 214 125 236 148 127 133 91 164 132 108 28 34 137 86 104 29 115 117 171 204 173 34 218 173
91 208 215 231 20 94 179 183 75 134 230 224 167 107 76 203 60 181 155 181 114 192 80 29 109 33 176 65 79 174 86 163 159 113 72 132 39 63 186 137 174 103 95 189 231 101 115 226 57 187 19 144 149 127 209 39 234 10
171 2 207 13 38 55 57 182 161 33 30 94 69 199 126 191 187 26 203 138 143 65 39 146 42 39 183 228 83 150 200 67 194 139 128 86 30 29 186 125 70 60 121 187 104 226 96 159 84 231 223 126 72 26 78 109 163 67
155 210 44 201 231 235 6 54 129 218 26 108 21 2 87 40 193 41 134 67 29 87 190 195 249 52 31 175 22 98 242 36 88 202 56 112 142 233 18 105 232 72 126 33 47 181 211 39 49 55 81 222 189 220 103 75 92 79
219 181 177 174 113 25 159 128 117 105 111 208 40 140 190 225 32 39 226 144 152 158 42 201 125 126 159 60 47 51 87 31 131 21 61 250 213 33 102 180 125 26 28 91 98 118 179 216 82 111 213 49 213 197 188 156 214 106
203 56 158 17 86 21 205 42 159 222 62 16 33 231 62 123 60 143 55 99 104 148 198 94 190 245 144 147 43 154 187 187 39 27 232 180 31 90 65 205 20 185 32 126 108 25 125 118 122 50 192 165 64 24 95 40 156 132
13 26 38 126 147 223 134 137 132 189 168 217 56 107 66 224 239 130 56 129 77 166 69 233 241 3 29 62 231 192 128 203 39 142 170 226 152 17 24 129 59 175 220 168 221 93 157 171 186 16 97 94 209 181 16 135 102 250
134 100 94 102 140 255 67 133 186 172 101 82 29 96 243 90 91 219 121 219 53 157 89 25 55 58 167 127 120 231 108 150 88 185 204 134 87 62 89 130 174 179 43 199 233 216 56 176 214 233 24 210 6 204 29 77 121 65
117 64 206 4 12 45 202 61 133 136 150 244 39 138 128 139 87 182 1 193 134 67 87 118 212 183 10 85 138 188 116 86 191 147 190 183 30 223 213 251 180 203 9 96 134 185 134 255 112 43 10 96 140 150 51 157 174 114
86 243 168 4 242 98 174 62 184 6 86 123 244 189 169 195 211 67 125 48 18 214 102 42 24 3 48 107 233 244 8 187 231 42 12 141 167 11 176 162 37 63 116 183 14 122 94 93 217 228 75 76 45 134 80 187 83 53
234 28 37 167 153 146 212 33 245 231 185 1 46 250 169 48 187 224 200 12 66 35 158 87 192 74 235 76 107 253 167 134 127 40 86 216 173 224 129 103 233 97 145 214 43 107 145 58 123 234 57 190 203 144 234 241 144 167
217 236 255 145 92 25 236 228 112 101 86 13 73 106 206 200 117 66 107 222 240 217 197 151 113 124 177 62 187 134 158 48 123 57 174 38 65 24 44 58 217 198 16 175 208 90 75 138 188 66 45 138 133 184 34 226 40 173
183 247 29 206 125 46 121 116 136 200 57 120 82 181 76 28 32 81 32 91 5 73 103 22 4 62 87 96 87 8 52 141 218 72 112 245 131 36 239 124 253 70 224 223 179 172 248 157 57 97 216 136 76 215 251 89 72 86
164 239 226 195 197 163 197 96 87 18 47 123 106 1 212 119 150 203 170 116 49 52 97 196 212 228 32 196 170 114 138 230 245 205 204 129 49 111 221 149 127 133 51 142 176 89 220 71 11 150 114 76 15 198 82 136 136 165
144 177 27 21 8 129 7 166 14 205 142 235 36 249 177 189 168 212 7 56 111 156 254 240 226 35 27 127 120 113 68 86 30 99 217 103 89 74 71 243 11 32 168 222 139 52 122 14 249 199 156 80 71 151 227 190 183 202