77 17 36 6
80
16 222 175 26 19 238 40 101 0 25 61 77 65 64 165 83 142
132 52 194 246 52 167 17 44 26 226 112 3 0 93 170 180 121
204 0 98 132 69 207 172 0 39 25 206 46 22 128 102 195 205
69 212 87 0 71 131 27 8 198 157 33 93 131 98 100 81 0
164 0 45 52 32 213 0 185 10 59 30 51 86 220 132 111 0
252 88 200 188 181 115 13 0 0 0 84 242 237 126 91 202 141
180 108 27 208 18 247 86 127 136 120 0 0 0 0 97 52 244
163 80 159 0 15 183 202 239 107 7 180 148 0 37 47 0 169
209 147 164 163 143 0 91 134 27 117 23 44 204 53 85 20 224
119 213 138 252 73 122 74 0 0 38 212 34 203 17 0 98 122
191 195 5 96 230 185 188 135 141 33 0 236 250 167 30 66 0
184 17 44 55 32 250 187 0 101 145 120 0 70 133 230 29 149
10 200 235 117 90 184 103 73 196 64 223 3 0 157 110 0 20
64 39 206 0 116 27 175 30 227 106 0 116 32 144 22 44 69
52 12 210 155 42 241 67 0 123 197 35 4 188 219 130 0 220
55 138 19 0 227 0 3 239 216 99 39 234 213 4 97 254 12
26 100 169 2 143 138 73 186 119 237 127 89 27 98 123 0 109
189 122 132 52 4 0 123 95 184 62 79 0 30 45 181 33 1
243 241 115 35 12 225 222 151 210 0 161 44 0 61 63 45 33
125 59 10 94 235 118 45 0 79 194 20 22 0 159 50 141 19
93 151 52 77 36 8 125 90 11 69 189 0 131 71 196 48 22
187 63 157 175 5 232 168 64 127 97 1 228 167 180 59 42 187
177 0 0 0 206 197 157 237 48 126 0 0 23 36 49 133 216
254 22 208 181 7 110 55 141 138 134 218 48 24 3 205 73 0
184 83 85 39 78 174 0 181 4 198 18 15 96 215 3 146 189
74 196 176 171 97 189 142 226 192 172 220 213 145 121 66 161 90
84 158 115 250 35 28 240 33 49 71 12 41 254 168 50 0 217
89 69 7 119 0 4 0 72 66 0 0 0 32 14 0 0 77
0 0 76 0 0 70 0 29 0 59 39 11 79 102 22 47 28
16 0 0 0 28 5 32 11 0 0 16 75 68 58 32 36 61
33 33 0 15 50 19 63 0 0 0 19 84 74 62 0 17 159
0 85 133 96 0 0 38 60 35 60 0 0 1 0 81 0 218
60 0 49 0 51 99 69 0 5 68 19 92 232 0 78 123 45
0 55 0 192 82 115 47 39 46 9 91 124 55 72 96 40 85
0 80 8 0 72 35 81 77 0 0 94 172 0 54 3 85 63
0 0 89 0 173 22 71 0 0 61 31 27 93 23 13 13 20
44 60 9 101 50 97 42 13 95 0 88 77 0 0 96 0 0
172 50 25 31 0 198 0 82 0 55 0 62 0 44 0 59 226
96 49 0 0 0 0 0 82 78 56 34 77 73 24 0 82 137
14 0 0 47 0 0 20 19 72 139 50 83 0 87 19 25 71
14 0 61 0 61 25 26 9 1 0 33 20 0 82 0 24 128
200 100 0 80 97 63 70 38 0 0 27 77 50 59 76 13 124
37 93 2 0 12 52 50 0 166 9 0 0 131 0 42 0 231
42 3 68 30 0 0 55 0 21 74 37 22 0 102 95 6 142
4 1 0 85 12 50 8 0 71 22 0 27 0 0 54 0 42
26 92 25 43 0 54 81 0 56 9 11 0 84 0 0 83 0
2 27 211 249 165 189 17 51 128 232 186 32 66 90 0 96 160
206 0 114 0 184 44 233 153 198 36 204 184 163 11 177 52 156
156 100 0 30 229 34 73 0 161 186 234 83 41 235 76 173 142
0 145 78 95 131 37 19 250 86 252 61 12 14 118 29 122 0
198 25 34 22 129 165 28 38 243 41 65 211 169 213 60 13 30
8 0 164 210 58 0 244 8 7 10 97 143 20 58 174 149 185
160 37 224 109 188 202 95 251 75 0 48 32 114 96 255 78 252
157 87 134 242 253 52 252 179 210 92 33 68 41 132 48 137 91
107 198 59 22 212 4 139 244 156 145 234 72 136 236 68 21 205
173 100 175 92 106 45 143 215 62 10 106 199 101 80 170 139 0
45 186 111 220 109 153 0 239 75 81 42 189 216 35 118 99 103
218 26 94 151 4 47 7 132 0 82 44 73 62 228 0 5 252
202 24 0 90 6 0 70 201 29 197 96 4 203 187 146 79 184
98 206 57 136 120 71 0 100 232 197 1 174 146 91 0 103 50
232 103 42 223 248 201 132 115 0 127 97 62 154 176 11 223 98
0 247 114 110 248 200 203 235 219 141 13 25 107 103 22 253 48
165 166 4 11 73 0 0 208 242 231 250 227 119 143 90 209 133
42 219 75 141 96 37 0 213 119 230 165 41 29 140 233 36 243
212 38 0 132 53 63 179 83 218 63 72 16 103 181 201 0 43
120 43 21 176 169 97 212 123 45 114 170 88 233 221 163 168 215
79 0 41 146 185 49 179 79 180 0 161 91 51 11 85 213 0
22 11 30 54 218 38 72 140 0 217 151 146 186 12 33 2 82
229 154 176 38 221 81 20 108 20 0 15 105 67 57 110 168 119
124 81 8 68 169 188 243 0 228 49 54 0 111 237 34 147 80
101 199 45 234 25 161 129 12 21 0 90 93 147 44 61 232 186
198 199 234 205 9 115 5 254 199 203 183 209 31 164 70 121 144
114 237 118 252 45 195 126 172 27 13 233 25 165 22 157 129 0
9 118 2 31 240 28 154 45 166 138 145 158 94 146 59 5 33
1 148 101 63 0 127 24 0 187 219 25 42 165 238 192 73 104
63 130 239 137 77 187 89 180 135 229 148 40 244 220 168 251 189
0 208 49 19 50 252 9 179 105 115 90 0 10 76 40 251 0