48 53 36 25
51
113 197 182 110 220 83 161 134 87 152 140 86 116 117 154 138 241 163 109 41 202 220 226 6 180 254 235 201 198 142 124 214 32 95 4 59 76 156 235 40 67 178 232 245 17 239 231 156 103 135 114 197 24
208 117 18 150 176 99 65 50 161 90 95 81 20 117 233 33 215 64 169 54 143 174 246 253 104 39 154 230 1 121 79 43 53 43 225 119 95 92 30 213 159 100 0 75 128 182 85 185 69 22 70 167 97
81 129 118 126 39 7 105 209 81 72 73 240 4 80 174 60 214 218 202 107 12 15 162 198 80 224 112 151 13 63 180 86 250 192 99 229 8 136 201 61 245 229 205 99 49 58 251 104 76 177 195 186 120
86 156 72 166 135 108 54 212 91 149 171 104 67 68 53 24 25 58 245 62 231 139 93 144 109 197 162 152 44 244 7 155 113 90 217 89 80 105 51 197 54 68 242 146 177 9 137 113 52 106 115 107 40
167 245 120 222 134 84 123 143 174 239 151 146 210 67 123 196 115 66 156 232 81 94 103 43 95 142 71 71 224 204 5 0 220 199 84 227 157 15 230 236 240 180 168 11 21 151 99 103 109 83 89 141 32
5 252 143 201 167 150 197 131 239 231 206 62 197 105 129 206 189 143 111 109 139 155 118 124 183 92 154 177 219 163 96 197 2 65 7 103 145 63 251 108 182 126 210 253 233 209 152 83 243 207 16 254 242
153 102 192 95 152 104 36 38 158 195 254 119 179 234 73 63 8 4 78 23 10 129 46 202 60 232 255 160 59 137 227 147 90 194 178 161 62 2 62 114 86 153 175 125 46 247 69 63 128 91 7 10 111
235 78 77 131 89 97 110 146 115 242 43 109 87 182 65 54 87 30 148 227 77 105 72 191 32 22 102 88 162 74 79 95 191 192 46 110 247 133 246 19 22 10 115 202 1 75 64 66 130 90 97 53 37
106 255 54 239 79 227 198 220 145 165 70 138 107 121 26 138 204 114 148 135 150 151 127 149 121 132 240 225 48 122 93 107 147 255 40 218 158 202 100 176 54 160 136 101 194 41 112 248 13 76 90 97 134
152 99 110 79 54 92 7 203 115 212 183 156 109 130 166 101 31 234 148 239 57 36 202 52 193 88 97 206 140 9 214 222 233 13 89 183 121 239 201 209 254 253 154 12 46 230 76 33 34 42 178 4 208
71 148 110 156 18 68 98 72 210 128 238 54 74 193 11 154 62 109 95 103 148 69 74 34 111 27 163 220 59 247 69 249 124 193 78 142 101 97 162 61 145 118 201 143 132 4 164 19 177 74 67 38 121
146 116 218 199 49 232 115 103 145 36 0 70 37 101 112 199 151 25 84 123 17 141 9 71 120 79 0 202 22 28 41 137 90 189 42 244 148 208 236 215 144 145 2 12 227 137 37 197 155 96 91 11 179
70 149 76 98 15 5 181 88 100 228 92 33 17 22 69 23 145 237 75 96 85 77 151 59 138 70 111 203 138 184 43 49 214 32 117 132 115 254 30 14 61 78 86 251 89 139 200 116 111 3 231 85 196
141 81 228 167 96 244 182 102 77 174 130 103 90 188 155 247 124 151 234 103 70 59 156 186 119 131 132 102 224 78 94 84 94 186 194 39 154 187 237 102 201 80 9 141 86 36 15 160 237 59 128 140 140
86 255 129 54 8 134 52 66 44 124 145 59 148 137 225 82 58 94 159 161 26 18 91 153 68 155 81 32 152 218 82 14 162 230 113 88 109 178 169 120 109 145 25 142 40 17 12 61 24 147 209 154 34
131 90 149 129 58 137 210 61 242 124 139 47 154 11 79 17 214 130 21 51 23 51 80 68 94 149 149 222 210 146 95 26 251 72 153 113 33 144 17 2 136 186 146 79 194 69 198 80 75 207 134 152 182
234 158 57 148 216 173 238 33 244 117 251 230 190 74 178 58 4 71 219 159 110 18 176 129 105 135 169 154 105 233 66 81 52 139 114 161 17 56 118 245 100 71 10 51 7 95 211 251 174 62 74 69 127
181 131 234 71 12 193 8 63 151 154 64 173 87 11 136 45 112 221 28 97 165 175 138 193 121 8 126 104 242 161 43 56 201 36 107 219 148 249 161 163 234 139 101 116 50 77 118 203 239 68 2 177 79
59 238 176 25 65 184 31 112 49 78 250 76 135 239 219 122 34 42 127 169 120 110 104 70 198 61 94 208 20 106 183 204 87 92 239 97 58 131 216 173 132 53 211 133 153 123 194 186 75 139 244 72 136
217 197 232 108 160 119 132 50 83 76 247 193 107 194 63 119 164 248 92 7 0 197 56 38 128 228 117 107 146 225 243 98 49 94 14 42 5 126 93 214 155 251 109 191 143 236 150 73 5 210 209 229 150
142 117 135 211 145 36 80 96 174 214 248 121 36 125 61 113 98 70 102 90 35 3 210 127 164 104 141 99 76 91 118 86 136 163 177 123 119 9 91 72 182 198 112 117 3 161 52 25 77 153 187 44 46
113 135 57 136 74 135 183 207 146 146 152 195 249 116 210 128 229 210 223 205 1 141 58 55 249 178 53 219 228 151 143 84 140 115 45 150 251 100 186 161 179 42 23 53 83 76 164 126 212 104 82 78 236
252 149 22 67 52 19 25 231 87 14 105 125 151 8 188 56 50 68 229 219 64 79 37 53 149 132 140 224 97 200 217 93 18 85 76 33 237 140 90 18 228 87 80 128 107 73 188 165 164 178 95 143 247
206 47 120 63 88 197 20 133 136 155 115 76 93 27 9 82 105 133 149 214 139 67 107 134 96 154 76 238 139 86 113 177 245 197 112 146 246 174 52 84 91 67 50 19 197 140 83 163 124 229 168 85 50
100 33 116 15 92 95 172 96 254 4 110 82 126 113 118 246 13 151 56 219 233 214 60 188 112 127 186 91 143 172 103 79 253 231 248 132 5 25 232 34 1 236 9 67 131 153 248 108 171 250 132 77 31
159 142 143 97 19 149 84 247 56 61 125 2 198 70 221 32 68 75 239 83 157 119 253 224 244 96 108 94 34 192 203 115 68 181 41 61 223 88 141 86 96 121 169 153 183 96 66 142 97 151 148 73 156
145 105 116 112 53 11 109 146 94 237 207 120 57 102 153 39 133 15 14 94 103 38 96 117 216 154 121 74 206 127 38 43 193 103 146 66 10 50 165 7 173 202 171 108 56 178 169 68 211 249 5 58 140
32 90 231 99 60 81 21 246 36 116 119 200 123 195 44 230 5 77 66 74 142 56 247 65 33 192 97 121 137 153 2 75 190 148 152 179 142 138 70 237 24 66 72 63 198 118 133 234 120 23 124 128 111
111 121 118 20 155 54 84 85 155 101 165 148 142 90 247 151 194 225 60 191 140 105 56 28 80 129 198 62 36 159 226 126 152 249 234 14 112 123 146 208 175 103 24 144 173 250 200 65 106 182 85 24 156
155 228 168 59 39 73 102 58 219 92 57 253 46 94 107 0 135 206 178 232 123 7 167 165 85 127 24 251 206 63 244 184 93 234 123 95 116 45 68 55 200 154 78 62 56 101 97 67 106 53 55 175 131
21 84 104 126 31 163 142 201 236 60 53 60 147 84 135 22 4 184 35 255 207 144 139 114 125 144 134 85 102 75 140 85 107 17 147 98 201 31 77 228 133 145 250 179 66 226 125 82 57 235 92 50 157
119 96 226 127 209 126 212 34 71 116 231 170 205 164 174 134 82 108 233 83 99 134 55 85 90 127 43 83 77 104 129 153 191 93 102 206 197 237 117 141 172 188 39 226 126 234 94 195 99 122 154 163 63
133 230 21 41 57 171 69 21 143 73 164 81 100 217 67 112 96 86 170 102 127 236 134 107 144 105 123 114 155 142 64 74 190 68 149 94 138 22 68 127 86 154 184 253 117 227 241 4 171 205 149 61 27
72 182 88 155 156 106 172 34 148 245 151 66 134 28 205 153 196 16 82 123 101 72 103 98 92 56 94 131 107 65 95 120 145 74 166 28 40 148 110 138 149 138 91 122 73 230 16 114 122 163 90 75 169
184 51 134 103 201 132 50 138 56 33 156 139 93 68 81 0 74 28 127 59 102 99 86 149 109 82 91 60 114 64 126 106 156 81 111 226 207 138 198 36 236 200 241 98 59 107 125 188 2 249 45 55 133
140 69 131 80 97 229 144 151 99 107 74 60 225 85 147 60 74 213 142 217 192 90 82 58 105 125 3 105 125 135 121 84 88 111 153 10 19 189 145 30 203 103 130 119 64 111 151 228 113 200 132 149 25
209 127 13 72 66 172 83 231 209 151 189 21 234 4 83 132 200 231 137 110 82 78 127 126 96 213 137 129 58 140 20 79 240 134 132 253 68 89 219 110 204 63 130 107 240 24 85 143 55 111 254 127 159
63 60 49 1 150 18 97 239 204 119 92 108 15 251 110 202 34 66 118 114 83 127 100 120 124 87 131 105 127 59 157 150 55 206 130 218 145 206 57 30 124 107 234 198 2 120 83 182 33 155 88 103 179
197 37 52 10 19 99 137 108 144 255 112 120 100 57 68 182 171 71 34 67 134 93 111 115 55 59 81 151 67 153 72 140 194 116 163 56 73 61 18 185 84 57 56 84 155 93 114 177 91 81 104 135 100
67 30 36 127 100 72 116 113 176 27 55 14 152 209 73 20 222 249 237 114 13 142 76 90 127 54 78 80 70 65 130 121 42 235 175 119 59 167 26 82 205 44 72 174 239 142 42 61 90 207 86 70 80
217 81 133 63 21 113 28 211 211 29 110 117 251 77 193 6 193 115 254 24 99 131 83 81 69 91 59 30 93 107 102 54 62 213 167 158 102 130 149 111 202 255 185 186 80 244 210 124 227 65 70 163 110
219 135 173 91 84 94 71 163 202 126 45 100 52 8 87 52 104 160 64 81 149 83 137 127 127 97 124 95 142 93 127 68 19 226 172 119 167 73 109 73 36 2 132 97 84 59 161 145 85 40 163 199 163
56 84 95 225 157 5 133 0 246 146 115 153 9 44 160 111 77 251 217 104 118 145 104 61 100 139 55 121 63 108 135 76 215 112 154 105 191 142 61 219 254 23 66 51 163 142 54 92 238 190 59 27 16
226 225 5 141 220 142 119 115 99 223 251 241 152 154 122 3 205 70 116 184 113 153 215 190 178 253 56 106 18 123 69 158 214 192 61 149 203 153 108 66 136 123 28 207 36 68 186 165 249 59 213 76 6
184 0 94 46 75 76 97 128 200 156 147 82 255 172 216 206 243 134 246 207 236 47 189 88 50 109 174 85 161 29 23 89 139 43 111 107 50 176 243 97 206 66 12 207 226 111 19 229 144 116 114 205 120
139 150 132 117 36 141 173 114 47 79 160 161 84 89 108 59 211 45 195 60 230 188 166 82 216 105 103 48 124 53 112 5 79 137 49 83 67 91 100 94 102 99 58 173 125 127 43 79 218 0 97 104 61
113 118 34 4 134 107 35 121 233 153 119 0 237 178 61 147 153 74 187 107 246 108 140 198 207 51 65 0 51 75 133 143 66 48 253 97 64 13 61 39 90 84 136 212 188 157 25 131 85 112 180 201 81
69 111 61 165 143 74 113 116 145 72 77 160 242 79 218 113 66 131 141 43 143 12 50 235 111 131 185 183 102 82 205 117 29 93 177 18 163 58 99 90 216 157 221 37 218 78 84 196 190 148 173 68 244