24 26 1 11
89
43 170 255 255 212 245 11 255 255 255 236 195 255 255 203 255 206 255 255 167 38 181 129 161 181 90
253 164 255 214 236 255 152 219 255 221 198 240 204 255 255 255 255 255 167 176 243 80 210 78 17 78
65 125 201 220 224 75 171 212 220 255 255 255 255 255 161 255 255 255 255 183 203 7 134 168 255 173
154 114 22 255 249 48 255 255 255 176 150 255 179 255 182 223 247 241 255 255 255 128 13 70 211 168
21 112 255 255 255 253 186 206 196 255 255 190 162 255 255 244 151 235 230 170 255 167 255 255 179 159
198 105 235 255 255 255 191 255 229 255 255 194 236 150 250 162 195 206 255 241 255 147 105 167 249 194
251 212 255 255 155 172 255 253 255 152 194 255 214 254 255 148 229 210 255 220 214 26 187 255 32 142
228 234 231 170 219 255 254 255 255 250 255 172 192 217 157 162 249 255 240 220 51 58 251 255 59 255
255 255 214 31 255 204 255 255 149 206 179 225 180 211 160 194 165 255 255 255 255 255 7 2 247 47
255 221 200 255 222 232 212 144 255 231 255 155 249 209 255 199 255 255 205 255 174 89 251 208 160 31
194 244 213 189 127 249 255 193 224 232 255 246 255 237 177 170 255 157 210 255 211 215 171 102 255 118
255 170 48 214 255 166 86 140 3 212 229 241 254 255 255 225 207 255 147 128 255 167 220 67 2 74
71 172 247 222 16 88 15 249 230 224 205 251 161 71 199 129 104 150 228 255 208 88 159 167 255 219
189 254 117 197 159 161 160 102 59 211 27 200 201 195 200 255 150 202 255 58 196 180 124 140 81 178
255 231 30 170 172 240 250 164 217 176 194 73 178 96 50 10 7 187 134 142 137 110 196 10 149 26
222 114 131 2 8 69 163 60 215 218 247 113 10 166 255 242 171 69 23 174 87 249 255 95 76 255
255 224 126 80 23 97 12 255 171 97 176 173 77 153 155 154 140 169 51 48 99 209 51 246 6 64
143 103 24 181 148 24 243 249 76 231 74 64 173 191 29 239 191 11 59 18 190 207 161 201 218 255
56 225 152 123 121 255 215 216 32 160 221 112 113 5 4 179 81 145 198 173 40 149 255 255 135 61
28 103 202 141 255 195 179 120 157 229 255 170 107 250 254 85 255 208 151 205 77 228 225 130 255 116
230 162 156 75 39 68 255 155 21 255 223 209 34 91 237 164 107 116 101 200 255 51 169 255 105 138
242 239 56 47 211 130 70 255 235 170 216 153 80 152 255 91 175 173 134 214 173 255 240 236 192 177
125 151 81 221 160 227 192 227 12 196 229 114 123 47 187 161 66 203 92 111 153 21 247 75 190 169
7 80 239 84 243 96 206 255 247 189 120 40 79 244 100 8 241 219 234 233 139 62 85 189 165 249