15 53 13 11
31
103 120 140 125 157 131 243 102 161 153 144 129 106 146 143 137 160 149 119 166 10 142 160 129 161 101 160 129 215 102 48 138 117 134 175 0 103 44 56 84 113 154 148 230 143 142 23 49 50 76 77 191 145
52 145 140 162 109 159 138 101 122 152 152 140 157 122 126 19 111 143 147 155 110 149 49 128 157 116 217 71 165 104 171 21 63 109 149 230 139 211 115 223 104 117 204 163 109 194 220 214 231 9 223 153 158
138 144 131 104 132 187 120 102 143 137 129 101 131 143 102 131 122 104 110 114 115 125 151 105 120 155 153 40 201 160 122 28 21 173 171 227 116 204 86 135 38 3 86 105 116 85 150 133 200 220 179 152 112
105 150 173 126 101 103 116 121 106 144 141 39 121 104 112 106 154 137 65 155 152 38 161 117 139 110 102 211 189 49 155 16 209 130 18 217 58 75 38 85 113 51 40 252 107 215 121 199 13 130 250 126 200
144 137 127 131 130 103 108 159 158 115 110 156 159 131 147 148 131 146 145 111 158 121 253 154 135 125 122 204 31 244 149 156 113 49 143 103 235 46 104 5 151 122 146 52 113 167 184 254 199 35 103 189 87
120 128 132 102 124 130 131 143 120 110 136 133 139 131 137 113 126 134 116 101 105 138 115 138 112 147 129 44 97 23 191 168 138 198 254 189 21 84 82 255 117 141 65 240 171 158 236 135 187 177 249 34 66
116 157 124 124 119 133 120 159 157 144 121 109 149 119 111 138 154 124 105 134 148 102 72 140 103 113 140 96 242 106 83 97 55 219 124 210 149 110 113 103 40 205 177 131 118 14 111 192 74 39 127 223 33
108 114 109 136 120 148 149 155 110 150 148 130 112 122 126 129 100 51 128 160 141 130 119 215 148 111 180 209 127 212 123 162 118 228 164 236 216 114 143 117 104 191 31 1 49 213 145 174 211 227 131 181 213
131 120 129 123 107 124 161 162 103 145 151 201 142 111 146 153 146 153 100 149 144 131 129 150 156 152 121 3 65 132 242 169 147 108 237 157 23 28 253 126 69 221 205 116 228 222 105 123 104 106 178 106 75
101 135 138 129 110 25 134 138 131 110 150 126 111 120 162 118 126 149 145 113 156 111 105 79 101 141 143 137 124 156 63 154 242 54 19 31 92 108 138 85 45 119 104 168 59 116 112 59 32 53 123 24 227
155 154 103 101 100 154 161 159 105 109 112 132 155 101 106 139 144 143 138 142 144 140 150 143 131 127 66 46 188 120 223 92 25 85 158 108 27 145 78 247 25 44 88 165 109 144 101 179 141 69 5 135 152
136 131 160 125 149 106 123 141 161 137 161 41 144 131 113 183 74 124 115 239 153 121 125 104 123 131 152 142 138 193 13 201 48 157 40 158 104 153 152 1 180 232 81 198 57 244 49 245 195 144 235 59 157
114 127 129 160 133 137 122 145 158 121 131 109 72 91 65 56 115 137 124 148 144 160 161 152 155 120 154 130 214 238 1 57 117 140 132 230 178 152 138 183 117 242 233 139 15 50 98 117 135 136 218 77 213
138 161 131 150 134 126 111 120 154 145 113 211 131 131 146 56 203 145 229 124 58 126 109 148 136 123 125 138 230 166 94 93 34 117 221 255 132 82 187 107 247 127 36 147 77 114 158 76 246 137 109 197 64
144 162 253 116 109 161 125 109 162 116 122 104 140 104 117 139 108 125 137 157 112 156 143 150 151 124 194 141 187 87 217 161 130 107 165 173 153 217 126 89 100 139 153 71 93 162 23 147 58 118 105 148 7