47 52 29 42
68
13 99 28 34 163 34 69 255 10 58 200 114 214 122 89 189 181 43 231 15 196 0 150 167 58 26 0 200 204 84 3 172 217 211 64 231 94 50 160 150 71 242 22 238 246 18 253 11 65 235 183 106
121 250 244 48 171 64 58 217 241 14 23 180 88 234 71 56 0 128 40 57 37 200 165 0 78 59 224 52 56 23 49 139 1 139 142 0 233 220 32 33 39 170 255 211 100 242 172 221 249 49 20 104
106 145 130 46 129 0 100 132 31 106 0 77 222 126 194 23 6 92 80 70 154 74 149 46 54 239 69 102 98 21 197 19 169 126 0 73 136 0 33 207 61 31 77 114 0 253 62 80 122 211 26 120
208 0 15 67 216 188 41 254 68 38 151 112 0 0 0 79 0 249 93 0 0 206 37 74 109 28 188 104 121 17 91 39 249 175 99 148 241 167 20 28 243 15 208 163 73 37 93 0 59 74 15 97
5 15 69 133 249 0 252 192 172 254 171 0 153 101 79 91 109 49 23 44 4 106 183 166 227 15 31 90 37 126 75 38 237 155 80 57 121 57 61 38 30 17 42 160 65 27 14 51 218 10 0 81
68 129 234 0 130 93 113 116 192 88 80 81 54 111 51 109 105 74 3 246 69 8 191 25 175 62 43 58 0 65 26 140 218 51 126 110 126 33 22 130 178 226 72 57 191 203 9 182 65 39 125 55
201 137 102 51 207 179 81 251 181 167 206 8 103 137 22 191 166 184 40 57 124 128 87 51 105 214 197 221 55 86 85 107 77 218 160 121 66 0 197 38 66 188 250 238 112 80 143 95 39 199 43 19
84 15 0 243 32 242 180 92 200 38 17 93 247 71 67 188 204 89 50 234 255 78 23 93 78 0 50 128 56 17 176 141 0 134 175 8 14 218 255 108 85 155 214 44 165 235 155 224 235 83 116 14
112 175 176 135 183 6 140 51 68 196 74 0 163 238 215 130 119 19 50 219 248 72 93 203 77 189 21 252 234 240 58 124 75 63 36 127 162 0 1 187 86 47 68 251 13 172 164 89 37 159 104 158
228 38 87 225 73 88 187 33 7 144 52 255 155 251 171 61 179 81 32 80 173 18 45 155 219 107 213 226 225 198 42 17 147 249 233 48 151 34 0 45 196 81 161 56 164 213 0 94 124 254 85 125
194 135 98 225 239 49 43 3 139 72 17 217 14 167 0 0 26 118 0 41 78 179 55 21 112 0 6 218 160 42 241 0 0 14 37 147 0 46 92 102 166 73 144 51 248 99 156 131 88 212 207 52
194 140 97 142 103 217 107 239 163 55 60 91 210 5 241 0 151 89 107 38 0 19 73 33 68 233 82 81 165 252 49 105 206 71 29 174 74 55 85 61 94 87 146 119 150 179 146 124 44 15 150 105
139 235 0 194 113 51 22 233 190 18 217 0 128 47 212 87 51 115 188 70 183 230 211 134 0 127 93 0 49 132 237 7 30 71 51 221 167 216 139 11 91 51 195 66 243 76 125 243 1 121 129 163
180 57 114 183 233 0 52 100 23 14 41 79 151 29 237 73 101 209 43 184 182 251 116 197 17 203 0 92 136 199 100 0 57 61 0 97 18 201 29 235 102 116 46 194 242 214 0 34 42 178 157 3
216 86 123 52 48 106 16 87 144 93 159 104 187 66 152 189 48 18 237 142 108 56 112 210 3 168 48 161 185 9 137 165 169 16 94 194 42 181 29 8 150 155 200 153 182 241 56 145 245 197 9 0
176 134 92 200 25 33 0 47 97 54 73 128 134 25 54 100 0 107 34 90 2 198 250 216 101 39 216 10 23 136 195 240 191 69 110 40 82 47 15 70 182 191 123 218 172 226 178 124 14 15 0 172
97 172 235 67 51 62 82 144 130 202 29 0 32 146 20 224 216 244 164 0 15 0 147 62 145 112 135 33 6 20 0 0 0 148 32 55 42 0 40 79 6 48 0 70 22 30 2 0 5 0 0 28
177 59 22 14 157 38 22 44 250 112 119 0 77 152 100 21 149 165 226 41 22 194 31 4 51 184 26 207 102 81 28 0 93 11 51 20 91 3 73 56 31 72 18 32 67 49 58 87 0 69 0 13
54 0 162 255 58 185 83 157 167 167 29 75 38 177 196 247 33 128 78 149 211 115 54 155 215 19 89 107 23 80 44 35 32 67 1 26 14 62 46 60 0 45 69 0 31 83 49 39 2 44 62 12
171 0 197 168 153 86 246 55 191 91 19 73 240 1 159 138 159 74 246 242 242 48 35 114 218 88 165 125 106 94 62 71 0 0 28 7 0 13 44 0 78 48 35 0 59 49 0 30 84 87 55 0
18 0 105 10 205 56 25 64 236 241 137 23 61 6 94 18 3 239 114 145 113 99 64 132 173 180 17 142 131 30 47 23 84 24 87 0 0 0 82 79 14 94 61 69 29 43 38 8 0 239 25 48
221 68 43 0 108 216 74 202 80 177 4 174 156 234 107 80 0 200 171 41 199 121 204 5 223 153 27 198 55 29 81 0 93 52 0 63 10 92 73 0 163 85 0 54 0 38 90 88 55 36 0 83
158 131 109 127 176 60 182 0 91 247 151 138 157 214 27 148 229 250 64 185 169 170 243 15 1 197 25 101 0 0 12 54 35 34 51 43 50 94 40 0 0 73 77 0 0 88 65 39 85 47 45 0
231 89 0 68 23 27 0 5 88 53 209 64 59 107 240 149 50 218 59 103 111 43 27 210 17 75 40 121 140 32 22 0 0 0 34 59 0 60 0 47 41 7 58 57 36 50 86 0 49 75 37 0
90 254 0 148 20 216 28 190 30 0 47 86 210 29 89 13 42 59 39 16 29 17 140 20 59 39 191 253 6 8 0 54 52 15 55 10 60 69 71 62 26 67 0 65 19 73 0 23 53 74 32 5
0 176 4 203 0 135 126 171 43 243 3 0 109 0 63 238 206 173 253 29 169 209 181 120 123 29 3 83 205 15 30 89 0 0 0 6 3 51 189 53 19 34 31 44 51 0 0 0 0 123 20 49
10 201 66 98 27 9 246 111 45 160 158 103 108 167 229 80 12 53 17 76 91 31 31 72 0 217 244 8 50 0 5 54 16 86 76 55 27 33 87 45 0 60 32 98 29 28 34 51 89 76 0 75
119 101 9 98 8 203 238 251 244 212 0 62 76 27 38 23 108 40 98 21 146 67 10 65 234 187 25 192 166 77 48 41 1 0 0 58 0 56 65 31 238 32 0 29 83 0 86 40 232 0 83 0
112 213 84 5 12 0 76 62 5 121 163 185 240 2 227 230 3 101 0 16 159 189 1 111 31 85 43 0 83 60 85 90 8 184 37 3 0 71 94 0 0 26 4 10 60 32 29 0 0 13 61 91
127 87 82 194 229 119 190 135 104 52 150 102 52 48 209 244 0 20 142 114 80 0 135 209 33 197 67 11 229 185 12 21 31 0 0 42 71 0 30 0 91 47 0 0 0 0 218 0 42 28 0 2
151 136 95 193 237 239 28 235 80 158 80 238 234 221 252 167 185 4 38 203 31 14 83 166 28 213 4 252 247 0 23 74 34 43 59 0 71 129 8 60 0 56 0 0 33 0 48 0 60 19 25 52
130 0 127 24 180 252 27 67 231 47 71 46 9 64 42 215 171 251 226 91 157 184 121 138 109 238 102 99 154 0 0 22 179 28 46 81 92 59 19 0 0 3 37 35 0 3 11 0 73 0 0 80
42 230 187 26 207 135 163 176 21 91 59 98 2 242 127 63 123 211 252 58 190 0 0 92 217 28 152 48 0 16 28 99 71 41 15 52 0 43 97 61 15 0 83 62 54 82 83 10 0 0 0 77
163 131 202 125 80 11 140 219 72 238 153 74 253 97 175 60 138 204 134 0 228 116 47 108 150 180 0 99 235 38 44 23 77 20 57 1 0 0 46 60 82 11 0 0 33 79 223 122 37 0 5 0
33 131 236 246 59 40 22 86 101 145 121 63 12 98 56 191 173 14 69 130 204 202 167 26 163 78 61 18 56 0 0 1 13 43 77 26 68 29 0 0 84 157 85 89 15 0 1 44 0 23 4 54
0 67 88 0 22 1 106 238 151 55 219 25 47 74 5 140 0 36 155 98 128 164 176 112 0 233 47 184 209 17 43 0 47 13 47 0 21 0 82 66 43 31 33 0 41 2 28 0 24 24 0 64
205 213 4 32 144 87 169 40 0 119 61 50 111 180 231 202 70 137 157 251 248 238 104 133 81 67 244 41 56 19 66 76 0 39 17 60 67 26 0 77 66 65 34 0 75 94 0 9 11 67 32 17
115 90 216 14 185 8 59 241 192 87 134 71 144 23 77 33 74 223 6 40 0 196 0 214 74 108 24 0 117 0 33 0 0 83 67 28 8 5 26 9 75 66 0 5 56 51 81 0 66 67 85 20
7 11 39 89 33 184 8 0 91 79 122 41 111 238 89 68 255 54 229 225 22 36 20 45 12 233 166 85 71 6 0 43 83 94 27 11 66 48 4 0 27 81 0 0 2 14 4 0 59 35 0 59
70 83 184 122 228 73 73 74 0 164 149 59 187 0 221 12 124 34 45 221 248 74 110 4 33 239 12 57 93 0 56 87 57 17 27 231 89 0 43 67 0 149 85 69 91 80 60 34 172 147 82 92
27 78 186 209 197 0 52 17 65 157 248 0 172 184 222 24 202 172 83 111 108 251 179 182 214 39 65 62 17 92 9 4 59 22 26 34 0 84 0 54 41 14 0 22 0 56 0 74 72 61 170 66
110 142 14 27 168 226 139 140 28 27 33 21 255 30 62 244 22 217 157 11 0 85 77 118 146 59 20 84 53 87 0 2 160 0 0 90 65 0 0 4 63 0 3 22 0 49 1 0 0 0 93 0
159 13 82 245 32 138 89 26 131 167 91 28 101 152 96 143 251 229 53 252 61 124 0 0 151 184 24 137 191 1 0 73 76 62 63 154 9 82 62 93 61 0 3 109 54 60 5 0 37 16 17 255
46 137 58 155 29 65 250 241 165 47 75 33 75 255 67 80 235 126 108 15 232 220 189 210 182 0 255 46 170 23 22 130 35 25 154 90 85 41 242 167 144 165 8 95 193 159 115 253 169 106 224 166
237 212 0 213 112 234 233 21 196 14 201 218 13 39 9 0 223 59 223 158 171 245 9 0 134 1 51 84 0 64 131 214 131 164 108 140 23 53 223 0 28 165 174 130 230 88 30 75 22 31 247 17
76 115 5 220 46 127 123 128 0 223 93 132 59 0 59 55 89 132 136 143 20 74 76 133 172 174 181 35 180 137 78 131 0 187 80 59 134 28 24 2 240 0 193 231 209 214 74 105 33 104 218 245
156 41 171 255 95 13 0 208 0 22 44 0 183 52 42 78 56 201 226 227 153 0 152 120 13 211 188 223 175 114 253 103 253 59 50 44 125 83 81 7 49 188 19 63 135 0 74 86 0 119 115 238