73 90 68 65
48
235 134 189 10 87 46 136 10 64 28 119 150 219 202 16 255 188 106 29 208 108 161 255 251 240 95 251 165 148 61 197 97 159 215 254 12 188 255 231 216 36 232 80 255 235 167 107 82 202 238 113 255 96 210 39 12 18 229 140 58 177 72 129 89 231 102 21 217 47 239 98 187 226 85 215 221 63 137 107 81 212 13 27 220 171 233 15 33 202 23
158 8 91 73 128 26 37 48 255 124 229 47 203 255 45 247 229 7 119 88 206 147 193 255 136 244 181 35 152 113 10 94 194 224 255 238 77 200 219 161 235 84 222 173 63 76 43 76 145 208 51 50 44 19 117 121 75 15 59 27 43 255 119 225 133 194 142 234 57 69 49 191 49 49 123 226 95 76 125 127 208 195 204 177 211 15 85 166 13 239
122 242 21 120 220 6 12 5 255 255 254 187 29 148 82 129 104 254 117 194 240 58 133 72 109 121 107 250 110 78 32 36 29 154 189 135 128 224 116 205 141 195 98 225 240 67 255 255 243 124 123 122 211 149 162 179 56 134 192 67 57 230 37 14 120 36 255 152 255 224 20 136 184 133 224 138 246 75 37 46 255 96 35 199 199 16 251 127 190 61
109 141 230 137 15 183 4 35 48 209 50 129 211 255 69 114 198 255 177 233 255 11 255 237 220 39 251 197 31 249 61 193 88 215 243 177 110 217 51 44 52 195 75 255 73 243 139 79 172 78 67 122 203 243 255 196 255 235 236 160 238 1 204 241 63 186 255 188 94 54 255 198 217 58 1 226 137 95 73 10 210 197 230 54 174 30 249 222 8 61
229 239 78 222 196 60 2 255 52 255 207 145 38 255 99 72 200 130 55 255 85 229 162 145 192 24 189 26 124 230 125 161 255 255 133 236 3 246 187 134 243 195 41 187 220 124 232 154 77 14 247 99 25 25 109 80 219 110 250 66 155 252 153 155 51 141 119 91 209 141 252 131 248 146 202 3 202 195 244 239 52 251 20 64 242 115 233 168 95 100
106 209 255 249 25 234 88 136 191 29 28 221 68 12 47 157 192 222 10 131 9 192 239 156 214 58 83 88 15 255 123 137 90 244 192 196 213 192 167 120 99 39 31 190 127 247 223 28 157 35 30 133 145 86 190 229 30 244 108 246 186 135 2 229 11 255 0 243 191 235 78 212 221 117 216 188 65 155 66 245 80 90 160 4 84 255 67 161 56 209
255 81 186 45 226 136 134 191 58 96 162 233 197 70 238 118 193 124 37 39 232 250 34 230 226 232 109 128 255 125 76 230 195 81 177 156 180 137 241 255 77 4 255 223 113 224 100 170 186 230 193 245 10 100 61 161 195 14 210 33 231 140 235 42 173 134 134 131 132 44 255 186 3 252 190 156 186 79 229 201 176 168 119 22 221 170 158 255 243 201
47 119 229 255 252 192 212 85 2 205 15 207 156 209 160 255 81 207 30 96 169 84 100 103 229 36 103 3 179 24 76 54 233 162 1 151 81 7 131 87 9 48 207 132 176 187 233 61 182 248 81 225 233 43 63 102 170 122 156 199 196 255 217 34 131 253 226 61 66 61 196 218 68 133 139 205 51 55 44 80 141 246 252 23 201 28 219 29 255 22
28 190 219 0 92 141 165 151 203 239 130 164 114 213 62 248 82 215 37 251 230 91 80 128 101 160 49 150 15 255 103 82 215 141 228 153 154 211 100 255 159 145 106 14 187 255 255 156 75 92 51 188 182 141 225 97 228 222 37 60 104 235 10 220 61 170 68 242 216 212 255 195 90 24 33 70 7 221 189 86 60 169 153 102 127 210 252 131 58 242
67 128 254 23 55 122 70 166 46 63 109 170 25 238 21 203 201 2 255 171 101 82 212 210 59 252 124 177 186 80 255 200 137 255 29 49 209 255 194 234 255 70 95 140 4 182 47 234 166 225 85 254 255 80 114 95 173 35 226 180 45 55 253 115 42 209 99 233 6 153 56 95 198 123 254 43 88 143 170 169 145 255 128 89 166 184 168 255 218 186
204 48 218 61 245 157 221 148 26 178 229 241 255 249 244 128 27 85 220 194 119 110 218 229 29 148 231 157 227 116 157 17 167 218 214 27 239 99 101 119 100 255 219 149 150 68 163 136 226 60 41 244 178 137 244 185 155 253 180 180 210 216 255 154 130 95 191 99 57 35 198 10 122 8 0 241 249 166 54 200 197 179 130 99 230 174 14 246 61 221
96 222 21 53 234 255 242 191 223 255 29 51 197 198 106 17 205 55 197 142 95 248 207 195 74 208 91 209 238 183 160 66 240 124 16 28 205 206 142 21 252 227 255 12 101 189 171 222 148 25 75 23 255 43 241 212 142 246 62 154 118 6 221 105 238 255 202 185 4 133 28 99 190 111 230 32 183 191 217 116 255 190 234 127 158 161 150 134 240 127
72 60 172 121 115 182 197 252 64 151 184 89 161 44 125 245 204 220 193 255 219 76 225 255 244 110 238 211 209 106 30 255 224 239 183 254 166 247 217 39 120 212 113 104 3 91 97 206 201 227 235 255 234 250 231 150 255 209 120 255 143 30 227 146 244 226 182 221 242 118 120 255 127 242 224 227 212 247 205 33 191 231 60 231 227 116 223 31 139 250
237 196 242 231 253 194 75 122 69 151 44 77 124 173 211 142 236 32 249 255 15 9 49 128 46 217 110 174 24 201 98 152 197 25 218 173 223 125 143 135 208 174 193 133 172 219 225 212 247 93 255 27 200 153 126 200 131 192 69 228 85 160 89 190 191 254 250 148 250 98 209 165 98 215 178 20 255 255 68 147 84 255 127 39 246 5 217 73 175 160
206 246 178 139 116 71 70 174 135 3 108 196 200 177 245 48 33 36 159 195 255 108 190 131 244 207 201 151 13 255 95 253 115 51 195 231 220 172 227 189 123 240 126 11 40 168 208 177 45 255 248 238 141 83 64 112 8 61 255 120 192 209 244 38 208 139 104 57 188 145 125 211 208 90 210 255 155 255 130 238 255 108 97 58 31 113 24 168 90 116
21 109 251 39 238 94 47 243 250 17 179 23 188 18 193 116 133 223 115 126 231 232 206 182 88 67 86 47 197 12 83 153 232 251 251 229 107 128 185 80 194 60 131 192 1 240 96 41 73 203 54 16 77 92 60 196 95 85 34 252 172 224 92 231 99 113 118 143 182 49 241 95 11 255 255 222 174 62 88 72 209 237 210 85 212 170 255 135 43 232
248 240 255 215 111 235 246 113 255 28 60 210 86 177 5 201 0 220 11 59 41 40 183 139 130 73 155 23 47 234 228 181 235 53 219 62 242 94 64 223 59 145 112 121 176 220 96 186 248 79 245 255 85 87 152 185 33 255 252 73 234 255 30 177 91 191 22 50 165 138 59 255 235 189 60 166 128 67 103 43 204 51 62 156 213 254 210 133 206 250
177 61 71 70 255 45 234 200 207 16 45 29 159 194 244 19 196 24 215 50 170 233 224 61 111 10 135 253 34 242 34 198 10 108 36 243 241 203 33 231 230 72 251 255 228 74 196 202 224 21 81 114 63 252 53 227 115 255 247 122 13 255 47 230 255 156 115 16 91 251 32 255 183 22 5 224 185 190 111 126 174 227 148 237 77 46 190 218 139 134
12 208 93 124 221 14 14 112 10 6 70 28 183 33 68 214 123 244 210 192 255 31 249 199 142 238 254 255 228 127 131 129 255 205 59 52 175 252 117 140 40 66 81 199 59 208 249 184 113 17 255 173 170 233 2 180 44 50 71 65 215 200 223 255 17 141 223 246 250 26 74 255 122 9 207 29 255 7 40 178 222 114 113 183 92 60 6 57 6 155
101 105 229 141 64 70 190 91 97 242 130 254 151 213 24 120 224 206 192 150 126 250 85 220 152 206 51 123 85 169 66 172 219 204 223 6 175 249 255 89 206 134 252 209 121 221 252 48 255 167 224 255 83 42 237 255 218 190 238 20 69 51 251 45 252 242 112 3 255 68 121 10 188 241 160 238 51 195 58 198 39 85 208 59 230 255 255 28 82 3
179 164 239 191 217 93 185 179 20 122 0 33 255 33 200 234 138 167 88 255 214 94 241 90 242 208 200 176 194 45 4 68 79 77 80 63 65 137 132 215 133 9 178 191 114 63 37 172 149 63 153 238 230 16 232 71 247 238 160 140 127 255 61 255 152 119 175 191 203 255 253 255 115 205 255 164 245 144 186 107 154 211 24 167 71 39 147 46 212 139
114 4 242 218 53 208 100 244 10 199 153 103 210 35 82 165 47 39 237 210 250 193 217 21 234 138 25 238 48 228 103 137 0 38 193 107 16 194 22 4 84 200 255 154 128 147 255 41 57 239 194 108 250 205 222 174 114 6 66 68 178 106 196 36 23 109 208 70 79 241 215 3 202 182 167 202 255 240 9 199 85 141 83 251 122 164 255 224 166 12
179 64 73 215 20 212 249 1 222 91 19 87 203 198 141 215 59 255 243 197 255 47 74 225 116 80 210 32 31 44 154 255 255 118 56 74 208 211 0 16 142 86 198 227 54 10 220 188 236 116 139 136 169 189 78 244 219 139 155 189 166 180 157 155 230 148 253 192 118 176 94 239 139 192 88 40 96 255 214 215 255 216 3 238 166 175 51 229 70 155
148 224 19 32 200 255 145 254 97 221 6 255 25 145 206 201 239 102 145 220 95 136 74 142 221 99 39 175 99 24 20 235 6 235 0 255 119 41 199 180 244 228 180 87 128 57 214 255 78 75 194 143 86 84 236 255 14 105 227 255 30 243 236 255 174 134 98 113 39 229 191 2 156 255 54 252 23 43 160 48 204 114 58 220 55 69 206 48 238 255
254 248 79 39 152 102 238 147 245 185 41 227 255 129 251 157 210 238 9 234 25 139 211 171 244 132 182 107 101 167 226 150 122 218 8 224 232 197 230 116 53 238 226 211 248 255 236 19 197 121 146 65 112 244 251 28 255 164 217 53 15 246 199 218 126 45 150 120 131 246 212 166 242 140 178 200 255 200 49 63 52 11 17 86 88 61 77 84 246 30
69 107 255 233 187 56 178 104 158 121 73 216 224 187 252 81 81 47 65 238 173 255 254 102 135 159 241 107 110 211 33 15 102 225 255 211 132 33 164 241 224 143 57 38 86 101 104 255 17 94 62 205 75 220 119 212 19 121 236 229 244 219 10 67 178 45 164 117 230 217 105 246 229 156 110 26 16 77 188 75 12 210 108 14 187 71 248 129 122 70
253 151 162 108 111 34 102 39 238 32 171 188 164 109 255 51 219 41 54 28 159 124 82 245 5 255 118 9 121 64 102 120 215 255 73 80 213 240 49 218 151 230 43 245 103 222 53 255 172 13 236 255 19 242 255 163 232 197 214 197 173 116 33 65 213 122 254 11 82 253 3 57 84 253 4 77 117 188 97 218 208 9 136 169 220 93 133 162 232 166
255 34 90 231 156 243 43 253 172 202 68 141 136 212 103 131 240 173 191 229 145 249 250 202 227 194 87 184 201 142 230 114 109 213 255 100 238 82 163 11 211 204 210 82 129 172 255 227 220 43 255 63 190 109 106 194 213 128 207 220 191 57 255 197 108 109 231 186 236 36 37 238 255 207 136 243 255 81 255 152 42 120 141 172 18 241 92 104 91 195
116 221 26 184 39 233 255 117 254 97 207 53 255 231 182 98 123 86 230 171 162 6 237 209 255 127 206 243 153 60 156 235 190 3 198 230 240 53 75 118 234 110 170 213 235 62 31 255 215 92 151 255 255 156 246 73 243 176 169 204 73 106 89 57 195 43 79 52 193 0 122 40 88 200 171 211 27 191 215 58 175 241 175 123 29 14 161 41 211 156
255 252 133 223 59 189 255 114 53 255 156 234 96 127 249 1 231 11 46 131 227 130 184 233 252 207 208 174 161 40 167 247 255 253 27 63 3 218 133 231 227 183 240 75 90 115 63 161 68 174 91 112 78 84 137 221 68 202 223 61 170 224 161 194 111 191 198 215 10 44 91 143 100 61 5 195 218 191 146 74 255 30 197 55 240 251 39 28 111 86
39 78 103 197 191 135 7 254 161 113 14 246 12 207 129 0 184 21 48 227 205 108 167 182 201 234 250 20 226 94 47 27 206 211 255 222 112 87 136 182 118 82 204 145 210 2 238 255 241 7 122 134 214 21 79 34 132 196 48 79 49 132 148 38 198 98 100 16 66 30 28 255 181 62 15 88 208 112 117 29 145 230 137 165 196 133 253 187 77 245
100 55 162 248 167 163 40 37 201 140 255 66 255 154 255 2 20 215 52 166 255 146 84 125 246 43 215 226 122 95 132 74 2 193 27 234 89 181 19 241 255 75 4 219 215 69 194 236 238 53 194 198 211 156 192 255 255 5 137 247 40 189 204 207 242 37 153 255 177 127 9 191 233 235 255 70 65 194 219 39 217 43 225 149 15 249 221 13 152 237
55 100 36 111 85 37 64 255 224 110 29 168 127 2 75 241 232 19 61 32 216 189 81 166 218 169 25 161 236 191 253 159 5 85 61 177 193 255 125 84 115 76 3 107 85 48 53 215 199 158 5 227 200 254 245 36 95 172 104 42 16 235 220 177 0 151 189 220 227 1 70 37 197 233 109 197 11 242 173 215 188 119 238 220 240 255 137 35 97 181
170 150 95 239 245 181 191 204 138 168 241 172 202 56 161 186 62 56 7 192 100 46 38 20 29 230 235 112 217 132 227 194 51 201 252 205 87 71 255 234 173 189 126 18 174 22 247 119 8 176 163 155 187 104 194 209 44 11 229 0 48 254 105 220 97 51 37 214 141 158 187 253 61 148 161 109 249 255 190 228 34 48 152 230 211 143 255 166 211 158
172 254 17 253 30 5 131 36 239 42 86 246 138 161 201 248 250 27 35 107 255 49 118 56 223 19 54 204 213 90 34 181 253 130 254 192 172 203 181 240 219 245 175 99 43 64 255 88 244 93 131 255 17 101 140 199 179 182 133 162 183 245 206 231 241 159 212 208 226 91 59 173 56 152 89 131 238 31 228 81 197 255 159 83 252 108 88 238 201 234
88 126 244 254 179 47 57 141 60 39 214 208 125 152 255 70 94 83 23 188 149 6 199 238 15 4 177 5 218 180 135 36 228 3 222 84 51 53 239 255 249 24 20 108 17 73 131 106 23 230 241 24 84 224 12 4 4 244 140 255 50 255 87 38 22 235 71 215 194 201 38 131 56 209 247 196 69 255 255 159 196 255 72 219 10 106 210 110 178 174
36 105 141 149 142 248 255 142 152 46 42 152 209 202 171 74 242 102 209 168 218 203 118 77 206 230 66 85 208 179 36 255 146 241 161 234 16 118 218 193 255 55 216 152 119 222 26 91 176 223 191 249 180 235 255 44 201 181 134 72 227 63 11 115 254 205 234 13 168 198 195 252 163 255 78 157 237 114 224 185 233 216 153 28 125 15 181 89 118 244
86 70 214 104 255 207 240 220 255 36 151 255 63 20 255 160 240 169 199 213 23 183 170 215 207 28 240 217 34 69 251 150 40 80 43 255 255 109 166 228 79 141 221 154 175 52 226 176 111 51 239 112 213 116 73 204 87 195 219 169 114 85 42 154 116 132 255 46 199 149 19 236 243 162 28 255 126 93 177 9 255 221 82 226 96 206 4 14 105 232
80 255 210 233 132 159 255 214 88 217 88 68 215 102 1 196 210 126 204 79 128 252 78 255 216 224 255 184 51 102 6 255 103 107 76 34 255 118 29 216 232 255 220 121 198 238 252 152 200 73 88 184 201 144 123 208 189 254 49 147 59 56 106 138 223 220 7 112 95 12 97 178 241 12 177 83 160 50 216 186 149 193 70 145 195 197 200 206 111 138
112 65 201 160 66 90 159 188 171 90 245 235 231 79 98 123 202 123 48 118 220 104 124 114 237 251 255 116 255 53 159 190 241 230 203 43 48 36 250 182 196 247 251 44 191 72 222 199 132 89 10 246 147 239 109 235 134 82 44 101 176 253 204 252 33 159 122 176 209 141 134 235 23 83 121 218 255 190 213 247 255 111 134 93 202 232 9 223 238 210
219 178 206 238 75 18 154 161 216 76 115 246 22 240 203 59 99 83 255 173 146 79 31 202 230 54 82 48 210 223 70 215 225 250 198 194 36 219 217 100 181 255 50 234 251 238 84 129 12 212 55 5 229 239 36 255 160 110 249 156 39 215 217 7 139 74 143 124 141 149 212 250 163 173 232 91 192 12 215 143 13 98 214 183 7 214 191 94 226 138
255 144 220 139 34 80 2 108 255 133 227 252 208 156 191 9 188 155 142 255 203 218 220 77 203 57 211 49 73 153 7 82 113 199 203 21 203 3 138 250 127 253 132 244 247 102 128 221 141 75 145 50 158 237 240 176 46 23 35 75 242 33 86 255 125 37 229 185 75 123 9 253 39 255 40 176 255 237 197 9 151 225 224 220 59 255 196 233 223 194
10 41 48 229 45 158 209 229 22 190 171 190 168 238 117 23 74 129 65 41 163 252 255 244 244 255 211 246 204 108 191 255 90 130 80 17 246 210 111 43 142 174 137 45 89 167 41 143 114 204 202 140 244 233 213 25 103 77 29 128 186 236 166 142 228 18 208 102 228 147 228 230 237 40 245 20 96 243 210 13 99 190 49 130 35 138 167 137 71 255
228 50 240 237 5 194 5 50 105 251 191 191 36 209 235 193 21 157 7 222 199 68 201 70 196 78 149 100 70 225 79 209 255 221 155 207 67 163 130 26 100 212 0 107 28 107 63 205 190 25 244 255 10 205 243 121 204 54 246 193 26 27 255 238 121 174 239 224 247 209 186 67 148 203 26 18 62 163 255 103 255 207 31 236 107 255 149 118 236 252
255 250 45 219 180 104 97 240 219 255 60 223 253 127 139 173 85 157 255 149 193 169 227 202 232 193 240 183 57 73 24 191 145 238 36 220 218 193 252 252 70 59 156 114 3 98 253 255 219 144 120 255 35 169 100 2 88 22 32 203 249 234 126 32 196 51 119 184 32 31 213 236 198 208 157 255 98 81 181 65 112 244 238 122 42 38 212 255 12 255
255 35 230 243 35 143 202 197 216 125 218 3 240 26 127 214 203 26 96 74 241 207 226 209 217 234 210 136 161 56 255 225 209 168 166 56 212 187 96 170 217 175 169 59 44 210 224 246 204 7 110 224 61 239 169 198 237 24 173 201 104 36 202 182 216 46 102 77 194 109 70 229 229 234 37 214 21 1 124 13 188 47 2 64 255 18 10 13 109 212
28 68 165 23 99 78 27 109 76 197 156 123 32 180 236 102 44 197 198 63 109 87 184 194 2 11 255 30 57 215 169 38 97 200 56 203 192 54 184 225 235 238 167 182 186 222 2 24 255 85 220 207 240 55 105 175 199 164 190 85 149 181 27 200 218 230 255 62 151 190 228 129 73 158 157 229 88 230 169 194 55 9 226 104 81 237 130 240 202 28
246 49 255 86 181 255 120 85 239 93 139 151 240 191 194 193 48 210 240 24 32 255 125 47 56 255 215 52 235 208 203 104 212 255 197 11 174 153 38 148 203 251 188 199 122 81 255 52 9 67 232 33 255 198 224 229 173 247 253 74 251 61 48 241 153 238 246 153 253 153 88 208 121 41 29 165 101 141 98 202 239 178 123 143 9 11 69 74 0 255
127 255 232 230 190 207 214 78 187 251 31 255 14 194 135 104 224 201 88 140 26 172 206 119 247 253 228 62 167 99 1 217 165 255 130 255 255 252 78 231 190 189 44 178 25 186 88 226 183 201 252 209 255 83 167 2 184 254 232 186 14 225 154 255 254 33 201 218 60 8 111 149 209 205 103 221 156 165 255 209 203 2 255 75 41 38 233 183 38 115
52 188 242 127 224 226 136 202 143 59 51 103 255 255 76 240 82 115 255 81 64 241 250 32 53 165 174 255 200 192 202 227 114 47 61 255 219 255 119 225 32 189 60 225 16 111 49 210 2 103 255 205 150 241 225 5 77 93 10 230 255 229 109 86 79 84 42 108 33 175 197 85 77 88 31 48 131 255 188 182 142 255 118 141 185 210 35 184 7 238
66 163 57 128 100 187 6 195 134 225 172 209 107 47 114 23 201 10 161 2 213 179 255 103 219 222 204 209 255 234 45 228 255 220 200 204 211 243 176 170 199 154 9 230 245 32 207 146 99 202 248 127 136 253 78 238 208 88 193 179 12 189 111 219 62 100 247 13 227 183 255 187 176 114 94 193 99 98 127 134 236 255 67 255 63 5 48 40 216 1
29 116 10 0 54 246 155 21 59 230 5 63 185 28 184 74 255 107 147 143 213 22 37 60 232 191 217 249 92 166 193 247 77 251 12 213 49 229 137 122 150 167 249 237 125 159 188 20 97 255 207 2 11 255 247 129 21 59 43 255 54 83 255 136 113 4 110 231 235 255 180 1 235 114 255 217 252 129 254 185 255 207 253 123 200 251 246 249 52 229
255 185 92 88 198 51 199 232 198 24 35 132 255 51 249 240 176 85 191 255 215 186 241 31 50 159 137 21 234 193 188 47 74 215 66 232 86 45 62 195 15 86 253 132 7 217 225 143 205 157 60 152 248 4 193 255 62 85 167 130 22 141 219 231 156 84 44 244 3 229 123 223 84 253 67 40 248 40 234 163 255 11 113 185 234 144 93 188 195 212
221 236 80 4 193 21 218 81 255 156 89 224 203 205 15 111 74 255 191 88 206 255 95 199 91 148 166 222 50 90 221 19 255 214 240 237 75 130 69 177 117 233 150 35 110 46 1 70 80 128 247 169 188 196 55 213 205 23 81 130 69 123 65 163 136 255 133 48 86 192 157 241 21 27 152 240 255 169 142 150 246 211 55 206 226 150 169 211 215 216
235 134 206 215 176 3 166 42 87 183 176 226 255 255 194 196 251 233 86 163 217 181 203 255 108 255 16 186 62 239 5 82 49 93 203 122 82 79 115 69 178 255 219 33 176 253 143 242 160 45 210 243 104 72 239 233 232 4 76 118 9 255 71 85 185 255 119 64 114 248 220 164 229 174 61 12 44 15 109 239 166 234 255 122 49 84 215 255 244 102
149 255 7 74 255 153 236 138 228 95 120 120 255 57 18 215 245 191 31 133 151 149 144 255 209 51 236 152 212 12 86 59 23 240 245 97 255 106 19 33 251 76 255 251 244 24 14 11 129 59 71 201 196 210 163 235 255 73 196 238 28 151 159 239 118 81 68 232 255 34 141 232 147 70 250 255 106 219 159 34 204 171 255 119 248 28 29 1 143 85
184 225 120 195 29 6 222 189 255 172 23 70 236 246 225 69 86 169 133 151 86 2 199 214 111 255 41 236 253 120 200 152 172 124 143 52 43 255 255 255 62 255 18 247 227 154 200 247 57 197 223 22 236 117 227 107 251 243 128 102 8 40 103 240 236 43 107 90 131 169 10 255 201 18 179 223 231 68 187 204 153 119 255 224 217 49 143 43 203 187
83 216 208 62 114 63 34 217 94 31 61 174 96 197 255 239 210 57 217 203 7 89 228 212 212 226 133 99 150 86 194 37 174 59 148 140 150 122 217 233 231 255 166 136 224 168 218 193 75 172 52 149 248 244 202 79 162 198 62 255 42 204 52 170 154 248 144 255 20 74 123 255 41 150 238 5 199 255 246 108 156 162 101 111 255 214 202 249 215 112
106 197 42 106 232 60 255 3 59 44 251 89 207 162 11 196 243 133 73 186 255 163 71 149 178 123 190 255 173 135 27 87 242 210 120 71 66 130 199 83 116 204 226 252 210 255 21 245 208 126 232 255 247 5 223 113 130 255 5 224 231 167 15 85 99 255 70 107 118 9 39 132 130 97 42 193 255 65 116 172 228 139 37 177 166 137 1 16 161 9
223 71 81 126 206 140 153 255 243 82 238 123 98 147 186 120 210 59 41 56 219 228 180 48 208 83 255 237 75 55 99 247 57 123 240 250 255 223 213 67 19 41 9 186 143 7 198 237 25 116 253 105 217 103 55 133 201 147 227 255 255 255 210 156 201 255 203 217 214 206 255 182 195 238 255 200 157 142 229 124 215 255 175 93 225 154 100 248 127 94
165 167 76 206 45 105 69 184 202 47 45 217 7 67 224 102 104 218 184 198 175 243 20 121 179 10 172 188 238 205 135 98 255 45 192 105 24 185 221 26 31 161 131 197 205 237 255 206 53 201 124 255 181 15 234 193 235 253 1 205 255 216 255 255 255 255 190 255 254 255 255 226 243 255 240 202 172 61 159 250 233 50 147 179 227 208 215 195 214 204
203 188 243 12 38 86 247 55 244 254 143 130 134 229 254 112 254 139 63 28 179 142 181 87 97 111 255 193 223 32 10 193 113 197 155 178 202 95 227 228 255 230 9 7 183 83 193 243 255 85 225 54 229 255 51 246 249 255 221 254 255 199 248 220 246 200 175 39 255 211 255 255 255 68 255 137 165 221 231 8 188 199 14 12 7 174 238 255 201 151
251 141 13 183 104 242 212 247 0 226 218 124 151 218 178 20 215 86 219 92 223 255 255 200 222 44 196 29 186 38 240 244 144 35 128 220 182 48 255 124 249 108 211 133 195 196 141 198 104 61 18 217 131 243 99 170 239 255 194 2 255 199 197 255 255 255 236 159 195 255 255 190 249 221 233 39 255 116 20 255 231 188 197 230 139 199 27 201 106 223
123 255 228 102 49 151 21 255 119 186 237 237 191 39 123 188 142 114 148 137 7 235 210 196 200 204 131 245 195 5 241 61 25 236 255 57 11 32 201 185 84 218 3 75 122 192 232 83 0 130 89 194 89 114 24 255 96 255 239 255 232 228 253 212 211 194 253 228 204 248 247 244 224 219 192 255 237 222 92 255 131 28 192 105 202 88 235 220 116 209
117 65 161 68 188 210 153 199 89 58 58 94 22 141 203 36 157 210 180 246 34 116 191 11 214 235 251 167 215 35 133 209 144 19 101 224 53 203 150 143 209 20 26 230 236 52 108 231 118 189 180 8 204 96 16 159 205 174 177 255 255 203 255 190 255 132 255 255 247 255 194 201 247 233 209 224 237 147 44 105 164 238 219 40 208 208 195 104 15 54
144 224 13 220 131 11 179 141 101 174 170 21 127 31 54 29 36 235 117 197 44 205 68 233 212 26 245 211 196 69 19 41 191 174 241 145 176 148 255 145 222 197 180 213 43 254 205 255 85 126 6 63 239 185 237 45 255 243 206 216 239 255 213 255 255 244 255 72 198 220 204 255 203 244 255 120 230 219 32 66 2 142 203 227 250 155 168 94 255 189
231 60 34 58 240 170 91 2 3 230 13 148 203 54 113 0 129 106 145 255 159 234 183 3 108 10 209 255 227 126 88 148 195 234 216 243 72 254 81 227 201 159 249 151 238 55 245 97 157 119 203 95 199 167 34 155 217 229 255 255 128 242 208 223 221 234 255 239 234 222 3 215 50 219 255 87 208 239 103 231 255 17 93 116 141 234 140 116 213 43
190 245 73 226 211 246 175 227 74 223 255 198 241 152 255 135 110 245 147 255 47 128 15 255 102 205 97 215 136 249 29 255 188 123 213 57 152 34 255 101 121 13 246 198 228 255 255 168 196 251 149 100 255 119 244 141 223 237 223 194 224 255 249 225 238 255 213 225 255 218 203 244 255 192 209 175 255 83 147 61 122 166 95 32 110 48 109 101 246 186
255 73 234 125 101 62 255 162 255 14 82 175 60 57 45 248 247 37 255 4 207 137 221 46 231 253 137 71 255 91 146 248 235 139 255 11 123 83 238 225 4 13 118 207 213 124 192 227 240 192 7 253 102 202 170 206 209 201 192 255 218 255 226 255 255 222 195 231 201 233 230 165 214 247 255 118 232 91 196 145 255 160 71 183 173 226 165 167 106 149
61 255 129 208 211 246 170 204 223 176 105 185 170 242 255 33 231 229 207 161 16 224 165 101 91 147 76 230 201 235 255 170 106 151 255 231 18 122 255 65 173 91 67 145 255 161 107 186 220 245 158 18 206 4 212 255 232 191 97 255 255 202 209 209 238 231 236 231 236 208 238 212 255 209 250 238 206 127 173 255 150 161 103 47 102 0 168 156 111 65
246 230 218 108 244 192 247 44 56 24 155 22 107 86 248 89 117 250 240 62 55 18 240 235 226 126 129 251 15 248 121 112 202 124 213 198 205 243 136 36 1 54 189 93 248 20 162 225 28 161 214 198 245 138 178 230 233 255 220 255 202 255 236 255 255 255 218 255 255 245 236 233 255 195 255 171 211 97 255 132 224 156 5 173 252 225 252 230 116 191
182 225 111 156 229 166 252 21 250 46 35 1 184 36 35 103 33 83 121 59 2 127 123 178 37 255 201 249 205 235 117 118 17 254 116 218 97 255 80 255 255 255 190 109 114 233 54 0 120 98 79 61 236 26 251 138 255 255 246 200 239 255 137 195 232 255 255 255 224 235 255 241 255 216 213 255 255 54 144 9 8 247 245 96 26 224 210 64 126 255
174 255 17 33 15 249 222 205 187 220 65 64 219 25 65 49 220 191 255 242 176 46 199 33 225 247 8 170 239 185 91 115 173 127 9 107 81 95 144 138 255 167 255 215 255 85 31 222 203 158 140 251 83 151 175 115 233 190 212 237 252 190 242 255 216 255 253 255 23 237 224 213 222 79 218 234 24 218 219 169 154 192 110 221 26 15 235 131 101 255