100 93 52 64
110
130 114 44 62 67 187 121 50 43 232 255 137 4 138 160 11 144 136 151 78 32 38 92 173 242 238 81 82 106 176 141 25 132 79 100 179 148 139 6 106 195 190 137 75 52 168 175 23 179 210 114 121 35 27 135 208 163 32 93 248 127 62 62 167 182 205 182 122 72 6 38 32 130 58 38 195 4 230 135 152 203 207 130 28 152 225 162 38 152 216 87 49 61
69 134 108 221 249 63 144 223 212 120 73 186 4 62 69 101 206 30 0 97 96 54 103 151 172 10 9 103 154 164 180 7 173 198 22 92 239 18 65 229 122 255 38 4 255 135 112 159 221 56 232 160 242 86 129 160 160 103 201 78 103 143 222 255 92 177 149 9 213 192 13 164 155 252 115 140 8 90 255 229 86 50 126 57 80 13 120 128 30 255 214 38 72
5 240 11 115 69 80 255 123 54 70 212 206 197 151 77 35 250 118 65 206 147 131 132 126 17 28 132 146 47 144 153 117 180 86 145 180 21 25 134 144 163 125 152 2 90 155 199 98 124 236 128 61 92 170 235 201 101 155 126 65 79 37 255 167 150 1 221 123 159 189 57 61 8 34 90 107 152 146 247 116 248 240 64 49 181 20 150 185 255 52 165 65 90
199 187 17 222 114 25 131 69 173 147 203 93 131 85 178 63 210 41 69 234 138 245 171 218 28 199 102 208 89 59 113 115 26 80 186 131 237 180 53 223 255 204 17 147 36 147 33 144 182 188 74 145 217 131 90 82 157 104 61 128 21 18 229 24 139 39 199 27 191 221 31 112 34 177 248 25 250 222 29 209 224 72 34 52 158 254 161 205 82 74 194 245 171
240 7 1 185 27 174 43 63 92 255 255 205 4 90 17 199 249 74 212 40 25 11 51 173 217 21 125 100 98 50 173 164 249 154 145 147 220 148 189 249 196 253 102 122 135 101 150 76 181 92 132 206 102 86 180 18 53 110 135 20 167 143 65 165 115 99 104 80 231 80 132 123 87 226 62 164 0 236 205 190 14 35 228 214 188 176 181 7 172 93 108 236 43
69 201 194 121 231 28 178 166 18 78 13 202 25 40 58 63 181 81 255 31 48 165 158 167 226 142 180 27 145 98 237 227 123 46 49 187 137 239 146 150 233 216 192 154 1 7 201 180 0 156 13 128 103 205 25 171 243 68 91 129 17 125 216 57 133 47 136 90 153 194 99 175 92 195 182 52 145 90 163 109 27 141 49 77 125 230 3 16 82 172 96 162 218
138 81 128 168 200 63 169 249 231 53 204 170 196 176 10 86 62 244 106 162 186 74 37 213 97 121 124 148 170 208 200 153 213 247 179 196 164 152 227 4 67 64 22 173 244 125 69 217 201 27 106 20 180 164 67 240 51 116 87 40 132 64 255 34 72 166 243 86 232 245 220 144 189 173 170 246 108 164 42 174 247 155 174 5 168 177 36 236 68 136 218 230 129
67 235 49 1 242 120 139 222 180 218 81 193 165 127 79 110 118 171 67 136 252 99 133 43 225 59 78 42 30 249 181 100 93 155 91 71 59 199 71 24 137 57 68 116 224 112 46 199 139 104 217 24 214 202 101 48 173 255 224 182 0 171 159 191 21 62 22 104 123 36 69 242 152 43 19 161 135 223 207 157 59 62 187 208 71 104 151 30 181 15 68 251 255
237 103 249 145 19 244 143 28 164 223 73 255 167 180 65 109 255 61 176 111 239 70 46 145 94 116 58 181 200 117 225 206 53 169 38 179 183 160 23 62 175 92 60 250 126 8 158 139 220 57 87 217 228 245 166 99 14 145 206 54 11 219 183 236 62 164 57 73 222 94 112 139 124 69 111 9 17 246 184 83 29 93 125 74 118 214 216 179 140 196 11 238 36
240 31 223 220 33 15 167 84 212 93 0 116 196 96 97 237 245 242 2 221 162 100 169 41 223 15 174 100 42 23 63 165 46 241 43 91 220 221 116 122 59 96 224 95 136 69 40 6 120 12 163 243 91 72 65 192 119 160 31 67 196 255 115 155 25 247 113 195 165 173 228 203 101 39 139 183 84 225 185 94 231 225 177 54 58 34 49 100 131 145 176 117 192
212 5 110 156 199 11 238 199 106 183 182 70 246 149 209 11 235 105 231 174 40 224 3 218 45 182 175 173 219 222 108 248 67 181 248 123 69 153 101 123 196 255 175 130 166 103 102 181 24 95 245 129 124 66 195 53 202 238 0 188 201 112 83 254 162 109 252 136 248 254 124 255 118 236 225 197 73 5 156 218 160 86 234 79 201 81 126 75 0 91 59 13 254
233 162 91 107 115 180 129 229 73 255 255 67 89 182 250 198 86 201 215 251 68 136 36 196 249 50 129 64 148 219 106 242 32 205 213 19 17 116 218 65 7 191 254 226 135 186 224 24 254 198 203 23 234 206 139 6 27 228 26 53 227 244 208 118 22 207 237 105 105 247 138 36 113 113 54 210 193 41 15 51 196 229 173 90 138 187 150 176 60 164 58 217 37
220 197 123 78 76 180 201 86 100 13 86 199 7 75 195 162 113 50 166 43 231 152 241 113 188 227 213 249 234 148 193 115 78 186 167 221 200 222 98 120 128 146 157 248 71 193 38 209 146 178 204 175 54 5 127 116 109 67 109 95 224 246 245 198 250 228 131 114 190 190 201 44 111 208 110 255 132 58 82 153 219 53 239 205 39 172 114 227 156 125 160 246 21
254 127 187 182 82 37 248 156 103 244 140 187 169 255 234 134 146 30 212 105 163 165 136 103 5 99 85 32 227 170 216 135 229 195 215 125 69 196 134 245 150 76 243 23 226 22 29 208 190 41 56 32 150 181 211 90 189 61 10 196 88 101 202 223 214 230 37 35 183 238 36 218 174 105 30 243 160 221 80 143 255 168 170 255 196 97 128 106 243 94 236 250 37
20 126 79 118 206 143 208 75 60 15 112 42 46 250 17 239 128 117 174 166 33 153 148 169 222 2 234 197 21 152 210 18 208 106 64 173 238 165 186 244 5 68 205 155 158 57 70 92 32 143 59 165 220 96 83 132 44 40 213 153 122 131 149 67 95 36 31 55 2 77 82 7 214 25 65 108 158 176 203 31 42 112 63 162 171 57 191 157 230 175 245 186 227
7 242 81 17 66 65 146 53 118 34 117 216 55 100 255 44 126 214 1 111 245 205 72 91 71 50 119 83 1 3 62 162 155 121 115 163 232 198 76 71 141 238 156 147 106 235 235 241 200 173 243 143 172 252 140 225 179 201 21 2 112 237 225 66 163 49 124 255 0 25 181 28 7 140 255 205 163 215 232 109 73 118 162 56 158 90 64 215 104 255 98 62 73
48 244 226 158 167 100 181 91 114 43 222 170 126 124 163 217 179 36 20 253 238 188 101 35 236 72 225 94 146 73 159 230 174 133 160 64 94 139 80 142 221 63 201 161 59 210 56 99 25 251 179 77 1 77 155 141 175 36 111 101 4 253 66 218 195 160 132 99 59 74 7 88 142 212 200 131 247 163 36 27 214 152 212 211 49 239 229 34 213 110 176 23 163
219 18 245 207 101 228 182 200 188 214 17 65 222 215 177 85 208 232 106 43 50 130 174 88 231 65 75 127 233 211 66 133 68 16 211 222 35 193 113 144 85 141 85 129 202 199 206 0 151 88 32 34 146 225 182 63 255 29 181 255 223 163 107 23 37 163 244 120 19 97 173 30 79 28 175 27 52 38 247 206 70 171 162 219 126 127 11 31 151 46 108 76 127
247 135 194 169 205 175 187 136 126 77 64 131 74 137 108 107 81 74 203 199 22 49 35 104 7 132 85 126 40 82 67 109 25 209 21 247 195 84 252 190 28 67 34 91 247 87 49 87 231 216 6 14 248 31 196 242 30 254 125 78 150 129 30 89 155 102 163 180 15 50 28 30 166 55 181 108 171 167 241 3 181 144 249 252 201 95 139 160 172 176 94 4 195
228 138 119 165 28 51 240 4 149 136 34 164 71 31 58 193 81 100 198 143 186 212 115 216 235 132 170 159 255 69 183 92 147 185 114 107 250 123 79 42 143 200 171 194 86 139 13 72 61 113 185 133 50 234 131 86 47 136 236 248 36 134 45 202 73 73 121 253 176 86 13 116 20 197 62 218 146 181 49 5 44 215 8 106 89 38 252 191 16 12 170 251 155
30 166 169 137 176 98 24 31 21 173 122 220 114 69 8 86 0 253 67 69 32 68 163 244 88 2 196 136 186 147 72 59 97 18 212 234 145 159 56 80 93 70 31 98 254 122 51 135 242 241 224 72 131 199 158 182 146 8 93 45 152 48 0 86 243 176 240 220 125 178 154 150 181 54 157 161 181 180 15 197 219 55 142 78 130 62 31 64 224 46 173 255 197
134 178 181 32 38 220 109 138 61 142 174 201 142 164 118 244 118 167 76 195 119 107 91 255 77 177 213 26 57 36 71 164 221 161 174 79 122 222 131 97 45 33 27 89 85 120 136 219 194 158 41 137 125 16 66 222 34 146 60 99 90 57 130 0 149 111 171 13 182 23 29 5 126 90 221 40 32 2 91 174 73 34 162 106 124 137 137 38 47 142 122 138 112
22 120 170 248 212 191 79 115 249 93 234 22 119 205 58 45 136 222 150 152 43 205 137 122 193 204 156 167 238 114 52 39 1 203 2 55 244 50 171 209 114 18 231 148 87 197 188 162 109 141 183 83 23 103 162 194 121 109 189 114 194 255 5 117 192 77 210 179 37 84 15 220 220 207 67 86 248 92 211 247 224 214 65 244 137 199 234 55 182 111 209 88 27
215 151 227 218 76 21 165 212 196 62 144 31 133 232 152 89 26 40 105 71 14 54 35 222 107 30 236 43 206 81 109 74 189 56 110 226 220 119 68 167 103 118 175 153 183 175 127 110 37 29 102 3 134 113 240 153 68 57 53 53 250 113 250 244 148 159 135 60 183 203 168 81 163 83 95 2 81 47 165 238 68 19 216 132 155 41 215 2 199 55 213 107 194
205 67 35 182 77 247 219 234 12 9 105 25 235 244 112 10 50 119 218 46 52 232 204 171 111 5 6 159 111 97 63 254 155 0 219 103 242 46 7 241 68 123 91 73 69 242 111 148 98 221 201 174 137 154 158 1 98 75 155 32 64 176 41 237 61 233 255 143 106 253 230 70 172 200 11 161 88 176 226 125 164 242 76 216 105 18 0 223 214 39 108 72 173
199 157 141 235 134 5 215 82 66 99 144 104 237 147 15 239 203 247 38 134 161 214 4 210 211 163 235 66 80 210 150 233 46 178 65 255 138 132 119 112 162 45 182 100 248 111 227 110 250 196 143 117 213 105 31 173 39 171 154 144 153 219 40 209 242 118 251 161 225 242 247 232 221 179 152 123 228 146 23 205 243 208 237 175 35 155 253 194 157 200 239 16 27
116 80 141 92 132 99 226 176 243 240 154 137 13 90 53 165 21 206 247 79 158 76 198 165 251 186 22 97 120 254 3 206 47 251 170 211 100 193 89 137 183 255 62 106 232 30 20 158 232 53 103 49 173 119 126 253 195 236 211 48 7 115 209 72 211 56 42 70 209 96 25 250 142 225 69 61 255 35 252 225 42 145 38 119 211 207 175 143 180 108 123 74 43
160 250 236 133 84 126 89 23 250 14 152 140 123 97 56 235 253 6 91 114 205 54 86 91 243 98 234 244 10 255 200 61 174 46 185 226 1 188 253 133 168 177 48 111 153 206 104 37 77 140 8 35 163 183 109 202 65 143 99 164 44 0 49 220 60 255 155 30 124 26 195 66 226 15 243 115 122 41 221 253 53 134 184 81 142 71 217 122 12 221 222 116 20
42 177 82 33 132 211 253 246 255 231 67 164 210 210 140 50 129 215 158 120 74 202 200 77 135 199 255 34 214 14 5 189 127 96 233 8 67 210 134 159 92 77 103 32 90 227 96 60 179 26 212 120 2 194 221 103 174 98 150 182 197 8 255 109 24 134 10 71 87 252 98 255 105 26 112 116 152 144 87 233 177 210 199 165 203 248 56 40 217 105 113 32 246
45 29 118 0 96 28 93 13 255 195 170 20 80 221 213 105 198 241 22 17 58 107 67 240 216 249 128 239 109 204 34 30 51 132 142 68 51 55 156 125 157 88 242 253 162 39 54 193 101 62 165 42 78 148 136 96 228 227 76 180 3 78 19 248 253 49 253 132 43 136 149 167 123 32 16 112 190 205 212 59 89 111 214 34 158 129 227 23 221 254 124 4 132
251 52 161 193 200 192 252 92 196 255 172 108 41 86 102 105 175 72 150 137 245 104 35 106 2 171 46 191 73 79 113 102 163 43 152 122 94 78 84 24 11 170 35 56 125 173 210 238 233 145 45 69 197 198 44 218 77 237 174 12 175 49 195 138 161 213 167 148 60 138 27 215 170 123 12 201 47 74 30 137 228 246 99 250 155 57 55 48 158 6 114 42 180
57 17 140 159 173 255 98 154 195 139 219 205 155 213 33 51 100 85 130 161 172 227 223 77 238 86 255 195 200 164 255 104 134 231 50 137 186 4 22 207 103 198 208 207 81 236 10 255 32 185 116 171 141 255 112 47 105 68 73 117 164 189 132 119 179 91 124 242 137 11 243 203 163 238 169 104 73 160 157 17 184 200 130 90 255 9 89 224 25 50 5 119 124
95 47 21 0 176 120 140 199 119 170 89 177 155 22 72 134 245 117 95 230 88 186 136 94 163 23 59 149 193 205 64 182 124 146 53 178 79 132 108 242 255 197 59 135 196 247 166 244 137 228 17 243 8 161 177 100 40 30 112 21 0 209 222 5 233 253 96 56 30 221 231 144 210 84 137 178 251 139 181 32 234 151 113 223 246 219 136 220 115 212 57 92 123
163 99 37 195 33 175 182 88 83 75 2 115 194 180 127 7 173 85 124 232 145 71 212 192 113 241 52 148 254 203 203 51 204 149 246 125 247 44 176 143 152 1 127 193 146 66 64 235 193 47 62 60 59 142 209 96 226 215 255 208 255 156 246 121 32 144 71 169 222 93 14 92 34 163 119 81 126 126 220 131 174 230 252 72 60 40 158 159 105 171 2 159 149
123 71 129 228 139 101 226 117 137 186 91 55 147 182 177 140 156 136 15 157 162 125 116 173 40 63 255 50 187 0 129 182 246 34 201 255 6 129 173 191 5 75 39 89 172 13 208 66 34 116 79 199 47 51 58 23 183 64 204 248 205 155 58 169 235 238 227 62 9 74 108 168 64 89 51 244 84 162 166 160 148 76 128 0 210 138 88 93 78 171 142 29 235
91 123 235 126 53 106 150 53 210 37 79 176 242 60 2 235 214 40 212 207 152 192 104 207 2 185 245 211 102 238 115 56 134 7 84 217 181 218 155 177 176 224 234 229 113 165 83 216 122 114 255 97 1 112 23 199 223 85 158 94 89 153 88 58 215 137 190 66 4 118 2 228 233 141 38 163 234 235 191 248 237 168 203 107 140 224 109 101 255 0 255 177 119
109 228 234 73 216 38 182 136 255 164 228 37 234 81 255 226 20 176 64 192 174 116 142 134 131 116 111 154 97 1 170 3 59 137 24 169 130 45 117 47 253 180 152 125 220 238 56 145 112 74 87 140 234 47 28 23 119 213 165 118 216 190 150 138 234 83 154 1 106 25 54 158 112 140 221 80 58 107 64 181 121 8 197 109 34 109 77 88 62 124 73 251 205
143 178 52 176 135 214 61 230 250 254 204 102 21 16 122 50 112 24 200 144 157 131 119 255 158 199 157 224 36 243 72 152 238 189 26 66 157 196 110 104 92 148 240 188 131 145 47 209 115 120 40 108 141 231 195 179 211 98 255 100 136 192 156 239 243 221 250 254 105 43 148 251 19 48 55 212 161 154 115 27 211 99 135 105 62 250 250 180 233 245 235 19 86
188 86 125 0 5 78 203 214 84 142 247 85 195 188 26 105 255 92 233 137 63 105 230 24 57 204 79 115 184 197 6 78 150 139 159 183 40 62 208 213 156 252 215 179 94 154 188 123 126 202 173 194 237 212 143 67 80 232 192 183 169 94 56 105 6 142 249 7 55 210 254 209 21 123 70 215 105 200 188 87 231 220 124 11 49 218 165 248 110 233 81 139 169
122 187 221 105 64 68 229 59 255 60 167 95 15 192 157 255 193 108 133 85 130 47 184 220 188 159 131 216 169 197 142 227 39 117 255 25 74 249 250 81 16 234 170 157 226 194 25 234 63 63 231 111 25 192 6 148 222 150 255 35 53 175 47 158 49 240 71 132 119 196 251 226 255 164 104 218 146 149 129 115 226 72 110 211 139 242 186 251 75 179 149 16 126
131 84 4 80 23 59 205 217 80 110 250 197 23 129 190 34 29 84 222 13 76 94 180 238 75 248 227 114 185 205 128 33 204 138 3 155 201 122 49 102 170 167 143 59 233 200 149 203 58 138 203 255 55 121 161 106 233 53 223 194 5 144 100 129 102 35 119 56 241 255 241 142 91 202 56 228 172 74 69 221 75 70 237 141 49 141 131 128 159 117 220 193 93
178 119 184 113 155 103 160 204 174 142 212 124 33 183 47 196 112 105 42 255 113 157 157 238 168 19 250 255 101 220 144 150 173 100 140 204 29 97 220 195 159 247 92 69 0 173 235 11 200 17 101 163 151 63 68 192 57 90 234 67 15 219 126 101 103 0 202 222 123 66 12 254 131 53 17 69 91 79 183 241 104 254 163 151 245 224 245 49 116 129 118 241 138
58 151 153 212 138 198 135 135 251 170 235 105 171 250 68 172 77 247 210 57 214 168 255 159 62 255 145 122 26 110 19 255 188 62 56 26 129 5 236 102 138 173 106 244 191 172 245 146 249 141 208 84 171 78 161 155 13 236 255 81 183 88 93 252 114 137 75 117 86 168 181 207 149 178 200 129 27 157 177 126 2 72 219 31 8 69 7 48 120 190 203 74 172
65 131 4 169 75 233 165 28 33 142 19 219 133 222 146 125 207 225 87 61 133 101 71 139 225 96 251 119 34 162 229 214 125 0 126 68 227 107 141 194 255 204 160 167 185 208 40 185 99 255 77 246 201 57 158 192 62 227 131 136 204 228 204 173 230 254 169 103 251 187 123 125 110 158 227 91 243 124 179 129 110 216 176 135 208 216 49 253 204 121 159 38 152
143 208 223 9 223 205 86 54 114 19 99 28 53 113 146 152 115 138 68 147 96 107 151 100 212 28 239 133 47 32 37 152 109 157 86 167 124 107 211 255 221 68 133 151 244 69 87 210 65 55 255 145 23 220 84 169 191 76 128 184 255 132 224 151 70 151 229 156 216 171 237 197 103 138 42 18 13 45 59 16 53 121 140 152 141 65 51 184 123 201 205 242 118
186 18 247 76 74 157 215 214 244 254 232 145 96 189 231 151 120 38 53 36 244 137 175 101 38 117 61 155 76 71 50 191 231 114 162 194 132 198 202 76 99 164 253 28 26 175 44 60 177 220 227 161 171 159 25 142 127 102 165 147 178 117 54 129 220 125 134 141 255 122 109 69 150 53 191 119 236 192 118 254 62 223 201 227 255 232 165 203 156 166 26 50 177
48 200 187 194 226 246 75 163 110 131 254 124 124 133 120 49 216 151 38 85 159 177 222 198 255 78 167 187 206 69 32 74 201 81 223 7 84 212 47 182 166 76 228 239 228 209 148 182 136 140 143 161 84 244 63 255 147 95 215 200 143 89 203 253 227 87 228 75 163 121 244 72 77 60 223 165 255 202 132 255 6 67 75 58 196 61 213 102 251 47 80 179 200
114 83 125 107 33 186 23 176 235 63 12 66 105 252 223 49 110 245 196 46 55 214 123 223 130 60 238 7 11 217 131 220 102 17 105 222 74 236 5 239 237 132 114 184 240 111 199 6 113 205 128 189 75 24 77 231 110 255 134 255 83 132 98 168 124 171 157 167 75 122 183 146 255 119 99 208 4 69 227 129 124 63 230 164 27 177 219 121 182 134 208 229 156
16 91 113 133 9 31 65 213 162 239 255 25 168 210 53 246 21 128 210 220 243 125 166 252 33 20 211 230 147 217 149 187 149 15 156 86 187 138 202 227 208 253 81 128 179 235 139 251 17 81 55 87 134 161 57 93 203 120 242 79 223 234 74 91 242 203 253 202 222 77 76 129 147 255 139 42 165 30 55 196 82 64 230 243 199 224 219 219 87 6 75 243 16
66 197 133 205 1 68 52 136 220 21 187 72 127 137 109 70 249 172 73 98 169 213 135 141 202 255 186 209 106 182 47 137 212 108 214 213 185 177 245 49 162 240 82 162 201 183 221 65 138 74 159 26 103 115 165 218 255 167 206 103 84 215 162 74 255 147 124 240 206 237 120 171 160 186 104 193 12 230 183 189 30 14 28 185 64 245 91 186 47 244 28 131 57
29 197 251 32 102 142 180 214 151 58 112 226 152 99 194 195 23 211 28 36 7 200 67 255 223 233 230 12 166 78 73 92 184 199 234 33 236 73 198 227 114 128 242 179 106 51 220 4 176 236 137 0 151 217 10 138 241 193 123 159 212 58 245 86 223 91 249 180 249 155 161 162 154 208 117 194 5 116 29 167 234 175 200 12 117 20 220 191 233 40 74 59 149
163 192 191 56 99 60 150 172 170 73 55 157 84 204 192 61 67 85 21 215 110 238 235 2 70 42 68 110 118 37 185 139 197 120 222 124 29 85 211 24 105 56 61 166 207 101 57 32 173 235 232 193 157 255 89 92 249 157 153 196 121 130 234 163 168 218 132 97 125 159 183 182 98 255 212 236 64 23 86 240 39 6 52 15 40 74 183 255 238 253 182 94 147
13 234 108 89 85 159 84 188 138 90 59 102 132 247 109 223 0 65 89 82 111 12 238 93 239 168 24 100 47 147 253 77 8 78 198 163 229 33 12 5 177 182 13 232 138 100 184 63 73 253 191 87 242 149 166 158 151 125 138 175 255 66 155 216 104 229 159 53 149 134 133 205 204 177 196 149 42 11 21 218 151 123 105 97 25 24 204 115 170 248 98 61 95
64 115 68 90 232 146 114 78 228 255 171 222 228 127 105 241 225 160 7 254 115 185 20 32 244 120 97 198 246 133 234 72 225 71 197 150 242 192 222 232 45 114 226 206 239 6 13 244 255 68 255 119 234 129 202 255 206 221 64 226 18 82 88 225 171 118 206 81 172 163 160 255 244 163 217 188 73 50 109 10 254 61 222 242 146 194 78 200 64 6 83 169 243
50 52 255 139 139 98 178 204 108 158 220 90 155 59 93 134 18 17 232 235 108 10 91 214 93 187 3 228 59 183 177 251 219 240 164 231 7 26 103 162 77 123 146 165 62 249 92 241 1 158 13 245 192 53 219 255 255 212 122 179 68 252 171 116 155 196 200 248 175 163 75 127 154 83 250 250 122 56 216 113 205 37 196 92 229 255 133 255 174 254 214 92 74
125 170 8 92 187 3 196 254 234 76 113 143 241 73 14 214 106 234 229 21 8 130 7 61 213 12 117 153 250 39 24 239 234 169 205 17 58 25 187 24 200 64 235 134 254 194 173 204 174 61 56 67 109 150 129 192 224 255 140 125 255 148 235 174 171 93 173 161 202 230 116 203 79 106 206 204 74 181 252 90 101 83 17 76 59 137 113 72 10 245 40 248 133
8 173 143 234 33 34 183 163 59 100 149 98 20 148 12 247 2 12 192 232 203 184 150 180 75 86 57 51 218 109 14 131 102 120 129 180 44 80 131 9 134 233 95 106 197 53 141 126 188 227 62 221 98 110 111 237 107 181 60 244 163 250 62 246 242 233 186 68 163 255 204 58 255 202 58 90 198 85 193 193 151 137 100 53 184 182 167 215 78 110 255 121 63
63 106 36 105 219 136 45 167 74 147 82 99 40 103 53 4 63 55 151 230 162 191 158 61 0 165 220 33 103 255 215 150 123 212 46 32 177 237 105 26 202 255 162 85 157 81 225 225 2 129 229 11 99 128 140 255 71 60 191 181 57 221 205 84 217 119 94 206 112 255 103 127 120 150 83 90 145 155 60 145 152 75 124 53 185 111 104 38 132 7 235 235 136
188 244 165 186 254 232 23 255 98 133 113 238 212 251 36 162 118 162 35 149 1 252 110 78 217 99 12 255 106 182 1 159 242 141 167 181 242 182 130 178 151 55 104 54 109 37 226 0 219 180 55 56 234 114 114 75 63 180 111 155 83 65 255 123 65 186 69 231 187 117 164 235 179 75 184 179 69 146 53 210 114 98 156 65 255 43 142 12 61 165 255 95 61
210 92 187 183 235 82 175 121 35 86 147 167 145 91 140 124 122 80 243 250 115 255 57 133 96 188 203 221 187 192 87 203 102 207 109 73 90 53 22 67 3 23 21 36 163 185 93 83 227 155 207 48 82 162 64 133 219 65 224 139 197 156 164 68 238 255 134 255 175 221 236 223 247 195 154 53 183 100 6 157 253 232 113 109 92 78 166 227 0 164 143 221 92
110 126 139 147 255 240 164 70 24 113 221 188 172 230 106 164 173 55 133 247 217 144 165 212 98 198 52 225 196 105 69 106 18 251 168 4 198 85 43 61 96 154 144 169 211 118 200 94 14 131 182 206 165 202 162 149 117 211 148 132 96 53 133 242 107 190 245 67 155 200 85 91 156 241 241 49 188 72 185 230 95 149 65 179 144 79 190 30 189 14 99 12 61
201 134 115 52 5 14 182 105 48 71 28 9 91 59 112 202 30 133 68 61 232 0 70 197 148 179 40 249 3 46 243 13 200 56 28 135 210 152 124 79 176 91 144 95 148 153 231 20 232 149 131 61 45 202 119 229 89 80 204 179 160 222 87 241 88 109 132 194 224 189 1 225 175 179 176 3 70 201 110 115 78 139 131 193 161 63 215 216 93 160 2 231 220
104 36 157 168 23 148 179 187 88 197 223 105 143 239 205 87 55 49 254 147 40 186 170 185 7 74 160 91 255 132 163 94 129 84 185 98 202 53 85 217 132 158 16 3 126 65 75 20 148 90 95 218 67 46 255 121 239 82 146 66 217 87 79 221 143 151 237 90 204 67 205 121 60 84 214 240 255 11 72 124 210 171 45 248 112 114 251 35 18 103 97 224 70
255 164 47 199 161 41 172 169 157 94 45 50 151 15 35 255 80 73 184 28 10 175 58 234 137 35 111 138 236 68 117 185 126 151 138 120 159 225 74 190 125 71 229 100 134 239 51 242 232 145 16 159 45 246 186 78 186 233 120 75 82 57 71 68 85 30 22 204 224 182 65 55 80 79 141 19 136 40 133 69 190 169 246 185 87 50 134 238 221 134 195 128 77
170 61 73 188 194 236 133 104 25 60 234 89 255 46 203 172 141 217 161 88 231 155 241 87 158 146 16 64 255 199 142 234 170 212 183 82 231 171 235 70 178 16 59 15 251 28 111 206 79 199 93 227 222 172 84 133 62 163 9 196 242 21 204 81 171 106 73 174 165 176 68 67 142 17 152 138 50 177 8 239 223 66 38 22 19 182 234 194 132 136 163 74 151
178 72 33 172 173 118 142 77 92 161 128 248 53 231 140 156 180 128 151 147 171 64 13 139 18 210 13 185 109 56 188 76 255 164 31 155 218 58 122 138 237 218 22 168 50 204 104 93 121 191 94 249 41 219 29 56 28 57 53 103 124 149 114 155 232 159 60 97 173 113 179 94 143 31 134 211 84 239 163 115 102 193 18 82 204 162 239 177 64 216 236 255 255
183 92 131 163 255 20 156 229 251 184 216 124 111 247 252 97 155 233 70 242 81 179 41 233 37 163 10 71 153 95 145 213 109 18 191 161 169 175 49 113 158 173 167 255 105 142 49 176 138 133 234 97 244 34 219 51 145 85 40 154 186 245 209 176 80 188 138 179 153 145 27 93 178 215 182 213 162 61 162 205 32 45 125 208 170 218 49 186 26 79 40 97 229
201 95 56 119 255 68 38 18 175 6 163 23 255 209 27 95 124 154 49 100 251 52 165 146 253 76 240 30 217 48 151 178 126 31 86 147 83 151 255 145 142 247 75 218 117 26 95 255 132 188 155 53 193 158 166 120 9 243 4 64 235 203 111 3 100 67 245 122 249 238 169 193 250 45 188 161 15 194 168 29 15 32 254 124 29 98 255 146 62 219 103 96 166
172 2 159 216 215 128 109 165 182 209 148 170 83 228 239 65 11 243 124 43 150 94 132 5 255 87 147 89 20 98 198 108 235 156 34 4 21 215 46 92 29 213 21 244 219 70 62 136 4 179 158 146 57 80 192 238 200 38 213 174 70 131 216 226 3 217 63 1 150 130 87 121 12 231 73 73 116 207 197 204 215 176 6 0 92 42 12 244 134 147 229 129 244
53 220 195 191 10 145 154 204 130 108 114 34 26 24 247 145 129 235 21 96 178 222 197 81 173 196 115 32 44 217 206 207 183 224 56 61 173 27 37 157 154 204 186 70 215 243 213 202 172 139 158 19 32 1 186 99 217 49 79 194 199 29 13 148 133 63 185 139 0 36 158 47 75 133 151 32 65 129 54 143 177 162 89 19 210 244 139 240 108 228 29 245 153
79 136 77 220 53 92 252 60 206 23 43 139 24 201 152 100 92 189 111 184 176 247 149 217 93 132 203 221 24 17 39 46 173 131 96 10 133 44 106 225 192 254 221 238 148 41 111 107 180 92 166 178 173 164 255 174 80 251 229 53 113 198 206 181 134 131 136 177 47 235 33 179 48 149 42 129 205 77 152 186 213 90 240 19 151 226 26 143 122 171 185 89 77
171 142 160 91 118 132 159 5 240 238 210 163 1 242 56 117 180 85 115 56 175 215 57 255 73 81 180 92 188 213 171 183 191 190 101 82 131 74 41 153 136 223 120 206 60 85 77 46 161 226 230 49 252 131 251 88 25 191 136 127 156 230 195 40 222 120 174 127 235 143 49 78 174 255 6 39 148 194 121 8 127 123 100 145 18 210 223 65 112 34 177 76 204
174 133 109 6 136 109 75 64 32 212 134 255 54 223 178 246 132 122 118 132 40 113 76 6 255 248 197 157 197 126 64 232 39 194 240 233 229 96 111 251 37 53 153 88 76 222 84 29 63 140 153 100 161 147 227 95 135 132 187 124 255 175 195 182 244 127 94 183 182 210 196 213 82 41 162 70 246 44 219 56 9 14 150 108 52 218 247 72 231 137 186 48 171
145 88 225 99 155 213 91 230 242 52 52 5 255 30 97 228 248 55 68 135 179 80 221 102 220 147 234 116 27 26 61 223 93 132 248 46 217 40 176 255 97 215 246 232 221 244 31 64 9 193 244 228 182 159 35 255 174 89 240 15 84 255 66 126 59 93 192 132 249 125 150 218 204 152 82 60 20 37 106 195 101 36 50 119 50 188 255 241 212 193 1 81 145
180 149 101 103 76 105 22 255 139 129 106 129 233 143 140 130 248 162 6 140 59 69 171 137 214 248 156 254 117 234 50 245 152 242 188 253 130 74 182 213 220 50 214 233 187 131 210 64 133 19 104 234 254 119 244 70 131 208 50 219 234 238 85 252 250 212 141 143 131 198 176 78 198 67 119 146 184 83 227 242 140 119 174 79 44 176 88 70 113 218 56 150 230
239 101 147 17 87 79 239 110 20 112 253 5 68 128 36 12 76 243 28 124 55 242 199 72 15 242 144 139 245 96 254 77 89 162 60 8 230 238 247 152 12 44 49 153 53 96 13 169 121 89 149 3 13 68 98 103 40 254 139 228 2 215 127 164 236 131 90 180 73 227 213 131 88 31 82 35 14 34 161 246 255 113 97 158 10 79 126 245 192 163 172 165 99
60 132 87 231 244 42 29 49 143 128 74 49 133 255 19 36 197 179 25 224 234 187 158 64 65 96 241 80 14 79 169 80 167 129 42 67 100 27 127 241 255 91 116 48 110 227 139 232 116 40 213 74 41 100 44 164 73 178 57 107 236 217 143 183 247 105 97 235 104 98 156 210 219 255 91 78 176 91 195 56 131 218 28 103 102 164 193 23 22 68 109 237 93
14 203 220 140 14 172 45 27 205 130 28 68 34 149 151 153 108 164 76 198 99 110 226 210 69 103 136 227 173 218 214 1 26 110 67 22 208 255 55 251 17 25 27 179 11 228 251 156 187 147 67 52 54 70 127 201 191 106 156 204 242 91 155 79 112 186 72 175 222 165 210 176 191 235 253 103 137 6 141 82 100 212 19 150 41 72 217 201 37 219 211 21 121
225 254 137 8 150 138 133 176 254 149 49 142 176 83 196 88 219 157 248 159 98 178 210 226 55 208 200 123 118 45 36 93 146 129 156 129 71 116 210 86 80 225 139 143 156 10 105 220 255 200 197 21 199 146 23 120 137 132 162 230 255 99 163 161 235 216 242 128 233 50 153 40 72 188 189 73 199 90 151 145 125 155 214 86 6 250 111 205 245 104 249 156 209
72 221 208 49 120 149 251 181 114 99 96 140 202 6 200 144 127 184 181 242 126 186 151 106 146 254 79 97 25 249 208 130 242 23 37 29 177 100 81 55 80 106 20 172 190 248 200 253 222 250 177 242 104 25 127 221 134 53 195 101 195 247 67 86 169 255 13 67 120 93 51 123 208 82 92 84 10 209 183 61 168 140 151 207 26 51 99 175 178 239 224 211 249
209 251 15 78 98 70 55 115 175 119 99 97 136 78 76 96 104 68 125 75 115 66 131 70 198 255 221 0 149 239 142 236 188 215 38 140 236 178 252 16 136 211 180 44 243 157 60 209 225 91 69 66 10 115 10 193 134 247 156 58 235 253 83 203 39 27 241 32 79 157 13 113 246 169 162 171 4 142 100 235 140 143 182 74 165 34 168 68 208 202 116 100 24
172 238 2 21 69 49 90 58 47 74 255 25 54 11 62 194 247 122 102 86 56 188 243 67 153 33 249 248 30 123 19 81 255 145 231 185 13 135 78 41 227 161 207 46 146 59 6 92 213 159 48 63 126 246 224 164 200 166 201 61 124 185 207 194 150 147 250 114 115 140 105 121 217 159 83 131 104 213 137 199 78 146 199 102 10 223 22 234 131 172 102 148 236
193 235 85 217 234 168 227 82 150 91 76 203 123 7 207 245 229 255 6 128 53 53 252 244 104 169 207 73 29 6 105 54 186 151 91 212 118 23 207 181 142 89 222 250 64 36 64 72 240 119 162 245 205 153 160 63 251 33 44 253 7 235 154 143 217 209 19 37 106 246 129 139 20 254 200 3 118 182 45 56 69 215 138 15 57 177 213 206 162 123 172 117 144
56 59 21 40 143 63 176 175 135 37 236 202 183 136 50 161 4 25 237 239 137 108 57 148 213 157 220 45 255 244 124 129 225 74 141 107 211 168 73 220 26 74 149 183 96 179 71 62 68 220 100 89 143 124 110 173 212 97 55 215 217 120 173 165 229 235 42 239 170 147 226 108 244 113 79 9 79 146 115 158 69 255 95 248 248 82 206 10 216 54 44 23 201
85 159 198 30 197 121 117 109 252 124 45 85 241 105 247 122 202 103 85 134 219 54 177 55 15 60 12 9 255 157 246 102 20 226 61 77 119 238 1 125 255 99 44 167 86 31 136 58 199 149 141 27 55 97 161 230 113 87 67 101 253 195 127 43 110 29 113 78 131 176 79 148 144 39 73 242 18 246 78 25 87 255 207 152 231 72 73 5 17 141 69 173 173
217 65 102 153 182 234 228 4 234 83 101 85 106 46 167 123 237 109 115 212 11 102 207 214 40 147 149 75 106 81 180 104 143 131 168 188 79 109 239 16 107 127 74 218 242 198 167 35 138 227 155 99 101 97 66 219 58 134 35 88 80 10 250 157 26 252 133 166 164 95 88 20 219 98 52 130 6 41 205 3 215 97 136 102 147 74 145 156 76 63 213 25 160
47 163 53 55 71 17 107 182 156 120 226 51 67 173 220 192 112 230 255 233 71 243 170 114 151 102 123 200 71 152 103 103 160 236 38 74 229 57 108 2 56 130 78 150 31 226 200 37 213 40 9 129 113 177 253 141 249 47 84 238 158 127 151 191 196 255 146 241 185 12 194 205 223 208 128 135 244 235 62 231 129 5 153 150 183 135 144 252 237 216 193 224 133
111 6 173 194 206 5 248 78 123 3 254 137 80 131 151 113 192 80 244 255 230 108 89 237 63 121 10 118 240 229 119 15 24 159 81 254 239 248 153 31 213 8 141 98 215 75 157 106 105 42 178 198 67 240 38 220 185 214 34 102 45 36 255 101 249 6 101 122 234 92 242 236 3 152 153 173 116 223 53 60 203 223 159 60 255 86 214 107 92 229 208 192 29
197 4 230 101 162 125 84 255 232 68 127 219 254 99 232 75 170 124 162 11 179 9 125 34 137 46 24 75 117 181 10 205 255 207 190 136 61 208 143 255 180 55 19 207 241 142 221 218 124 187 195 9 226 225 11 24 243 254 185 18 221 47 104 228 128 60 116 76 45 118 102 230 197 189 212 43 47 251 178 164 90 235 255 13 110 198 57 12 62 160 215 81 84
255 199 176 157 83 196 177 88 170 231 54 86 170 6 74 95 66 63 100 69 106 252 172 169 174 47 182 118 157 65 60 83 248 201 121 46 102 133 39 71 112 154 102 124 120 207 183 173 199 52 61 177 255 241 72 205 148 11 11 41 4 189 212 149 174 124 171 95 231 134 123 147 255 117 154 193 208 143 58 181 85 209 174 105 38 40 235 134 142 235 138 255 211
135 154 84 193 50 175 167 135 176 184 253 169 73 87 202 74 223 255 47 246 128 201 99 107 72 112 62 102 129 119 222 135 124 229 153 188 95 229 111 130 64 77 214 2 205 102 101 250 232 147 23 46 158 50 206 210 114 3 92 202 245 109 159 225 38 233 126 161 88 224 137 86 167 112 77 155 63 242 123 124 151 176 62 182 83 96 195 189 68 255 15 37 32
63 174 104 88 55 191 254 16 38 186 232 98 252 80 133 34 150 108 108 57 193 241 175 183 32 38 140 163 255 213 234 57 223 168 25 41 94 82 42 51 122 223 152 169 255 105 226 42 226 102 202 246 81 54 106 157 82 165 98 3 168 75 180 203 221 214 137 100 123 121 117 245 185 205 71 10 195 188 244 192 195 5 209 52 45 65 49 24 130 198 28 197 217
165 0 122 65 89 182 215 89 211 12 58 139 28 2 153 20 211 203 161 95 70 171 241 135 64 111 177 192 9 155 106 117 26 80 210 72 197 154 160 215 237 144 200 21 170 186 8 54 209 245 140 116 61 153 124 4 87 76 2 78 71 225 137 58 58 159 81 140 215 169 110 204 67 131 39 7 193 113 29 153 188 70 124 159 152 164 2 73 98 166 89 164 124
189 75 193 181 255 61 160 152 77 56 9 113 113 223 91 226 68 247 237 205 229 255 191 70 196 245 159 210 138 72 57 201 255 124 255 80 60 140 46 179 2 132 25 156 20 230 73 153 96 244 71 36 253 192 247 166 0 249 178 100 190 35 188 55 88 159 129 135 214 109 136 233 61 53 204 93 236 145 255 28 211 169 236 19 157 229 49 180 82 164 208 67 199
142 41 93 77 54 239 57 206 85 26 73 35 187 39 252 37 231 143 10 50 195 203 1 219 13 0 221 215 97 145 104 212 26 200 54 55 168 128 12 129 0 186 153 227 250 117 177 47 133 178 173 118 62 83 221 134 196 165 34 184 117 221 11 202 174 16 167 37 20 64 67 244 29 227 12 79 215 183 255 154 104 75 204 121 161 174 95 203 139 57 137 167 26
11 157 65 206 86 131 85 165 86 239 199 76 240 208 8 73 93 15 234 163 0 61 190 70 151 142 48 144 50 126 125 179 111 77 205 43 82 94 65 209 203 169 76 109 96 191 206 201 46 221 85 89 139 81 229 175 197 205 114 215 187 90 166 4 255 144 139 34 97 153 98 198 131 202 104 196 188 166 16 174 77 126 162 59 146 92 241 24 13 64 13 194 75
51 254 129 18 132 193 182 1 178 114 162 208 180 198 46 74 207 23 101 29 158 210 176 165 217 122 98 166 119 111 18 152 23 159 91 240 29 86 140 255 128 143 24 254 19 59 187 34 137 84 53 136 202 150 141 234 66 98 145 138 67 38 171 92 94 224 159 123 43 180 102 193 115 147 184 49 252 161 209 69 80 84 200 12 119 191 145 87 61 205 224 55 52
71 207 214 222 101 173 205 118 209 84 29 201 16 206 19 145 104 96 161 82 124 77 114 182 88 2 164 202 91 128 223 154 94 171 210 111 173 195 174 202 209 122 85 73 59 121 222 93 233 153 76 106 129 247 64 140 69 230 81 160 194 143 126 174 173 22 251 127 80 119 185 86 208 210 41 205 116 85 120 213 156 38 163 114 26 251 68 144 138 235 101 63 154
181 93 228 190 185 18 95 139 147 103 17 225 84 24 245 149 75 128 186 153 76 138 96 127 121 237 14 200 79 178 65 177 69 151 180 255 152 224 211 51 105 149 223 84 27 204 251 101 99 58 174 29 93 43 76 159 29 137 223 212 190 237 34 10 108 164 95 140 43 177 65 123 90 186 193 43 22 68 94 201 241 197 255 181 118 226 230 212 30 134 152 20 184
129 196 235 255 39 204 233 172 44 53 13 164 202 247 139 103 36 159 247 120 160 162 133 155 106 76 139 228 73 194 140 78 81 23 117 221 5 160 49 165 104 150 216 208 47 131 170 148 75 196 39 237 230 73 69 119 179 51 67 113 207 50 205 244 56 134 137 122 61 56 254 209 241 148 211 195 52 138 202 180 159 93 149 94 181 70 171 205 47 95 238 202 218