55
1.51 50.5 65.4
1.64 40.3 58.9
1.42 60.3 65.3
1.42 60.3 68.0
1.42 60.3 62.4
1.44 65.1 66.9
1.26 50.2 75.7
1.04 41.5 41.4
1.42 70.0 87.0
1.45 63.2 67.8
1.22 58.0 70.2
1.23 41.4 43.9
1.07 40.6 56.0
1.67 70.5 92.7
1.47 68.8 83.7
1.24 53.2 70.1
1.09 43.6 44.9
1.27 40.4 57.1
1.17 50.0 58.6
1.28 43.3 44.1
1.78 54.3 52.3
1.37 51.7 59.7
1.76 63.9 82.6
1.59 52.5 75.5
1.09 47.3 72.6
1.47 63.7 78.3
1.02 40.8 41.2
1.26 49.6 70.7
1.34 67.6 80.5
1.60 57.8 54.9
1.86 62.6 80.7
1.20 51.6 50.9
1.58 54.4 79.1
1.24 46.7 64.0
1.09 46.8 59.2
1.25 44.0 67.2
1.22 45.3 54.8
1.45 55.4 53.1
1.14 41.1 56.1
1.32 47.1 46.9
2.06 70.7 81.9
1.27 64.4 74.4
1.83 57.3 54.9
1.57 63.3 83.0
2.02 62.7 68.5
1.43 65.3 72.6
1.85 54.2 70.8
1.94 58.8 59.6
1.38 48.0 54.6
2.00 69.4 91.2
2.06 65.6 75.0
1.70 57.9 73.3
1.21 59.7 75.4
1.15 41.9 50.3
1.68 63.2 85.4
