1
1000000
100
2
563
941
494
98
807
344
792
855
576
538
472
896
654
210
364
363
369
90
689
959
10
876
536
261
59
640
278
892
853
4
55
25
688
359
340
477
686
301
575
280
388
754
8
585
243
165
610
983
181
327
638
491
454
804
602
468
897
86
423
485
735
613
731
535
253
138
975
277
246
244
342
653
306
71
426
355
474
678
105
845
249
869
490
684
961
432
161
219
685
449
196
17
867
58
456
42
375
177
3
100
5672
9805
7313
6455
8598
7496
2228
5125
5388
5177
5488
4613
6378
8408
7500
2189
6583
5771
4738
7004
2652
2221
8942
3836
9987
8123
2828
8850
8947
3387
1372
2391
8878
9697
3102
8234
7321
5785
2919
4969
2449
1392
4162
9259
7774
8635
5828
9804
8533
3017
3032
3116
5075
1077
5247
1557
2276
3527
8854
8965
5226
8119
8417
9609
9115
3304
3343
9227
7425
1048
6450
9145
2911
7284
9827
9018
3533
8820
7089
6711
5630
3941
3526
5455
1122
5761
3184
9913
4247
7708
8338
4143
1095
8381
7704
7787
6045
2588
9174
9495
100
89526
26945
47219
30034
24207
30974
56070
30533
35145
39068
98326
10893
40325
46529
37847
24734
26282
20807
72585
44284
36010
60245
39464
22983
47327
71306
13891
23490
98320
71191
36499
35929
89738
73415
38648
59709
15335
38691
95242
56291
37654
80560
32623
54943
82847
81790
99520
29918
76092
95129
98466
38214
93546
59950
32565
59187
63056
63024
59805
23948
72961
13928
38121
76325
63508
40711
98861
90223
96566
50879
91620
81504
40887
99567
40464
31453
35259
13121
95639
11472
19197
92794
41732
71756
56474
41838
22530
57856
14357
97467
32445
96912
25935
41169
77949
92229
59732
14944
35481
75298
100
464052
227967
207193
299309
241172
215098
287872
491069
171945
156685
320654
473254
469036
473700
417936
496318
125139
356645
437027
345566
325295
189292
396732
352625
232765
247210
490408
360464
335499
104111
455720
181307
336465
165044
301649
337413
198751
457560
479337
102520
336469
369677
288945
159142
302854
269565
348293
330352
295142
401618
207762
496937
328460
433803
436022
167223
173276
166336
202222
309252
479123
381148
403057
152533
214932
490759
424349
409933
488181
491240
387282
180947
430735
421223
341332
363987
276967
134744
155124
449378
353191
158589
249320
113422
285694
438118
341277
226014
211064
250481
325333
289932
389710
441091
401649
278088
147019
103574
186543
470017
100
893643
673391
746741
852044
582463
576871
678408
839743
838986
799522
606837
797794
655161
891066
525733
742295
728189
525915
612351
630952
822960
882552
579532
686247
846614
557784
634398
643675
837208
899153
747477
834313
733496
647066
883911
534213
897984
643768
832538
654206
701850
793705
629431
763380
646691
715052
585703
571467
834266
795832
660194
751452
810512
807473
718795
838318
746565
502233
837576
519965
576328
574521
592695
680755
537566
786847
652028
819196
732424
568039
542440
808859
803421
780215
614671
753454
628131
831900
590706
587740
721900
547682
793104
623650
601124
616314
855240
888542
789474
579768
611467
890634
808861
867045
882647
740683
822605
537157
721592
665410
100
957485
960126
975904
983506
940941
986768
941337
905507
974378
952176
942027
911517
992905
910738
964754
997582
932014
970866
976511
955468
924245
908715
979773
921868
911077
989059
942056
931121
949141
947698
930671
960119
902728
941980
969697
924418
934285
942559
966042
976956
927729
947987
927094
910039
998607
945317
903210
917853
958899
908771
920527
941553
949152
920405
923869
917832
926487
938008
944760
949743
932958
955638
977532
908528
926724
959594
974407
972234
979269
908273
910577
906119
982762
981397
973179
969593
912534
900767
940410
920025
956666
986691
968841
927621
923489
986358
918219
921340
994828
907538
914443
902392
907162
985980
918611
948349
997118
961778
997903
910817