83
3250 2328
4298 1232
4342 1013
3425 3301
1473 1859
459 1749
2970 3297
2267 2931
3172 1035
2973 2930
4992 4457
2059 119
1752 459
2304 786
575 2827
827 296
4588 2995
4347 2238
3183 1253
2553 202
3921 4274
1227 1871
2959 790
2734 3685
887 4395
1705 4670
2270 1205
4940 324
3784 64
3247 3376
2808 374
3226 4334
2964 1664
2804 549
265 1889
2689 2309
3886 1433
4462 26
2241 2135
780 3152
2727 3644
2810 1182
88 4809
240 1122
2745 2129
2016 2657
3255 4672
4107 624
654 798
4353 4525
2052 3042
1012 1823
1183 4149
4673 1238
1932 1198
2789 1511
1523 2946
111 16
3164 2324
86 3228
1152 4610
2720 4478
3869 4332
3877 4956
2957 130
4761 50
4851 314
986 617
2187 4812
2402 581
591 4804
2615 3798
339 2687
3862 688
647 2688
1376 789
1332 4672
3001 3845
3841 2969
301 2318
275 4678
3803 1804
4732 2625
88
209 1195
2891 2867
2300 767
3920 3432
2321 500
986 4853
20 1189
1661 2734
4376 2774
4714 2865
1294 3416
3038 2933
2215 4301
3905 3993
2135 1229
2468 3391
4324 1917
4804 1707
450 4482
742 134
4067 2043
4029 1767
2824 734
998 1005
2905 3297
2008 1104
3389 3578
3979 4542
4700 4967
3845 3795
2409 4358
2009 1869
1934 4392
3617 2515
1702 4571
2908 1776
3876 2600
4772 3397
2470 1306
2334 42
4239 2101
2295 3800
249 2504
88 4439
1624 572
3604 2564
483 4797
987 664
2282 4032
1020 641
2591 4094
4553 3027
1772 2552
1922 3224
2950 2496
4780 1634
2956 1566
1690 1259
1951 4560
693 2105
38 1656
2755 4649
1821 374
4005 3846
1836 4323
2672 2853
1323 155
1161 3977
4821 3317
3209 4148
3517 2192
2231 3190
4174 2704
2234 2644
2220 2929
2978 348
4667 3924
3715 4928
4120 4490
4081 341
4157 4648
1142 3270
2779 4559
1888 3017
4074 3363
1251 2030
3900 310
3448 4570
30
2361 2831
194 2208
2081 4434
516 2241
4286 2942
3508 1728
2632 509
4515 1386
1703 2742
2542 4018
3648 1601
1013 4268
46 1936
4717 323
1458 4560
1130 3687
1062 4145
2294 4172
3877 4476
2557 3108
2171 3579
690 647
2339 2436
610 4491
3711 1427
1211 3274
4046 2391
84 1530
3255 3091
4561 404
78
1950 4137
4563 1459
2642 1208
1719 908
4469 1211
1794 437
4610 2262
4794 3808
1463 2914
2213 3240
3048 1028
4985 4354
3642 3905
3842 1653
3585 4952
4942 937
1091 4413
988 656
4832 1668
4087 2212
1073 1495
1305 2081
4914 3594
772 4035
1712 3634
3228 2512
2819 2827
2798 3381
1886 1160
130 2174
2113 353
4812 4108
2856 2267
913 1666
3579 266
4623 1024
2684 37
2832 4547
3617 4375
4501 1580
378 2970
782 2305
3764 3510
890 1608
3907 4654
1795 1592
1718 43
3589 910
159 2026
1247 3445
1371 796
3903 2200
3893 1535
2749 4225
4405 2984
1380 112
3986 3651
233 3668
2755 2822
2432 2211
1092 1214
494 1880
4909 4200
3745 1402
907 258
2521 2137
3583 619
2894 3437
423 524
1456 4993
3220 2123
2987 1189
1061 2679
1758 1140
4908 2767
4606 2311
2334 466
1359 2324
65
3398 4815
4322 679
3899 544
2038 3716
1827 3148
642 2921
890 3688
4665 3148
4403 226
2507 3947
2226 4201
2636 1742
674 131
853 2039
16 1536
3752 1396
1886 1278
2953 560
4675 2756
1321 4839
1972 3500
1693 1554
4538 4427
3619 909
3262 731
2775 1823
3353 1693
3450 4143
2200 970
4409 131
3905 636
1504 2214
3141 4476
4997 4691
4362 4577
1324 1170
3661 256
4142 1832
2190 130
4951 4091
902 3843
899 1945
39 3494
2538 1475
3604 1774
4534 3712
4834 4191
2290 2985
3897 2202
2465 4764
415 3984
2898 3858
2036 2420
144 308
405 864
2661 3220
726 4553
560 2374
2489 1616
2921 202
2500 208
1048 3643
4060 1947
1559 3291
3673 4064
31
1523 4507
4236 488
3067 1342
425 2007
2981 2517
2766 3966
3093 2023
2086 3266
3268 1678
195 523
1562 481
2298 1553
387 1209
1157 3911
1449 1310
2758 2639
1210 3528
4060 1488
709 2612
195 920
3031 479
786 4434
1577 3301
3914 1789
2558 4021
2642 4197
2616 4854
1456 4503
1005 75
3642 4562
2778 3479
29
4774 492
1094 2382
1569 2168
3758 4485
4820 3861
609 2059
2766 57
4951 1499
1766 3424
814 1097
2434 1027
784 3667
1203 656
1638 1623
2379 3480
813 4894
3698 1555
4747 4345
1126 393
4223 2868
4130 4719
3805 1962
1946 3106
783 4061
3996 2939
1342 3720
4781 296
1301 1657
2805 2931
85
1688 1358
4324 77
2776 1743
2835 3145
4265 1008
184 3816
1602 1340
3393 4964
4241 963
2751 2200
1167 1369
185 449
148 4639
4885 3966
544 2095
4997 1204
2318 986
2017 1049
376 3685
139 1540
2192 1975
162 2042
4457 4059
3546 931
1840 3124
1624 339
1875 4405
162 1551
4160 4704
2563 2164
2150 894
362 1173
3624 4812
1851 2973
4690 3530
1953 3090
3005 2212
1633 3906
4128 3387
2073 4741
16 4105
3108 829
2705 2659
2250 865
2208 3233
4026 1814
1958 4620
3805 4108
4473 4282
4180 724
206 3601
444 1788
2357 2186
3127 3910
3893 1903
4309 4322
4241 1582
2149 362
1242 3504
3840 4172
3847 4428
4963 3643
2417 940
725 4160
921 4092
1340 1695
719 4719
3107 3510
1615 4868
3606 2377
1093 1124
4576 4480
4554 1064
41 285
3021 3857
3524 1796
1262 4557
1947 876
1817 2958
103 1136
1483 3962
1301 1250
2117 1393
417 1614
4945 67
10
3189 2645
1510 1348
1877 4674
3924 3194
2295 3746
4598 4144
869 3305
4667 4836
401 3900
2423 420
6
4866 3081
3548 3893
4431 83
3508 738
3333 891
4762 1550
84
4863 2134
2766 3431
3330 4963
2934 2700
2308 2784
3756 174
1023 3015
1438 3960
4160 2118
197 4248
3663 1391
2392 3068
3404 247
1520 1355
4024 780
1929 2125
193 1838
2490 3645
975 1441
483 353
2541 1774
4609 1677
62 1976
4148 62
3217 3007
301 1378
948 3867
3533 4933
1799 2478
4149 3801
972 2643
188 3172
3121 4365
4495 4779
2558 4470
4129 3300
3969 4873
3295 4365
2624 1976
3653 1059
3 4382
1019 3384
3541 3168
2686 3661
284 1678
829 4454
2810 4139
4419 853
1696 2092
570 2125
3464 3867
920 790
1363 3616
1852 487
4689 4661
4931 3273
138 1230
2985 2656
2500 3729
2074 1582
4984 4612
1377 1241
4444 126
1972 963
3115 3887
841 4215
4402 1616
4049 1198
359 525
3014 3186
2384 2675
1049 1278
4454 2224
2841 1483
1386 996
3157 2252
53 3563
4590 4073
3842 1583
1426 3775
91 1006
604 1473
1028 4349
1561 1851
78
4643 409
2 4431
1931 4870
337 405
3583 3552
1543 56
3548 39
1411 2367
3330 2135
3781 3684
2581 2511
3646 4278
1529 4292
2461 4747
4895 844
2965 1736
2404 1669
1666 1788
1255 349
568 3915
2717 3419
4007 2344
1133 3201
672 4162
4562 4336
3479 2457
4053 57
4282 1123
1209 1515
3755 4818
3866 1768
1925 1383
2267 3538
2220 2642
925 4593
995 2963
3882 1370
1868 4254
740 125
4850 2047
648 54
1260 3508
3334 4736
3956 2684
2252 2927
4194 169
2924 3240
4365 50
1237 2264
2040 4916
4113 3367
631 4836
2250 3022
1107 1652
1826 4458
2344 108
2380 1290
4176 2689
1661 2841
3685 4185
2355 1086
1820 4889
2256 155
3838 3870
4230 2670
91 2355
1078 4440
1215 1870
3211 341
873 2551
4581 3307
3302 559
883 1964
621 117
2432 2840
2453 323
3749 3220
2896 2541
38
2924 4117
2579 4393
844 346
503 1251
3136 3443
2034 15
4746 1880
4513 2334
1229 4310
2633 1008
2579 3385
1985 1292
4210 4531
591 2732
1916 1227
2958 3269
339 1315
2633 1351
1337 4721
3573 3080
3436 4241
378 3492
3215 1184
1331 2316
2105 326
1627 282
1655 4947
2725 1644
1898 1466
2918 2515
4160 1629
4345 4526
2604 963
4728 3014
1208 3414
2983 1462
4495 2301
4701 4496
96
4889 1905
1713 4197
1655 1806
3656 2531
765 370
3153 43
2317 2466
3865 1007
3713 4634
10 1869
1964 2546
1178 2742
1217 2393
3224 2112
3418 4482
3125 3589
1925 4557
4161 2146
2283 3542
2330 3082
1633 576
1611 4343
4178 3740
834 4059
4192 4897
4650 3238
4052 286
438 315
2 2634
216 2986
1183 3100
4192 80
200 3844
1217 4847
1762 541
1610 2265
740 1463
4691 447
110 254
200 4108
3967 264
2761 1745
1819 2048
4970 4469
4579 2838
438 3935
2776 2158
1253 3602
1995 2809
4568 4967
4378 2145
4304 4890
3329 3266
545 905
2260 111
4462 672
4279 2573
2122 178
473 1140
1871 4301
1166 4695
3239 2978
4494 1188
3952 3792
3574 3885
4704 4029
3891 735
1697 2910
2292 3575
4051 3848
108 2377
4474 1912
17 2617
4895 1339
250 97
1508 1737
2164 1443
791 981
934 3519
2706 4320
1340 3239
310 4434
1457 4812
2127 2014
3049 4073
2988 151
2421 3527
4466 3155
22 2654
836 1159
475 2075
276 2893
4783 283
4240 2568
968 1699
2617 4452
84
3691 4118
2378 4133
3031 2684
4738 2063
4105 2697
4386 3727
4054 1944
4243 4848
2583 4076
4540 2578
2348 678
1109 1197
2468 4372
3129 2383
1673 36
1508 4072
3762 4808
1767 651
989 2679
3270 1108
1890 1592
3121 4806
3399 4748
573 4761
862 1606
1683 4544
2412 4419
3500 4617
1507 719
1857 2094
3920 4203
3234 1087
2381 42
4648 751
2497 3747
4071 149
483 1328
3157 2692
3572 3829
3184 3411
1696 937
3363 1917
1488 4524
362 4297
1720 4948
42 75
1263 78
2939 4899
1710 237
4724 4108
3628 2893
4577 2460
2934 4260
4182 1164
4940 2881
4320 4980
3430 301
1390 2629
2726 539
3388 2603
768 4466
3003 1182
85 86
1224 3323
1561 4101
4980 1054
2071 708
4033 118
1489 1189
2530 4586
4792 228
3569 855
2677 747
1245 4853
3258 3603
4970 698
2532 3767
2596 2166
2399 3213
2552 2397
473 3142
3102 2641
1651 755
4934 260
22
1079 4653
3092 1598
2180 4394
2687 184
1900 1666
3976 2798
1385 1321
3071 2808
757 1578
4252 1839
4485 4344
3135 2748
2604 4003
979 2781
2048 2763
1424 2736
2224 1394
3488 1200
1955 4797
1452 972
2246 4653
1679 3713
92
1972 1610
4739 213
1474 304
4666 935
2603 3510
3932 1399
4218 4218
3305 1011
3326 2726
610 1312
2897 1515
2787 4148
3127 3499
1529 1395
3023 1515
1714 4503
1038 499
4146 2534
1768 1937
2938 4116
3361 3036
4019 550
3097 652
887 4375
1396 4271
3144 384
165 2438
2098 68
4720 222
3045 3851
2160 2227
1555 288
1297 4827
3122 4304
1670 2138
2363 567
4441 215
2947 3528
1793 3923
4936 1019
4248 3941
762 4015
3406 2152
1173 3932
764 2106
4611 3313
1705 696
4201 3513
2741 2952
1142 4150
1122 1377
2642 2362
1880 4957
4353 427
4888 4121
1790 51
357 721
4420 4158
3259 4227
3578 779
2449 2855
2776 866
2045 947
544 2218
2711 4940
1837 4271
2699 1218
424 910
2276 638
1087 3717
3671 4063
2732 3682
4759 2333
1903 2810
3506 4848
2633 1156
2271 2279
767 1001
4830 1022
2654 2380
3189 3849
3423 1323
904 1199
3567 542
1503 518
1593 2839
3507 1232
4331 1657
3954 2632
1460 586
2494 1638
2490 140
94
3105 4058
3922 1517
4665 1981
2507 530
3090 3329
2134 3570
2280 2740
344 2643
4096 1591
993 1395
2511 3408
767 1627
4236 4046
1648 1986
351 4535
3756 3919
2176 1219
3911 392
3891 1233
395 4415
4936 29
2014 1836
644 2845
2239 2910
4917 3707
145 3776
1044 4310
2394 3291
2918 822
3087 2632
462 2560
4106 3847
2559 2574
2198 95
3968 510
2441 4255
4108 1992
4349 2522
1602 1475
4395 3020
4143 2936
1471 149
4426 2581
4832 3533
4610 4322
1809 105
3631 2631
2206 3781
4199 4683
591 2855
2826 1588
1598 4817
4970 916
709 229
2927 3976
2645 859
4437 1598
2549 3388
3559 4789
703 4242
4799 1285
4399 4932
1358 2053
4838 4249
2567 633
2003 4213
1117 2908
4945 1059
4037 4996
2858 2157
4215 4065
3386 2597
3147 652
2067 260
1066 1752
2394 4830
3984 2142
135 915
3441 1250
4963 2311
4301 1448
2882 4467
3767 3880
2832 1575
1087 330
598 3256
2138 2528
1273 4261
1949 4059
4509 1639
3293 4456
2582 516
1755 3324
1028 781
63
1203 2069
1772 2704
4710 459
3139 4808
499 4713
415 660
1425 576
1102 260
1769 3684
4588 4028
3036 1131
1689 731
2142 705
829 174
916 1796
3963 4015
2964 2229
3540 2530
2599 4906
4243 2536
1736 3018
120 4093
2853 1236
2013 3518
2836 4988
421 412
3349 984
294 3768
3696 2211
4713 154
1592 4249
697 3184
3259 3101
3893 1089
2136 88
192 1487
175 483
818 1477
4086 4050
138 2345
673 1968
2156 2913
1047 4079
2132 3036
2986 4296
2013 4224
137 1292
4764 3318
1017 2172
4347 4572
4245 4509
4112 290
4032 1665
1088 2913
1924 886
4861 4060
3008 4962
4109 2690
2074 4295
702 3314
420 37
83 2283
3391 3266
31
431 2065
2868 2439
1227 2934
1185 1428
1405 4886
2083 187
2621 580
577 4631
4452 3928
4561 2025
1030 2715
1802 215
1481 524
3689 2406
3746 481
2142 4352
1054 2365
2760 4343
2447 1289
2392 4836
3742 4705
1224 572
37 2815
172 649
2014 3779
2237 3104
2825 2452
1384 2442
1492 3362
4708 4649
911 3619
42
2864 176
2953 4621
1933 404
1672 3333
4406 2163
978 2562
2114 2839
3499 696
1974 2903
3142 2152
259 2513
4955 2059
1974 1096
1443 4700
1863 3400
2203 1578
3905 3840
2575 2522
1145 900
2421 1011
3768 2552
841 3676
4518 2888
378 3733
744 3250
747 981
2117 3924
4195 1128
2656 581
2761 1006
2822 73
4857 2342
3782 622
485 2223
19 1380
4989 1997
4333 2856
4134 3613
4352 2862
1643 4306
319 1034
1386 1901
32
2604 1905
2431 1820
863 3180
1151 3435
3685 2158
4158 603
1294 1403
2844 723
4399 4887
1258 2385
1461 4090
3346 1220
2040 4561
1645 2941
3851 1611
2140 3796
509 1010
2904 2776
1001 4957
465 1445
3642 158
3189 202
611 640
1292 654
3011 4525
4042 1819
2145 3328
1092 1144
4236 1528
4171 1786
630 3584
2619 3220
6
1036 4791
1254 4743
4289 4025
4891 966
581 2535
2716 3122
25
3883 1053
2228 2869
895 663
759 4546
109 870
124 1236
921 2818
1317 1483
74 416
1792 4780
841 4786
4729 2080
618 3016
4500 3521
2025 4336
567 4028
3963 3229
1792 2217
2721 3566
4943 4540
4977 311
2079 3753
409 2517
514 1368
264 1
10
1348 2253
1133 4258
4890 1637
4780 264
3262 4150
6 3295
464 1403
3776 631
4175 1384
1531 3271
9
3506 2584
2505 475
2393 3935
539 3824
1667 651
1255 455
4290 2790
1719 4720
2542 130
22
4605 2586
4223 3507
2924 1952
2380 240
3067 4182
288 3260
4018 2428
3130 2597
1441 2691
2177 217
2775 2344
4251 519
4015 1723
2314 2589
3352 175
1179 4820
2865 77
726 516
3951 2840
1548 3901
2311 1482
3017 3512
24
2879 576
4886 4922
2061 4042
4853 2059
2814 503
1849 2464
3084 2040
2006 1153
250 303
43 3205
3069 2957
1670 2548
1779 173
2445 2683
1459 4308
2727 4451
2285 1586
80 4367
1355 2707
1952 794
2724 4281
1544 2812
3614 4530
2307 3352
10
1678 1964
3028 3326
721 1387
1272 4292
4534 848
3866 3605
1704 1293
1601 1333
1637 4136
2615 2820
81
1020 664
2066 222
110 3525
1704 4815
516 2246
1010 2039
1679 4953
1284 1784
1221 3570
4138 4614
530 1347
826 3792
679 3692
4122 3919
3414 1399
902 1522
4437 3447
2341 1822
3167 2831
3711 118
2871 4253
1514 2590
3445 4832
3159 2892
1277 3194
3206 4072
103 1047
4657 1181
2177 3652
2787 1162
430 188
2423 4539
4496 3401
2580 4231
3279 65
4681 4301
2244 4063
4890 1270
3404 965
1882 4497
4348 2928
3972 3150
1812 4627
3556 501
755 4318
910 4432
1153 2396
4498 4483
4408 3415
311 4490
1931 3992
2111 3347
1424 1550
2303 4403
4071 3672
4696 3522
23 3409
1975 3168
4975 3056
159 2113
3016 127
1100 1938
306 1164
364 3899
3114 4561
3842 3749
1811 1481
3855 1156
3990 3776
848 2567
4815 455
2819 371
1733 23
4991 4552
420 1459
4822 2095
4052 3353
1674 2420
2880 2577
2938 2797
3824 1193
14
3026 3709
1991 3777
3693 3983
3546 1855
1984 3655
3266 1306
3666 1171
3731 3701
3234 992
2554 3771
2618 786
1434 1038
2391 1891
469 2761
38
3975 2042
2307 3939
3103 1258
3919 3463
4383 1265
3736 437
351 1687
3047 3398
4487 609
1670 1420
2529 4285
1750 669
659 1139
3164 1199
4737 2800
444 2910
1845 4254
220 57
2206 3108
4104 2090
2856 1656
3714 1950
4346 3523
1751 1476
769 2294
3037 2663
1749 4271
3350 1412
3279 371
3783 4924
4569 4329
3783 3978
1963 201
2662 1683
3543 3156
4526 3150
3995 1643
3775 2451
93
3297 2048
696 3860
4613 1848
990 4906
3756 3630
2502 953
3817 2664
1047 1793
3772 2020
4711 3340
2749 2846
2796 4538
17 4313
4039 600
2847 4586
3039 2423
2941 44
4049 1447
3595 1471
488 1915
3080 3237
111 711
3607 680
4314 817
4947 682
222 2105
3096 3620
2276 3008
1324 2762
1630 528
1403 2254
391 3761
1534 2994
3046 3023
2254 1800
4868 3529
796 3982
3522 3446
3824 3892
3074 792
1493 2638
3047 1027
2896 564
3737 3434
270 3936
2799 1433
938 38
3315 3700
161 4512
1377 1361
3930 3327
3340 4388
995 3696
912 3637
2947 3272
2969 2495
4093 3600
1095 853
3952 4642
2350 3221
2484 3320
2606 3459
2861 4382
3218 3023
3203 3279
220 1621
4624 4300
3534 201
4370 3525
987 4471
760 582
242 918
3069 2665
1383 2051
2830 2805
4344 43
3733 4295
4102 3584
4201 3582
2161 785
2677 1349
1264 1973
1279 1214
3959 1999
89 129
1129 2644
4042 2821
3868 4911
539 2540
4267 3908
3553 2738
1725 2096
4436 829
33
1465 454
4845 3380
1922 3685
1060 2833
937 1431
2077 3529
4561 793
3856 2012
4710 2335
2223 1689
1078 3781
2511 4622
277 4695
352 4135
3592 4148
2906 2111
4933 1812
2842 4096
3329 315
1753 1966
2989 3507
3320 1222
1275 2876
4437 2488
4339 2496
1348 973
879 2041
3159 3199
2043 4246
4333 2941
4013 1934
792 3864
1910 34
31
4624 4698
2332 101
4589 1524
3498 1873
2734 2317
724 2965
413 1966
1246 727
3297 2279
2745 1132
4084 1259
1796 4591
4834 2897
3482 36
3450 4356
1297 3485
2692 3360
3784 14
196 2374
2258 4328
887 1909
1851 2004
3428 3580
2121 145
2627 2859
4705 4200
3193 839
2027 2228
2965 2248
4722 1147
4191 1034
84
143 3759
1271 2407
1696 2524
2376 662
3671 2408
942 392
4603 1847
4302 3043
4548 3937
3915 3661
3758 1394
4681 2608
2164 4605
1472 113
3255 2388
757 3367
1689 4239
2462 3005
4662 368
4360 994
481 4009
3076 19
1444 2096
1928 3582
360 2965
1332 1572
221 2211
1671 2470
4387 2872
2934 2112
3049 1394
4220 4948
3087 4788
4411 1643
4977 547
4550 4120
1071 1684
4214 2289
725 503
4429 4930
2271 4417
2448 331
4397 922
4178 2480
3756 1132
4734 4482
621 3256
3945 4214
307 45
178 1121
1700 4530
4316 508
2727 3373
2434 3816
3810 3795
3259 417
1354 473
4389 3602
10 2926
4830 2042
439 1163
2031 2627
283 2075
1025 4721
1910 3738
1768 2024
2838 3695
4033 3867
3578 4235
4842 935
4538 4398
1234 1406
4811 3578
4005 2250
2788 3519
4309 3094
980 1924
4120 1287
375 4626
597 4034
1187 4946
1652 4133
4676 3227
445 3580
56
2988 2278
4959 121
2369 4449
1065 3513
4851 4807
4879 4788
463 4733
1261 3849
73 1521
3430 424
4770 1748
1253 2015
26 1123
495 2926
905 3748
1810 987
3767 311
4025 2493
2216 1390
3820 620
2083 3522
279 4139
4732 4379
1095 10
478 4435
3200 2204
968 1744
4171 870
1531 2346
3302 3998
2043 1722
3563 2675
826 1937
281 2175
3956 2297
51 4688
1579 1253
3746 10
1681 589
2937 3569
798 4139
1585 2942
2056 2623
3437 4638
4054 795
2133 2268
4718 4191
508 4902
218 2425
4510 2797
1683 1585
3794 1570
3980 3952
620 2699
3072 2031
1786 4769
6
3975 838
329 512
2117 3720
135 4960
523 4928
1847 2309
90
1274 548
1088 1156
3730 4080
1448 4049
1309 4311
1009 3426
1086 1324
3911 3219
4560 2831
2892 3272
3937 4372
1581 772
1584 3551
2586 3900
394 1953
2453 1212
4370 3890
1024 1544
4821 1932
4794 588
2627 1242
3568 260
3872 4256
1609 3376
2905 1348
625 4414
480 1678
4982 1024
1820 4552
880 963
2298 3950
4267 1904
3420 683
4785 257
4294 4074
2554 4786
1602 2063
2773 2278
4841 383
4092 3188
2003 2716
797 1067
4385 640
4479 1314
2563 2068
876 909
741 3059
2203 2946
3860 2766
398 974
4709 1868
4573 1942
1936 4198
3261 2012
3547 491
2869 1736
554 404
2912 4848
650 3523
1474 3309
4718 2107
1857 3446
4462 2352
3238 528
4035 1321
936 143
1068 2968
2030 2491
1929 1842
4422 4685
3762 2417
3271 3703
292 2259
773 1095
988 617
2713 1862
1708 745
1111 4669
743 2652
4478 2450
1533 2902
440 3119
3247 2885
140 1722
4375 2340
2999 4292
3817 4541
3802 2926
1052 4968
1123 989
86
3883 1399
75 3759
664 1601
4859 3029
3178 863
4002 3365
3805 829
4378 178
4357 1052
2352 2242
4966 1598
3203 3225
3044 277
1512 2154
3630 1975
471 1310
2144 22
3017 3121
3395 3553
3127 2086
3707 4205
1561 1086
3132 4102
3110 1827
2714 2163
228 2970
4645 2342
4532 1723
3128 4067
310 3173
3629 1235
3748 3918
461 2523
3022 1756
2519 3636
3135 3712
1023 1109
3770 4452
1497 1149
2581 4699
1138 1669
217 3318
1376 2667
1825 1755
4843 4302
1413 2181
2395 1458
2356 4380
2198 1722
3322 2036
785 3060
346 825
4494 1361
3367 1786
1977 4079
4569 1304
3051 4242
1665 1066
3372 30
954 2688
4660 1159
2003 3690
2551 1685
3279 3353
899 3378
3872 3748
1105 50
3893 350
408 1673
129 1261
2305 4550
2342 813
1184 1028
3206 3096
2678 4364
4959 1152
2242 808
4081 1985
4619 713
4386 1496
994 1128
1067 1119
336 3294
4681 3625
4499 2825
1228 2668
6
1228 3927
2773 4382
284 3297
2429 106
3004 1019
809 897
10
4617 1230
2052 366
1556 595
3947 4833
1474 1755
1299 2093
3084 4536
3245 1606
3018 4255
3902 1468
69
2021 3398
671 1862
3391 3502
1270 4809
2858 1471
410 2197
2744 203
3746 1638
2720 842
1268 857
2990 4981
1631 4968
4090 2502
2859 1088
1814 651
1839 2810
480 3274
716 2363
1046 4187
4048 565
443 4902
2571 2933
3430 854
247 652
4286 2484
1435 4910
4226 2438
244 3467
4793 2218
4322 2339
3683 3181
1696 2142
3390 3546
916 2368
1383 552
2753 4348
4086 2072
4933 4880
1982 3065
240 3131
4609 3020
537 3805
3447 946
602 4686
1778 2649
1574 2114
3931 87
3835 3122
3899 3817
2951 379
2528 74
4184 103
3959 3163
1038 2637
949 2195
3604 776
4674 1613
4275 772
3572 1712
2027 3558
1352 2785
691 2737
1149 3392
506 142
305 3690
3537 3549
2643 2953
4998 695
2874 237
64
3669 3031
1710 546
4641 3325
2095 4871
4253 2370
1751 3801
378 137
611 2019
937 4788
485 1269
431 1962
4755 4838
2821 2606
4153 4009
1722 3177
3393 953
4839 4162
1160 2485
1628 3961
62 2802
794 2833
1168 1928
3119 4864
252 3042
1694 4823
1371 4452
2709 1393
1405 993
4249 1314
2923 406
19 1142
2231 3783
2109 1353
3945 466
2435 2210
2943 333
4802 3251
532 718
971 2449
3039 890
3892 102
256 3903
4207 4129
4008 1730
669 3377
1945 3869
1997 3187
2961 344
438 4402
4787 4556
2360 3484
1359 2538
1051 4525
650 3449
1640 1342
3387 4877
2694 4711
3062 882
2622 3910
4372 3950
172 3286
969 4768
1066 1360
1975 3717
83
920 2606
2550 2084
1820 2843
1584 1430
2488 4820
4862 2193
4306 3880
4841 808
1888 1278
4482 4902
928 1263
2704 1387
1958 3916
2105 2282
2718 1845
1143 1238
3733 4253
1952 1009
3912 2156
4952 2987
695 4953
1862 3974
1018 1656
2418 2010
4163 1201
4503 2200
2115 3820
2743 3181
2691 1396
2140 4604
911 230
1506 2236
696 427
1035 888
2348 3961
2547 442
2602 1933
1375 4592
3549 445
3429 1249
2514 4816
232 187
4867 2343
4558 3854
4806 3686
1852 312
4880 3290
2773 4475
1034 2743
3734 3151
2585 3560
2118 3911
3372 1613
4033 448
3440 1599
2072 1711
1763 4230
2282 4308
116 1663
1210 1224
4920 2665
84 638
378 2019
3998 4213
4092 609
371 1844
2042 291
2120 4580
2840 4753
3541 4870
2282 4560
2038 3143
3814 4891
594 4256
3213 4880
1726 3043
4756 1914
4436 31
4452 2766
4889 2323
465 4866
3130 868
2090 2222
72
2030 97
4670 721
2642 4410
4836 3298
992 2991
1440 2859
2825 3945
3780 2683
2470 351
3055 4389
3318 1904
2135 3785
3754 2060
4772 1155
2378 3008
3204 3211
2215 780
1431 854
3439 200
2040 818
30 1598
4963 2957
689 1668
1368 1576
940 500
3814 4557
4810 2014
240 1125
4179 4171
4374 4840
1558 680
3592 2760
3249 366
1153 2474
3347 2386
2216 79
3180 2268
881 978
4411 3095
3161 4601
1010 1902
4092 2708
311 248
1249 1630
1071 3016
752 2056
4930 2712
636 4458
68 1625
2159 70
2683 1758
3983 160
2221 1697
4076 4394
4520 3759
1454 2708
1693 539
4048 3226
3050 4305
3134 3750
3719 3516
1963 4190
597 2769
3473 1253
748 4852
1463 2618
429 1188
204 81
1907 925
3202 3218
595 2126
722 1114
102
682 1369
2956 3473
3070 4484
3979 1542
3696 1858
4424 1151
1703 3936
1187 2242
2572 2572
4885 2897
4337 2853
935 3901
2239 1924
155 4100
3526 1301
3643 4455
3670 2615
3406 3545
3209 3134
500 3943
784 2833
2830 1455
974 2271
4358 775
3469 389
1854 4005
2707 491
1285 4430
1165 3487
3189 853
2361 4751
2226 3011
1935 1363
4723 150
1833 3002
1710 1997
2777 4826
536 4090
1726 1898
821 4568
4034 3594
692 3626
578 1860
1583 290
4538 3379
4100 4781
900 1339
968 990
1632 4901
1032 2163
4801 2226
846 4079
2024 4646
4193 4971
1449 245
54 3844
1204 2652
3161 167
2695 617
4230 4722
658 1163
3260 1612
419 4815
3023 2175
3451 2095
4603 4845
1933 337
1327 307
1574 2155
120 1637
3607 4539
2224 556
936 1764
4093 1528
2844 4734
1742 1960
1145 173
4121 3547
3088 3705
1709 1055
1196 2422
4336 4986
3176 274
1205 1865
2994 4936
811 4628
4314 1601
2249 1838
4872 4683
4165 2683
698 2885
4096 3405
3112 2841
4912 4178
2670 4888
1818 2177
2287 3026
1285 4214
2292 2670
634 4435
4280 1670
217 3012
99
512 344
3813 2004
700 1042
3322 4560
4951 2718
3934 1268
889 3258
1702 3032
3381 4558
3085 1976
1558 2646
1602 1426
287 3451
292 4846
984 2000
2439 914
3129 54
1119 1419
868 4277
423 1845
674 2491
4539 4482
2380 4161
3896 1010
2104 373
2596 2711
3258 1887
350 340
1484 2702
3953 2361
1401 3328
4971 4695
2496 1013
2391 4142
2416 1207
3507 2450
349 959
1007 2212
3641 1205
4030 4479
4012 3864
4112 135
297 4396
471 1770
2920 2578
1196 1065
305 4257
2603 2321
221 3032
2717 745
3700 3364
2750 4018
1050 1150
3327 3701
2418 3211
4686 387
44 737
3358 3077
2120 2515
617 1753
2520 4921
1013 2551
1301 346
1693 1728
2692 2828
4884 3959
1951 2729
691 1249
1049 1912
521 3186
1220 1727
1653 3522
2128 4239
916 1032
4203 4311
1453 3148
3974 368
388 4470
373 252
4325 1443
37 625
595 5
2262 813
4712 944
1535 4486
1277 2267
3665 4267
3364 2648
560 624
3266 3621
4596 4438
4635 1748
359 3437
2865 1716
2122 2703
3204 3414
3366 866
4014 1675
527 273
91
1103 2148
424 2849
1277 4236
1939 1330
3514 1959
4709 89
1323 4776
4806 4868
1509 2817
3510 4935
4916 1340
2913 2928
3753 2688
1635 4063
1289 766
2278 517
3057 2264
758 2608
1285 744
2808 1948
1309 451
1249 2453
3485 306
1262 3959
4979 3066
2043 62
2933 518
1302 4191
891 4263
2569 3498
2801 637
1095 391
3892 1491
4435 3711
2794 4032
2267 2856
302 3579
1391 499
1450 1723
2701 945
1091 2419
3896 1676
4376 601
2810 3744
2175 1325
4723 4967
1685 4795
3589 4788
133 4366
1539 2798
1516 2175
3311 970
3467 1982
3170 4614
3665 4922
3797 2140
518 1088
1154 4125
3728 688
3823 1741
4968 3003
4845 4703
748 3208
3249 1570
2559 2816
4924 1577
3784 2750
2025 907
218 3803
1797 3509
1741 8
2551 3724
1020 4089
4808 4041
2411 1514
312 1005
2954 1388
672 2340
1957 1470
3274 288
2607 3732
1578 2752
3188 219
4146 3097
4421 2322
1047 458
1810 1697
3231 1322
2747 4969
3936 4983
2621 4948
15
3681 2785
564 4489
4832 2729
3380 3576
4653 1965
1610 378
139 4458
1395 686
1354 772
631 2675
3517 902
2289 3820
47 2899
4123 2517
3952 2328
103
3123 4804
3937 4089
948 4734
4997 4682
2460 466
522 1631
2810 2817
1813 2472
2845 4829
1202 1296
4018 85
936 647
3 385
1811 247
124 872
4822 2294
2255 1481
73 69
2516 804
1368 4898
1911 375
3370 1329
3026 2324
159 4446
694 2115
4341 1918
2382 1869
188 191
3440 694
4633 2228
3253 2335
2341 44
3600 762
4135 4046
430 4728
1428 4799
4014 1497
3227 4477
2598 334
3996 1253
3216 3809
2645 3595
3849 140
1991 1995
44 3775
4661 4480
3453 2691
2476 1735
4125 206
4728 2729
4118 2280
3684 2505
4531 4254
2221 4711
4633 850
326 3380
1810 2847
3167 3821
338 775
2979 2507
1680 4214
4640 4482
1099 2634
3657 3226
2592 2979
1227 2607
824 4641
3200 4060
1140 4370
2020 4910
1435 1420
4872 657
3694 2980
4240 218
2228 1035
4192 3446
3192 4180
1500 220
4484 4595
814 4249
3379 4489
4239 2940
1388 3324
2542 1185
292 1087
2166 3084
2044 623
1702 1126
537 3568
1118 1081
4555 4998
1412 4558
3395 4682
517 145
120 4403
635 4869
141 3863
1590 948
3537 3802
203 2887
3127 1768
2612 2867
4266 4289
35
4325 4610
2207 1585
2605 3762
2176 3047
2313 1983
1211 2603
3037 4031
4436 1167
4812 536
4268 3790
834 1960
2963 1101
168 3300
2731 68
1054 1884
2979 373
435 2853
127 3229
315 4790
4778 2564
4465 1357
3911 4866
1228 3567
1666 2788
3271 1552
4005 4725
4395 2637
1814 1094
129 3798
3 1774
353 1577
2041 1070
2044 4619
3434 1842
3314 1660
89
1998 4096
4584 4532
4297 3492
2909 3884
815 4189
1904 1438
4454 766
4817 1382
570 4095
3050 4521
1331 4195
4804 2626
2734 2028
2022 2352
1468 1607
763 3816
863 1511
44 4054
4118 1540
4389 506
723 2944
4100 78
1060 2449
4949 3889
1515 1299
2106 1663
4031 594
3784 3204
4233 889
1352 2765
2357 2379
2032 2438
2369 4772
1673 629
633 2092
2596 1639
4073 817
4123 1051
2000 2251
2318 2104
1272 3645
3719 4670
1536 3597
650 2343
1850 4277
1476 835
3804 2573
4605 580
2036 1641
279 4975
2436 486
1664 3732
4444 2098
2943 1331
56 32
2563 430
4775 433
2809 1788
3766 2650
2794 834
2101 2601
3304 1928
1958 1371
3575 4132
1315 3062
1606 4316
4818 1941
3898 3173
1987 2746
548 1664
2308 3601
2301 1567
558 4769
604 531
140 1929
4003 4462
2953 1195
2168 848
3366 4486
402 1148
3596 1290
4322 231
2455 2266
3882 3012
4444 4060
3899 1180
1098 4118
4848 2515
1687 1402
55
4199 2078
1344 4467
1138 1577
2193 1491
3746 1187
1070 3180
3975 2234
3409 1826
2120 4280
936 4849
4632 649
2911 1248
1080 2100
943 4122
1462 482
4473 4569
1688 4037
4910 2431
3958 4650
4345 609
3972 1206
2955 4713
2434 4256
959 3053
1059 2576
3370 536
1078 170
1375 62
15 294
1298 4342
168 4619
233 2430
4293 3720
790 22
108 3131
472 28
2290 833
676 3691
3102 4021
4329 960
3947 3097
1652 4833
960 2206
4148 1013
4766 2130
235 296
1691 4097
3749 108
2527 1116
3689 3956
3919 4574
4223 218
4791 4982
670 3342
1947 1333
58
1757 437
4322 1618
241 4850
641 2064
1187 1932
4436 4558
3623 4155
4270 961
1269 1989
3503 1861
3961 1377
1383 1344
4394 4345
1390 4173
1748 2839
1329 2692
1838 4536
751 2452
3177 4953
4788 4614
4508 3828
3062 4672
2681 473
3294 1120
244 178
1883 3228
3991 2872
2209 4622
53 1200
3659 3539
2859 253
4392 3385
3065 764
4167 2042
4562 2805
1617 3579
2848 938
1187 2770
4570 2333
1794 4869
4773 2901
463 264
3244 3005
147 4182
1872 343
1750 543
3315 4006
2819 4843
1672 3518
3565 2836
4039 4087
1899 4736
2352 1816
588 92
744 3075
4626 419
2363 768
4945 4534
27
3644 1462
1244 1620
3025 2805
4743 1367
4424 3124
2386 2294
2763 3124
4003 369
1790 2830
1292 1826
2217 1427
2314 3319
444 3950
4730 1003
1137 4416
614 2449
493 787
978 2032
3586 888
3817 3439
374 962
1656 4076
2321 3836
1479 1317
2636 2500
3933 2887
3692 2918
90
1123 1456
2613 419
2963 2525
2029 4659
881 1142
1563 2996
994 421
899 721
1031 2734
4362 3066
3762 3317
1958 2229
880 2157
1761 2290
102 4098
4284 4646
3521 1537
1550 355
3179 936
2597 1745
4245 3405
3871 3859
1401 3113
4323 3446
481 1041
1904 4493
237 2008
2041 4648
1915 3039
2018 2717
3721 3414
1898 757
2511 1380
3644 1526
1024 3339
1836 4083
4846 2521
1263 1903
3699 3785
3018 2447
1074 3798
3036 450
1590 682
3545 543
2875 42
4263 4865
717 638
2868 3387
532 4847
2137 57
4668 3688
3739 1781
2636 2088
4454 2089
2649 1304
4193 661
3634 2275
1883 1575
787 1794
1430 867
804 260
503 2497
1574 668
1582 2652
68 2215
4123 563
1985 474
4601 96
2106 1891
4871 4557
835 4697
530 3886
3376 267
1121 2919
3790 4241
2084 4822
4047 2036
4952 1318
1610 1660
2994 3191
3667 1830
4435 746
1732 348
2794 3911
4202 595
2120 4742
4404 4509
4402 2534
2314 47
2560 2320
87
4111 623
1247 4144
4759 2330
4601 3357
1830 2113
3408 2525
354 1919
1776 1273
58 1420
4031 1657
3562 3083
113 2872
67 4625
4348 3860
2815 1661
4563 2911
1645 1454
1584 2748
4697 2677
822 1627
4032 1681
3453 3163
803 2644
4545 3973
2991 4867
2767 2342
4705 1102
2853 4981
3204 235
3187 294
3795 1967
4175 3303
4440 4275
462 4490
3475 666
540 1483
2173 1374
1952 4376
1245 4885
3461 1971
3410 3642
3034 1880
137 2395
1882 1556
4990 2933
4395 4710
1912 4642
233 4437
2796 3120
2241 1035
4064 3134
2075 2132
1554 4570
4407 4354
450 2811
3731 702
2379 81
352 2208
633 1945
4863 2961
2146 2199
4156 3780
4957 1764
39 3321
4755 1984
2237 1685
871 861
4955 2175
1361 2563
1809 2829
889 3088
1508 2880
3145 586
674 4163
902 776
3720 2085
295 1131
130 2365
4038 2637
1579 4888
2756 1420
3918 3105
1173 3578
710 2015
2843 4270
69 3326
1385 2280
52
2458 4675
2048 4340
4793 1419
12 997
156 381
2258 4605
404 2657
3033 4617
720 3202
3798 4008
2371 1832
1532 1651
2930 4034
997 4352
754 2409
4242 2952
4580 1116
2321 22
455 4771
2244 3549
2776 3457
1172 2789
1662 4459
1516 493
1843 577
4225 3564
3812 4103
4125 2398
2380 4613
4392 3324
3553 3343
4141 4468
2220 8
3509 316
3482 1336
4066 330
2338 92
3972 4762
54 931
1924 4400
1199 4467
1046 189
121 4341
4260 3156
3058 777
1224 4818
3182 1544
1636 3749
1181 1131
455 3266
2885 3840
918 2498
58
3694 133
4032 139
674 941
842 2801
4980 2237
66 3094
1577 2920
2188 4630
1481 123
190 552
1290 4756
2088 3242
1718 4654
3457 1524
4818 784
4698 2671
2913 4196
676 4645
719 3827
1781 2335
4303 236
3744 1870
3985 4832
1293 1302
4693 2521
4254 1565
4839 2105
2785 4454
3824 2841
4327 2939
1161 3671
2128 1273
1499 2356
1310 872
4718 542
4746 2980
3956 343
286 1413
3078 4911
2147 3846
2321 2952
1516 1909
4529 2206
1172 2181
4775 1526
2693 3735
3946 4095
4462 3744
4238 3074
1652 3800
2251 2099
4870 1220
1510 3416
4311 3194
3548 3397
3976 4759
2533 2620
68 4266
68
569 4811
749 4218
2442 1857
77 2685
2873 1959
4111 3036
2917 2374
4855 2088
2019 634
793 1748
1211 1642
1109 4376
700 853
260 4612
250 622
5 895
3357 491
316 4259
1259 3703
589 3681
4548 2569
845 4076
2342 3081
919 1880
3005 3861
1632 1152
774 230
1056 3833
2011 627
1040 3499
2746 207
3900 3767
2549 2218
1424 4973
3958 234
1902 4889
1818 1229
2571 1291
4002 4345
3987 3572
3403 2276
4022 3296
4729 3831
2836 2497
780 4110
2167 100
142 1931
1887 2775
2156 2788
3299 4536
2412 1456
4456 3655
1427 1621
924 4741
3402 497
781 1083
1594 2142
2443 1086
4682 2971
2468 1638
4339 2040
575 4597
3881 1480
2671 422
317 4892
4917 573
4618 955
1481 2179
49
422 151
5 1444
1916 1528
4330 1001
848 771
3153 4368
2184 2689
1388 2162
1676 2863
449 321
221 2153
1465 3922
1098 3674
4361 1830
2204 4465
567 2563
1635 4249
3938 4631
2246 472
3757 4186
4276 488
324 2991
480 2698
2498 2199
4189 4541
1685 2800
656 1633
3115 1182
995 4416
3645 37
244 890
4051 2466
2565 2859
292 2178
2410 3784
1193 2343
3811 3398
1541 4158
2462 4945
4973 4223
4286 3410
3906 1923
2024 4745
2727 1725
2518 1400
2362 3036
1719 2281
734 3077
4878 1447
89
3989 2241
672 4758
2629 506
4734 2483
3849 2365
2009 4971
1875 3559
2864 1429
3492 2941
2336 1755
2870 741
2377 2841
3695 2053
1307 2648
2633 4913
2641 871
1168 1226
409 960
1523 1815
2853 4872
4285 826
4041 1516
2560 222
866 4958
1722 650
2445 4830
211 4073
602 525
1492 2750
3577 2338
2113 857
3849 343
1170 2476
1116 3815
4247 3415
2234 465
606 4559
1632 3845
1971 3716
4372 3352
3348 4385
4780 713
508 866
435 1084
1493 4063
3789 78
1790 88
4648 1615
1398 4661
929 4941
4908 2739
3080 1664
1754 3792
4228 3280
4381 1028
3597 4677
2006 2123
3211 2200
2751 3716
554 3368
4908 4870
3971 2516
4346 2769
3611 3714
678 2393
587 1295
1864 3750
2137 1510
4708 2581
4819 723
186 790
1415 4341
4121 823
679 4316
3608 642
229 4439
2539 2298
1289 509
3759 3225
3743 3625
640 816
1971 331
790 3436
3115 3516
2914 3044
1405 3665
3975 1162
3745 1078
1770 2129
85
1830 4806
2805 506
1282 1580
3861 654
2143 1878
263 368
2805 3515
4785 3668
3120 3912
3387 331
886 3994
4879 2353
3847 2167
202 4556
3760 346
4809 1257
4427 1138
2340 2001
526 315
4045 1890
2948 1099
4117 3689
4701 2760
4035 3638
4584 784
3933 1953
2337 2198
544 4692
2640 23
3861 915
4921 4671
3257 230
625 4462
1953 824
1003 855
1095 4626
689 1194
195 2118
718 3948
3237 1212
3454 452
3685 2693
4399 3969
4494 3134
620 2287
538 4424
2493 3678
1497 664
1391 734
3860 274
4612 387
3782 1284
3490 761
1280 4962
3959 4944
3888 1581
805 1401
4013 1954
2930 2412
2875 1341
3412 4452
2411 1563
538 3300
2105 2869
4590 945
3655 2969
1183 3080
1613 2485
4084 4606
3313 3498
4658 2814
259 162
3316 1969
1233 805
4315 1254
1936 463
798 2339
3341 1556
300 2323
3641 3315
2072 3309
1739 2289
2257 2886
4477 2936
864 1905
98
2329 990
314 75
598 1346
2688 2578
2098 3606
4249 675
3156 3015
4600 2624
1385 2319
1136 3750
4254 174
3229 2683
3404 641
4921 3352
2355 3576
597 787
588 4257
2360 4269
326 2800
2020 4579
1199 4947
1167 528
706 323
3317 1841
710 4701
832 1167
4847 2965
650 1234
4150 4411
2441 444
1865 298
3175 803
4580 3862
2071 3860
2711 1888
4021 842
1845 3933
272 3659
3325 2367
138 2494
3624 3077
2812 1313
1229 2674
3720 2707
2578 1156
1230 75
3130 4896
2174 3961
2034 3718
1476 2881
1747 3073
2633 3368
925 3726
1331 4451
4417 2905
1958 4741
2942 4945
2909 1336
3683 4304
3406 950
1724 1362
1664 1715
4959 1610
2128 3335
1955 4592
4192 4063
1236 3431
3208 1536
2162 488
3036 1981
1539 3162
4234 3062
4000 1854
1539 2356
4226 3056
3775 4769
137 261
1973 4589
2950 200
3532 738
1929 3212
2149 1496
3930 1985
654 1684
796 1951
4715 3624
3399 1084
3520 4486
3612 2202
4297 2537
679 2711
2082 3694
1084 4140
3004 589
1072 4064
4742 767
1028 4064
4272 1262
101
1211 671
806 2775
2384 153
1719 3272
3389 1486
1142 2395
3883 2135
368 611
4742 3384
212 521
4184 417
3834 3285
2999 330
787 473
2957 1308
1440 3678
4446 4143
874 3721
1852 2468
2202 3431
2043 2861
2670 458
4303 2500
1689 4079
3382 172
637 3958
4240 4464
547 2102
772 2615
2232 210
2658 518
1853 3333
390 4851
3714 1876
716 4031
3998 685
2613 4230
3884 2323
25 2453
1317 3938
1729 696
2844 3336
2575 2284
1720 3409
2567 1192
1162 2317
2684 2129
2560 4467
4963 4183
3901 4879
4884 661
4769 23
894 1223
220 4980
2242 4513
4643 472
3504 1456
2016 4787
1640 2150
4408 4086
2860 855
679 4479
1477 2975
1260 4377
3892 3013
1290 4691
4235 2936
643 3204
3488 2707
3115 1009
2187 4486
2904 680
4385 3314
565 2333
2747 2010
1667 261
1098 4911
4051 299
1181 4570
3815 290
2554 4664
3626 1353
3017 3261
1456 687
2809 998
2346 2761
4447 3167
3432 4889
447 1531
4681 4550
1978 4981
2254 4903
4867 433
2706 3428
1356 994
3995 3299
3020 646
886 1880
1878 1500
1982 1501
4274 3831
59
2233 3754
2102 4499
3480 3258
3822 1755
622 2785
3522 4607
4526 2959
3265 1926
2173 4983
1522 4571
4025 4897
3932 2309
2768 4262
199 1358
842 3224
3203 2728
2609 2291
3236 369
1926 3557
3792 3260
4444 350
3554 2346
1133 838
920 2020
4910 2788
3678 4096
367 4212
1800 3687
4404 3283
1321 271
2386 500
2128 575
413 3708
4379 3629
3577 4180
80 3827
4807 4182
3107 3749
3274 3161
1902 143
4502 159
958 3882
2594 4019
1195 4434
4314 578
2561 420
4780 4814
949 4766
3797 663
1480 3059
4529 1046
4038 472
3401 94
3539 977
3213 2790
4765 263
317 1237
2815 35
2318 4811
30
2832 320
3551 3398
2656 4934
1712 4502
1770 601
2516 3186
3988 1294
4843 2053
1542 50
1864 1808
1813 1186
4143 1234
781 998
2914 3704
4550 2247
1133 3009
4597 1918
4392 1658
17 797
4317 3825
2081 2143
406 3750
2195 2573
4861 3075
215 4843
1131 1164
4694 2769
202 1647
927 1615
447 246
15
4899 1750
3694 1081
104 1535
1806 55
4385 678
4868 443
1568 1634
4599 3231
3293 4751
4343 400
4046 3133
518 4485
3965 249
3946 94
4487 3839
88
2568 3569
2791 158
2559 419
4054 1147
1755 4392
3200 4451
4070 2929
1966 1952
1727 3580
2727 4701
3038 510
2750 2609
614 4390
2171 2594
3580 4696
1142 3566
3948 1010
3618 733
4395 2676
4744 4513
4658 4880
4672 2608
2673 959
782 3092
2913 1463
2563 4021
3345 2553
2849 3383
2500 262
2583 4577
3960 727
4292 192
3097 4846
2953 3976
2132 3900
199 4784
3821 3554
2247 3325
329 4830
1213 1618
1187 4982
2555 1696
3762 2668
4712 258
3493 2792
1739 2417
4084 3342
3026 3653
378 3920
3359 3944
3837 4727
1340 2210
2198 1438
2757 1435
4999 1442
1677 188
4970 2098
1743 4764
4002 1445
3989 3048
4100 1996
4261 3336
1949 3127
3712 3111
2988 4294
4519 4540
1387 2244
3655 4555
3020 3269
4464 1371
1673 4147
3243 1634
2783 1
253 3653
648 3102
1966 4020
2346 2985
4364 4289
2195 645
948 4051
1358 2962
1023 3346
4613 3050
4569 2516
2829 3158
2834 4774
3140 2486
1925 3184
79
4310 2205
465 1767
620 4438
4211 1033
1753 4804
4067 1467
2030 4084
4384 3683
2974 3943
2451 2006
2771 4667
4188 965
2417 4202
3177 18
2962 1275
201 3886
902 1903
3430 1397
3090 2361
4732 4750
4364 2404
4104 3714
1356 2666
4815 1137
4823 2231
3520 3124
2248 4913
3650 1786
1194 4929
1856 713
3131 4519
423 3665
839 3425
2135 1963
904 4480
2256 1475
4411 3770
3220 4897
4282 4483
655 44
3931 2913
1872 2255
3721 3563
3290 962
1667 1984
1768 95
2674 611
3251 3967
3262 3191
2751 2171
1080 1213
1252 1538
2179 4042
747 1473
3469 3398
3506 586
854 2550
4790 2319
2223 4375
1715 112
2418 170
2332 3955
2449 2430
475 4170
454 1553
3128 2239
4575 1661
4880 30
4382 3532
1204 1825
2359 3309
4706 1633
4968 738
1852 3257
2816 3056
4243 818
838 243
4921 1868
2007 1222
33
1921 1770
2353 2039
1669 1059
1249 4317
4489 3544
4080 1216
2016 3948
2514 957
1172 3512
489 3248
2125 732
852 1600
4000 1088
2444 1051
4140 3623
1792 1949
2053 3303
4438 1204
4350 4499
4891 888
1347 2395
2762 1199
3099 4397
4748 2614
244 1165
4722 128
48 276
1145 3572
4878 1022
4763 4793
3557 88
2708 1874
3168 1944
25
1480 4140
3302 1397
4027 4102
533 4174
1058 3823
3386 1234
3884 2792
3211 2030
2089 1732
1022 195
2341 73
1432 466
2836 677
3104 184
2527 2281
4631 4442
3897 4543
647 4780
1967 269
2884 4667
2125 3211
1089 2940
355 2793
4260 2085
1072 75
19
4721 149
2295 943
4119 839
3904 4595
272 683
3591 2858
3055 3936
4471 1129
432 4781
2432 721
4087 177
1760 120
3554 2275
4670 535
4089 2097
1325 4240
3962 1102
1636 86
1354 1802
51
689 2899
3074 3543
2659 1312
1892 4573
1158 502
4556 1222
629 3240
2305 4513
868 1203
3419 4845
3875 1107
175 3793
1575 2627
4630 2985
2162 3568
4598 348
310 444
2747 326
3712 1365
855 1652
2111 2683
2601 1022
4585 623
803 760
3270 2024
1838 4494
2312 351
3978 1289
1914 1642
456 4115
2373 4305
4817 150
1217 4298
598 4348
1534 980
4855 2248
784 281
1478 825
3290 3423
1429 2056
497 3120
351 4284
1120 2588
3076 1553
2934 872
1367 3445
1740 3800
1312 1440
1801 1289
4660 3469
2014 3998
68
174 827
1218 4610
665 288
4558 3155
3349 3784
2358 3314
3011 2526
2806 775
4105 277
11 4287
854 3665
804 977
2853 643
2774 1052
2427 1439
3602 1116
2899 1484
3414 1026
2430 4354
3970 1987
1804 4790
3698 1357
1446 585
843 1360
801 1355
538 1218
781 4982
4369 2468
4874 48
3287 1191
257 4996
1533 2247
423 1999
2246 3281
3560 2679
3587 1796
1722 244
4373 4777
1546 2085
4512 3577
1318 4679
2283 4619
461 1424
3434 4606
3727 4659
3405 2452
1906 1087
436 1575
3005 4257
4147 4910
4507 2604
1000 1082
4172 2356
1755 1070
3792 3794
308 2884
4899 954
4924 2994
3364 3795
2292 501
3284 4129
4996 1551
766 571
4144 1886
224 168
1376 1065
6 320
2640 4052
17
2138 1447
4328 825
3957 1286
4095 887
3454 2012
4125 1312
3184 634
1348 2914
1699 162
4292 1937
2978 563
3694 4739
1969 1766
2195 2335
3432 4234
858 2932
785 2997
81
43 3971
1693 3347
3713 785
2300 3515
335 1657
4168 645
3884 2694
3170 739
1328 4200
3638 4829
4467 595
3175 2715
2780 4018
4586 378
3214 1975
2754 777
2808 173
4612 1679
2550 3934
2385 3723
4894 4902
2738 1932
4937 4008
4860 815
2570 4589
2925 4328
1214 3949
3162 926
3922 1706
3946 3087
4510 4844
493 1138
2928 256
1972 854
3420 1007
4651 3891
4707 2133
4624 171
2344 1956
3877 3880
3923 3553
2868 1567
966 2943
504 77
3372 2549
4561 856
4246 486
4965 2952
2586 1808
2570 4575
1483 1786
3824 4017
3996 2629
1579 1036
4661 1731
2449 4656
303 2862
2280 943
1789 438
707 153
4779 1161
1732 2982
3215 3905
2902 2958
3474 3470
76 2630
2875 4757
2678 2347
2190 4846
1824 1545
4667 544
1316 1269
4438 3141
1773 4710
1075 255
4532 4561
2677 727
1974 3626
2940 3576
2558 3469
4750 4061
87
1805 3803
1568 2818
3657 4441
707 4609
901 80
1752 424
1195 2870
1157 2003
2833 1549
4409 1729
4941 1913
642 2915
1009 677
4981 97
1336 3291
2568 2341
1820 1495
97 1691
3048 595
2989 444
3593 2368
4736 1389
4011 2216
2357 4864
3371 1013
2167 3928
2933 2989
3811 1450
2166 3801
3838 1127
2031 2215
1702 2688
721 3627
2978 1133
2396 3122
3286 2878
340 198
1934 2185
4968 4422
3594 3117
1883 1772
3793 2156
315 4062
423 714
935 4462
2078 2703
1393 4631
3480 3048
3743 468
4947 4449
1695 4962
2374 4726
4811 4504
4308 2755
3911 3462
266 344
4680 3791
4663 1178
4093 3547
3979 1766
4409 4780
46 4313
3424 1276
3989 4369
2882 494
4803 1882
450 4885
1220 3853
2054 593
3042 3388
2095 1305
3006 3718
4548 4858
1988 1387
4345 3770
2986 3484
25 3831
2306 2877
2738 3676
3944 1494
2535 4024
43 1606
4494 2440
3789 995
1453 933
2915 2018
1661 342
33
1281 3013
380 4285
460 4096
1758 4256
4861 2254
115 4659
807 1291
4975 1428
2100 2929
4184 2787
1503 4090
3651 3418
4243 1175
1754 1356
1597 3924
4159 1043
1385 78
2270 1387
1390 3402
1001 1576
197 1397
3802 3312
769 1311
3978 3656
2366 4324
2567 4635
2614 3913
475 437
3780 1531
4492 4405
3157 2410
1303 1781
4579 4582
25
3349 2057
1631 4506
453 3162
836 314
1713 4353
1274 3315
4692 1829
4296 2310
1642 1289
3089 4751
366 4126
2735 1571
1061 2793
1073 15
2745 3907
2958 1992
820 570
2784 4752
2285 4910
3142 757
1622 1603
1304 3749
1341 3277
4032 254
4601 3099
66
1852 3978
3489 3673
1188 978
801 884
3560 4492
236 3284
4307 772
679 2877
4540 4942
3750 808
149 1235
3832 4015
4999 2379
4140 321
4126 3083
674 843
281 3550
2002 366
2900 3173
1187 3073
2773 2956
706 2754
1012 2767
2105 2964
983 986
2097 2600
2814 3145
531 1234
1764 1505
3225 3090
3277 3843
917 2556
2733 3279
4456 1285
140 2868
4806 953
1801 1944
2524 2212
2679 1822
1185 3605
1008 526
4065 3075
2029 3755
1955 849
732 1851
713 955
3813 4761
1837 3741
3975 4438
3151 71
2979 2770
3794 4641
4299 740
3400 3474
1168 1495
4426 1837
3760 577
4187 945
1211 1368
3403 4554
1875 749
3200 1691
2602 4921
1913 1109
2848 2075
2770 4166
37
3435 1920
1438 1979
587 2340
2883 2094
2953 1759
3034 1299
203 2384
917 607
4265 3730
4560 2186
688 4076
2256 1519
3138 4073
3523 1104
526 3998
4391 4989
3069 408
4021 908
4793 3230
2947 1777
2809 322
3507 2415
2455 4132
228 3128
4776 4388
887 231
3824 100
4589 3556
317 211
2586 3683
4634 318
2829 2269
778 3741
4379 482
659 1159
3375 1054
1089 1549
98
1745 3268
3675 4571
4227 720
8 546
4841 297
3921 3876
3259 2270
2312 2340
4962 2388
3235 2486
4937 1353
3328 1712
1066 942
4160 3805
3566 2039
3418 4456
2314 2757
1870 1653
305 1671
439 1166
3479 1251
422 1745
2257 824
1506 2410
1449 41
2766 2043
4135 2036
4686 4839
2767 4444
4447 3855
1225 3610
457 4443
3994 1704
2005 2049
3536 4617
788 340
3571 747
3163 4546
3267 1527
3415 4108
1912 1341
1035 2679
1907 4048
1871 2501
3802 3549
3074 401
4990 1551
2131 4251
3007 3370
1498 3933
250 3893
2298 2873
2599 225
792 2493
1815 4351
1437 2894
3956 4473
2610 4992
232 483
3653 3090
2074 535
1625 1641
1139 4254
1934 4871
1174 2574
4469 3564
2159 1962
691 3231
626 4843
1483 1179
4659 1610
1622 1188
4493 189
2096 2691
91 3116
792 1118
110 2324
4491 1938
2468 1281
3686 718
615 1559
3747 3793
856 639
578 1184
647 2385
38 1041
1846 2091
1953 4840
3736 3564
1383 4903
1449 1744
364 4883
3825 2858
4325 422
4434 1492
4388 2698
573 1656
1977 421
15
1690 3878
1416 1382
4574 933
4511 2790
3572 4684
2046 1624
731 9
2041 3587
968 4945
2343 3807
1809 72
3392 88
3705 526
1644 4367
4670 1536
46
4154 4958
4840 2579
2045 2803
3414 798
3051 3926
3377 1822
1541 3373
3168 3200
196 3347
1565 560
2416 2711
44 3090
1940 2806
3518 247
4954 370
4801 1374
542 862
4373 1144
3939 1189
4622 131
760 4997
1241 3394
1243 4354
1919 4195
2430 2013
484 1818
1947 949
1946 3802
1769 141
3029 3340
4140 2532
2289 3338
458 4490
3067 1
3718 1436
3905 3247
2193 68
623 776
3991 2893
4879 3896
3810 2027
3148 1625
1616 2636
3789 4653
4145 4683
4177 2547
68
1333 4984
3127 60
3241 2903
3640 4404
3871 2485
423 1771
3554 1186
2392 2740
4695 2121
275 3383
660 1739
998 4061
4814 2679
3487 2577
2027 4607
4267 2144
4070 413
714 1965
2809 2964
4227 2453
506 2220
664 4444
995 97
2907 2540
1033 1397
3066 1586
2806 2037
3553 2436
376 3036
4603 4061
1748 1091
2342 2468
3368 2343
1846 4771
1415 292
490 2262
4665 4500
752 4483
407 2345
4244 1220
1308 2802
1367 3202
4468 3736
2807 1795
4017 2917
2187 427
1762 3348
1976 6
1642 3313
2835 3833
2080 667
2417 885
2259 4397
4218 1751
4251 1077
3509 4512
1349 4842
1080 4803
4072 2307
1899 3067
2901 3070
2061 4221
1896 576
2186 3872
439 2872
1740 4286
3444 1233
14 4885
37
2234 3331
1678 2155
382 3945
2697 3095
2476 3836
2200 2923
2460 3826
4237 1588
1724 3515
1398 3295
1726 4509
3842 3956
1020 3093
2930 2484
736 2863
318 4727
4886 1311
2413 4539
2767 1868
1912 2410
407 1301
66 4195
2229 2027
2746 214
1785 4763
3234 588
4638 2847
801 3892
1986 1410
903 1603
2217 2811
142 528
1282 868
453 242
1787 796
2057 4438
4195 337
77
4513 4284
4172 12
3699 1159
2635 2745
2496 2474
3111 3566
558 49
3238 1982
4719 3554
1927 3323
2876 1687
2901 3670
1817 3746
4467 3761
308 2552
1866 3630
2916 4619
3607 1009
681 4872
509 2637
4059 2227
240 3990
3855 2459
4980 213
4178 4305
902 2516
4658 1507
1508 4894
3359 4554
2072 167
245 1520
2892 550
960 1093
462 1297
4923 615
4093 3060
4061 4917
4931 736
3138 2877
3197 1405
198 2786
3638 4338
4827 1578
2155 1751
3630 2418
1199 2149
2703 3376
457 2518
4575 1420
189 4933
302 4317
1301 4752
2000 4102
3677 1645
3705 2823
2365 94
2908 596
3425 253
2166 4644
2017 2888
3777 701
314 3147
1384 4806
2596 2491
2995 4550
3763 1077
1191 4156
3195 2513
573 1607
279 1241
3092 2496
116 2455
2775 3538
3547 2718
2232 1036
2851 4614
977 1606
30
2951 34
2735 618
159 1429
3278 622
549 1426
3122 4645
3539 2381
2173 43
3899 1316
3993 857
2 3700
608 4782
1947 2328
4063 2270
1552 2516
1795 687
4640 3969
2025 1078
921 586
2841 332
4927 4281
1480 3372
2241 2786
3579 2861
3614 2986
1501 4482
369 4100
2902 3485
254 1959
3382 484
16
792 2077
4764 1105
560 1765
2837 4721
2870 4596
1706 2924
96 4260
3150 224
2818 666
4800 2357
3373 439
554 4198
3374 3217
1023 1759
3699 2844
2735 2438
57
169 4878
1698 1406
198 4744
4515 2714
2167 2100
4036 2004
714 1251
1827 3540
2759 3040
953 2801
2643 481
3810 3731
1189 2873
2004 4857
2163 4060
676 505
2301 2221
337 1726
542 2784
1376 4522
1489 1229
657 3150
255 2127
2840 1405
4154 4861
4396 3849
506 4023
43 547
3807 226
4696 400
1613 4964
4196 2624
2827 82
424 2363
4605 3472
141 370
1260 3409
1529 2544
3913 2098
3839 1740
3835 300
3224 947
1000 4647
3793 1406
4703 1023
2196 1974
3758 1202
1549 61
356 1243
48 4211
526 1088
3707 2305
4907 768
194 3641
202 4352
3474 3849
348 4446
52
4014 4196
3652 4289
1281 892
803 1372
576 2
2156 4083
1601 434
4508 4945
2671 72
1161 4952
3251 1262
3427 2100
4176 18
1501 3768
2255 1201
1042 806
3577 1752
3999 4123
3468 1515
3291 2279
2319 917
4170 2959
4866 3831
4658 3428
2204 4453
2571 2590
1058 526
3879 4925
1944 1275
744 4120
2377 2964
1023 840
3450 110
4383 1546
2518 1657
2573 3435
3773 2872
410 2237
927 218
3291 1757
220 3548
4887 3202
2917 3930
3340 1727
2150 497
4511 342
1833 980
4131 3099
3142 2206
997 4008
296 2620
2921 4603
99
3439 1894
2373 1503
2746 2262
339 1457
2163 1489
4827 851
2863 523
3442 707
4135 3500
1147 330
1446 1629
2025 4901
3065 1226
1870 4347
4888 836
2025 3625
3388 4141
116 2317
1267 2075
3828 4618
561 2915
3179 4023
1058 4464
2460 2636
2156 3938
3841 3004
1974 4457
3681 3707
2954 4205
3354 4639
2864 4423
3856 3198
1868 1453
4652 3743
217 2871
2969 3260
1491 2691
4494 3363
4480 3014
4083 806
1046 4017
2463 2455
1902 2201
4202 4831
4739 1834
1146 4428
3439 4369
971 2148
856 4797
2538 208
2283 2764
4190 2252
4098 4621
4170 4701
4595 4434
2282 72
4395 488
2728 2443
1916 3333
4382 4655
892 2805
526 57
3721 3496
1199 2956
4791 2570
3566 3118
216 3454
3255 1412
1941 1088
2344 3666
2864 2679
3345 1763
2594 255
3601 4045
212 4893
387 511
2599 4172
2386 2801
2305 2276
3932 2584
2180 574
1890 2782
871 1118
504 1711
4747 1893
1174 2341
4772 3700
899 955
404 370
1805 3264
32 1587
2058 1163
1462 3862
4254 2949
2600 3793
1707 993
2372 4864
3379 3623
710 1344
72
1961 1275
4732 224
3521 1554
2736 3206
773 4805
109 3270
459 3127
4634 4749
1867 2451
2481 1795
4390 3867
1510 686
3233 1626
3520 1477
2454 529
3497 2639
4533 4438
4742 2931
2656 2677
4485 3604
4261 4568
3205 761
2389 3756
4809 3966
2438 2668
3455 2713
4983 3698
1691 3967
322 2344
3649 4585
1822 2800
1440 4279
334 2561
4754 3564
3850 1562
944 3531
2967 3632
3633 3126
3788 1215
1606 388
3431 767
4782 2602
1582 4966
3343 1181
763 3588
4948 2803
3804 1859
1068 868
798 4953
552 4108
7 3834
4517 1915
4247 284
4475 1033
4141 4679
2525 2926
2965 706
2640 882
2294 1003
4662 905
563 3085
3801 2115
2325 4856
3578 897
309 1542
1520 4793
273 4420
871 3932
2367 3993
4485 4635
4005 114
3794 2476
61
1775 465
4520 724
222 1901
3753 3881
2195 77
850 998
1479 4095
2746 3860
62 997
3170 1928
1256 2598
508 91
1903 3895
2116 3922
4799 4130
1084 4978
4124 4879
4776 3359
2222 57
681 1554
1531 710
69 2119
1201 4885
2081 1910
1140 2632
4747 2802
2300 3544
1332 2297
881 2916
3692 171
3323 3165
883 4038
3470 4712
3267 1016
412 1920
4869 1493
1306 3282
1507 3793
4851 1836
2922 3714
2103 825
3871 2833
1783 3642
4783 926
3313 2710
1806 504
4397 1452
2299 3703
773 400
4816 2204
1942 2697
912 4877
4944 4306
4463 4436
243 3455
1002 4921
745 4252
1855 308
4130 1485
3439 2342
3237 1447
90
1723 80
138 4938
995 3401
2399 1097
2932 4792
988 1653
69 429
2283 1699
3034 4731
522 4559
3348 2510
1709 4126
1317 2209
2942 2648
334 4428
3676 2980
4853 1669
3678 3370
827 4497
2308 1972
204 2165
3812 3258
4392 4827
1314 1047
313 3001
1171 3959
165 4419
4259 777
2438 254
207 1461
990 2300
1550 1237
4847 3298
1062 586
1932 371
2975 866
1953 4022
2452 4702
1335 1330
2396 3121
357 2689
3410 1371
2259 626
4714 2353
777 2864
2509 461
4140 2835
3209 4832
2273 3675
2691 119
207 2776
3716 138
3282 322
565 4253
1150 614
897 2034
1991 4631
3373 3650
3475 29
3407 3440
2781 783
4788 3428
4512 4709
4176 2288
689 2596
2854 2385
2227 4533
2438 1408
1839 2321
4271 155
3339 875
253 3136
2061 2711
3613 3278
4726 3445
1920 1493
3951 653
2267 4969
991 2832
4754 1883
2535 3213
1387 2303
2954 2115
2556 4430
335 4959
4821 902
3464 196
912 3465
1408 716
4224 130
70
214 3641
3446 3245
2174 2063
3524 3835
1312 3049
4262 4487
1778 317
816 4460
3637 4529
3524 2052
2624 8
1508 1524
4254 1440
4515 3360
799 4301
983 4638
3134 1119
814 998
96 3314
873 2913
1303 4615
68 1019
3987 615
3930 1220
2601 2087
1100 3497
3906 2841
4039 823
2308 2781
334 3137
3095 4148
3391 4680
524 2334
2870 4450
4508 2347
2332 2117
3345 650
653 412
3786 2696
2047 4968
1189 1707
3739 877
1825 1057
2988 787
4129 2914
1482 4478
3723 2836
2929 2156
3386 211
1244 2728
71 117
2298 3658
136 3412
3822 1614
2948 4732
412 3739
2839 2320
2446 1730
4810 347
1698 4959
1906 3210
549 1868
393 3268
630 2599
3771 757
1750 266
2374 628
4238 1769
1706 1055
2664 4686
28
2620 2171
4312 3469
4415 3373
2688 771
4567 2990
870 2555
3407 1684
1213 3168
2904 4419
1911 2092
588 3477
608 6
2771 2587
2118 799
1751 2628
3015 3850
2775 4018
615 1427
1531 2726
2698 4607
4141 4398
4233 313
370 529
3431 3999
4614 1898
2960 938
1697 4500
2734 220
17
2838 110
4437 2535
3461 1737
2010 422
3582 1371
1936 3675
679 2684
2890 514
4366 4416
277 1304
4396 1182
247 2031
2113 4831
4313 3455
2002 3065
1765 1965
2397 4581
0