1234
153
370
371
407
201
1634
8208
9474
54748
92727
93084
548834
1741725
4210818
9800817
9926315
24678050
24678051
88593477
146511208
472335975
534494836
912985153
795325243
600767114
806352998
968135230
781572920
212587619
513340301
253970927
472796047
768123641
697675907
388657684
58638436
655900912
447582662
990439828
509279473
735732707
760271959
164916594
880436215
942273657
226099067
443688834
861410879
316644573
144212050
87497581
55449477
518821730
717122327
892483461
617723642
5111071
829208648
102287825
532389275
383368428
768015718
243158416
647255240
803523279
753039500
116233863
116084878
771837926
595699146
627270905
172523780
975600277
0
