72
4 3
2
5
4 5
2 7
6 5
5 4
3 2
1 1
1
3
2 2
3 1
0 2
32 90
2
21
92 35
30 7
55 43
90 82
44 95
47 48
45 54
54 10
77 10
63 71
86 3
66 99
16 33
58 74
41 9
43 97
29 32
69 34
93 59
97 9
46 32
75 73
36
1
7 87
37 32
42
22
43 92
51 4
64 14
17 69
37 75
74 83
30 1
36 6
43 74
32 44
70 17
97 52
32 54
93 62
58 89
39 22
46 97
93 46
14 68
79 1
43 58
93 34
14 4
1
10
49 17
47 12
45 33
43 56
17 42
57 90
8 20
90 36
16 55
84 19
57 76
71
22
45 32
13 99
83 9
11 89
26 12
18 30
61 69
92 55
95 41
90 7
65 37
60 5
44 57
1 20
1 24
98 88
32 97
91 1
48 84
43 10
50 34
62 25
38 18
3
4
19 12
19 17
30 17
56 55
14 77
78
15
20 3
95 16
4 2
99 46
61 80
17 88
41 47
83 43
68 15
18 42
20 50
27 93
46 25
67 46
83 83
44 89
5
9
95 66
67 53
10 57
37 41
54 2
55 1
19 70
23 8
30 12
81 88
5
18
99 20
71 96
15 15
4 38
56 56
29 40
20 35
47 54
63 14
86 79
83 28
1 72
35 74
34 11
42 57
42 70
14 14
50 59
53 47
98
25
76 57
51 76
78 31
41 29
94 97
96 40
45 88
20 11
26 74
42 92
22 83
58 97
34 7
17 23
75 26
10 5
70 84
70 72
28 42
51 6
67 74
40 18
95 30
13 14
29 37
72 45
78
23
47 79
4 66
10 88
70 78
38 51
87 47
23 70
27 8
81 84
59 70
68 69
32 63
44 4
50 83
11 52
91 32
86 86
41 84
20 57
99 91
31 28
61 60
52 9
87 24
81
25
92 34
45 9
2 87
5 68
15 4
58 62
84 92
68 81
85 96
85 93
84 94
75 44
66 50
27 55
57 69
35 3
71 21
82 96
23 20
39 18
75 52
27 5
59 53
49 47
61 57
4 8
70
25
52 7
3 69
69 92
43 30
24 99
76 79
29 48
99 61
36 60
82 94
28 87
75 33
70 54
15 85
29 1
25 99
51 66
88 2
10 90
64 17
93 67
86 85
13 40
39 88
85 80
23 86
22
10
55 51
78 58
51 70
78 37
16 19
34 59
58 46
62 37
27 91
82 24
39 47
32
6
89 63
6 23
29 94
50 89
4 6
5 24
55 39
25
16
5 10
75 66
14 84
35 39
31 92
58 20
52 54
77 41
63 82
93 87
45 56
27 90
71 75
71 90
12 90
97 61
41 32
57
23
38 63
43 96
14 64
17 50
65 22
24 65
69 33
88 30
75 68
25 72
57 82
23 56
20 91
68 96
67 41
12 60
81 30
56 53
4 82
93 51
33 70
64 11
59 93
45 61
82
11
1 13
2 18
15 13
78 35
50 41
2 81
47 52
18 81
74 94
33 72
35 77
56 85
67
18
64 54
8 74
59 92
28 1
50 94
21 92
92 66
80 98
77 50
15 24
47 88
6 38
29 53
68 63
68 24
27 40
40 49
10 55
70 15
80
16
24 73
76 62
46 61
12 72
21 53
43 58
3 20
99 84
14 54
51 58
30 7
17 72
22 36
61 9
50 71
94 97
24 26
61
1
84 81
87 54
87
7
27 45
74 42
59 33
29 51
10 62
9 53
19 43
72 95
80
3
85 53
12 53
63 46
25 47
68
20
38 68
68 77
92 65
52 14
23 81
1 93
66 19
61 93
89 86
43 37
93 15
34 90
72 59
27 35
25 2
41 15
41 48
22 74
4 12
74 71
30 72
32
18
32 13
80 29
75 67
34 64
84 52
48 26
13 96
67 1
27 21
72 98
16 70
90 76
37 87
25 95
36 33
6 80
19 32
78 81
72 14
65
12
27 41
35 7
3 62
24 41
17 77
1 98
88 22
39 15
15 49
96 68
32 71
56 85
99 32
4
1
45 47
38 55
36
15
85 27
84 33
63 60
65 81
58 52
66 15
77 81
9 18
16 29
98 38
14 27
82 51
14 82
78 17
12 34
37 86
95
9
66 74
66 48
18 88
3 95
4 57
16 3
78 29
60 97
78 77
39 18
51
15
70 2
86 7
84 99
29 20
20 14
87 28
35 83
27 46
25 77
77 48
86 91
2 59
5 9
70 20
33 47
3 74
97
10
64 68
68 87
74 24
10 13
74 61
18 30
6 72
51 91
48 30
11 72
44 1
63
17
41 69
20 8
67 85
63 6
93 13
77 45
89 38
26 54
47 99
83 42
40 59
52 9
20 86
25 87
86 86
78 93
80 45
15 52
1
14
7 88
86 27
20 60
45 91
91 24
12 7
10 55
5 19
19 58
7 82
57 66
36 88
3 28
47 3
67 13
89
17
20 60
84 69
86 14
85 9
38 91
27 69
11 97
48 52
44 62
85 45
64 91
68 61
98 93
68 9
89 43
13 95
54 12
10 65
47
23
37 21
6 31
28 4
75 73
87 58
3 62
51 89
14 14
47 41
74 14
40 7
59 67
99 67
69 75
42 91
55 96
62 81
3 65
43 82
60 90
48 61
2 71
79 94
25 74
4
16
9 20
57 38
94 8
81 23
39 24
72 56
52 83
88 9
48 52
73 86
98 34
42 96
43 24
65 23
62 72
66 20
17 83
77
17
21 34
19 8
85 65
85 86
69 5
65 94
72 6
38 61
23 5
70 89
63 69
81 75
88 28
64 46
9 59
83 73
8 98
12 19
53
18
94 88
52 1
25 63
72 56
4 15
48 83
73 7
74 29
20 8
59 13
75 40
87 90
90 41
92 86
99 28
27 58
22 23
63 66
67 16
63
13
81 13
60 71
7 12
89 27
37 71
85 60
48 15
53 24
71 96
72 48
53 13
4 43
36 55
11 78
28
6
63 90
4 11
39 73
61 65
38 74
94 13
35 51
80
15
20 3
89 68
75 55
33 47
89 79
21 24
79 69
86 67
64 11
55 90
16 21
3 50
87 25
2 17
9 72
46 41
45
23
74 90
34 35
53 90
36 95
11 76
37 99
61 63
66 96
97 38
52 61
68 40
35 86
49 86
42 47
7 89
96 9
10 11
3 24
19 44
41 61
53 26
90 75
29 73
75 26
54
16
52 87
78 79
6 96
42 71
92 56
54 84
20 80
43 72
69 4
50 9
60 83
42 81
5 81
48 27
69 65
74 47
3 25
97
12
42 76
45 49
54 22
37 39
9 90
21 69
65 62
93 2
88 21
74 84
53 53
95 61
27 8
63
7
38 66
22 84
68 12
90 29
43 66
34 59
29 62
53 57
19
17
13 78
58 5
79 34
52 50
3 11
28 28
92 50
52 53
2 27
67 49
26 32
21 58
95 16
23 34
83 52
11 28
83 18
97 77
67
1
21 85
24 26
16
21
72 6
5 21
10 83
43 1
29 84
95 24
34 3
51 75
99 83
5 34
43 92
25 40
55 15
16 57
92 67
36 13
10 53
88 70
31 17
60 58
32 74
55 36
87
22
41 88
49 25
55 6
47 41
69 20
16 19
7 16
1 35
22 9
34 73
20 29
99 88
95 42
47 49
60 84
39 98
57 87
4 87
87 59
11 91
65 48
92 42
18 58
81
13
65 48
87 56
37 14
55 98
67 21
78 57
96 10
90 85
81 87
15 95
71 98
25 85
52 39
48 7
1
21
5 83
50 94
96 38
52 96
56 13
58 96
40 27
79 37
2 41
21 64
13 20
61 80
61 90
43 8
73 56
99 39
87 1
35 12
20 69
24 71
6 58
41 62
72
18
4 52
92 21
20 12
26 79
22 66
70 70
22 78
25 28
20 81
9 2
36 91
54 84
51 10
36 31
72 94
50 13
61 80
92 57
92 78
16
6
27 73
50 64
77 18
38 50
9 81
28 74
40 36
33
4
6 51
97 47
5 40
91 97
3 32
75
5
78 3
36 77
38 31
17 27
96 75
61 13
29
10
34 5
5 59
73 64
92 37
20 8
67 53
69 67
52 25
20 69
7 29
28 53
77
6
43 61
82 41
53 41
43 96
80 27
29 53
24 26
30
13
73 22
55 93
8 10
87 69
61 14
72 24
8 36
50 2
94 39
17 20
27 72
2 94
48 15
66 58
56
14
71 90
90 43
97 83
87 40
59 54
87 25
44 52
17 42
70 39
51 86
71 1
25 4
33 90
12 44
35 5
54
24
52 84
15 37
24 48
50 6
74 92
94 52
83 80
63 40
60 82
4 61
56 72
73 59
32 67
18 98
68 71
56 66
51 23
74 94
22 96
88 21
27 42
14 56
62 39
90 39
21 72
44
13
2 19
51 42
73 89
64 57
50 89
89 59
8 11
9 65
84 82
40 54
91 4
83 79
25 80
90 61
90
18
35 48
98 47
24 69
94 81
8 90
2 85
51 97
45 83
15 35
43 13
93 62
59 4
94 5
44 36
11 62
70 93
73 93
64 23
31 27
18
9
65 84
50 64
92 81
30 12
40 8
11 32
58 62
37 42
88 39
11 48
4
25
49 29
32 68
58 21
5 91
53 67
33 37
53 19
48 54
69 35
4 67
90 71
70 51
97 18
13 84
20 91
87 33
78 42
85 28
41 85
39 70
12 23
16 4
81 96
62 13
22 77
58 18
94
5
66 70
77 34
56 50
2 90
37 88
63 72
24
19
56 6
28 17
32 99
61 10
2 91
61 1
40 88
75 93
49 29
71 16
42 80
9 12
33 26
95 44
90 18
52 84
87 16
20 50
85 34
13 92
77
14
27 62
59 51
82 87
87 92
82 87
90 74
18 55
99 13
8 85
67 16
78 81
25 78
38 78
20 5
62 54
80
23
20 75
95 28
24 14
44 88
38 93
27 14
82 57
52 87
67 84
30 90
78 14
92 18
55 92
77 3
24 2
43 28
90 35
79 65
58 96
26 26
1 86
73 63
16 19
85 76
9
24
25 37
44 62
6 36
87 76
36 1
6 12
76 76
46 43
17 49
97 1
83 80
36 52
46 41
69 78
37 37
5 5
71 72
33 14
71 67
74 1
39 69
12 92
77 83
15 17
84 10
67
6
77 89
71 40
81 87
4 60
4 18
81 65
