9 1 1,0,0
36 4 5,2,0 1,2,2 3,1,2 4,0,2
25 3 2,1,0 1,3,0 1,0,3
25 9 1,2,0 2,2,4 0,4,0 4,1,2 4,1,1 2,4,4 1,0,2 1,2,4 4,3,2
9 3 0,2,0 1,0,2 0,1,1
25 1 0,1,1
16 8 0,2,0 0,1,1 0,0,0 1,3,3 1,0,0 3,3,2 1,1,0 2,1,1
4 2 0,0,1 0,0,0
4 3 0,1,0 0,0,0 0,1,1
4 4 0,1,0 1,0,1 0,0,1 0,1,1
4 8 0,1,1 1,0,0 0,0,0 0,0,1 0,1,0 0,1,0 0,0,0 0,1,1
36 7 5,5,4 1,2,5 1,0,0 4,2,4 5,5,5 1,3,4 5,5,4
1 5 0,0,0 0,0,0 0,0,0 0,0,0 0,0,0
9 2 0,1,1 0,1,2
25 6 3,0,3 4,1,2 2,1,3 4,4,1 4,1,4 1,0,4
36 8 4,3,1 5,2,2 0,0,0 0,0,5 2,1,5 4,1,3 2,1,3 2,2,5
16 5 1,3,0 0,1,2 2,3,2 0,3,2 2,3,0
64 2 4,5,1 7,2,7
49 1 1,2,1
64 4 0,7,3 7,2,1 1,4,6 6,7,7
1 5 0,0,0 0,0,0 0,0,0 0,0,0 0,0,0
64 1 7,7,5
16 5 1,3,2 0,1,3 2,1,1 3,3,0 3,0,0
36 3 4,5,2 2,5,2 5,0,2
9 7 2,1,2 2,1,2 0,2,2 0,1,1 0,1,1 0,2,2 0,2,2
9 9 2,0,1 1,2,1 0,0,1 2,2,2 2,2,0 2,0,2 0,1,2 0,0,0 0,2,1
49 2 1,3,1 6,2,2
9 8 0,0,2 2,0,1 0,0,0 1,0,1 0,1,0 0,0,2 0,2,2 2,1,0
25 2 0,0,2 2,3,1
25 4 2,3,4 0,1,4 4,0,4 1,4,2
16 4 3,1,3 2,1,2 3,0,3 1,3,1
0 0