96 64 29 56
85
16 182 30 25 180 32 181 49 74 204 252 45 202 170 29 49 152 79 202 147 120 220 125 244 47 212 85 189 12 32 74 30 106 5 106 166 191 249 230 155 187 61 60 94 255 142 182 171 94 246 215 3 158 89 106 61 50 225 156 11 215 210 111 248
209 205 249 216 140 100 237 95 189 128 125 132 46 226 96 92 70 165 37 174 185 171 73 219 241 77 109 56 238 166 22 161 150 221 166 88 107 183 138 21 91 47 190 232 89 193 146 188 243 241 24 104 73 171 157 142 215 2 83 79 247 149 150 230
196 228 4 198 210 244 240 119 173 211 196 54 208 185 105 105 77 178 17 12 205 250 17 151 128 229 215 8 120 112 152 61 175 49 139 139 250 216 188 32 124 239 82 124 164 55 185 92 133 28 11 164 119 80 79 112 240 10 139 116 162 201 148 47
64 28 198 149 62 193 15 91 225 34 22 222 49 161 21 19 138 190 148 224 65 62 106 246 66 136 165 99 126 221 234 231 118 142 24 94 112 19 244 101 2 167 131 53 87 123 37 253 75 153 91 74 226 242 211 133 18 38 186 60 73 57 176 17
148 19 37 48 243 14 191 88 22 144 178 235 177 138 156 232 166 114 86 125 94 119 210 20 236 180 112 95 109 169 180 148 129 31 250 13 149 116 78 238 198 246 18 157 102 234 85 10 235 55 147 181 166 16 150 34 215 43 168 183 153 38 249 59
206 33 115 125 110 161 82 131 150 23 240 95 125 58 11 235 43 113 63 219 132 224 98 189 255 84 240 200 9 4 41 100 248 132 173 144 33 179 133 16 18 54 201 194 171 235 39 231 200 163 131 57 208 135 22 58 138 27 88 242 59 75 245 29
151 82 177 75 139 60 7 97 216 246 36 54 177 20 107 123 149 99 111 123 82 155 50 53 142 33 130 23 5 172 144 67 82 82 239 4 109 70 172 248 16 26 83 202 186 130 238 173 196 198 76 200 138 124 22 166 106 82 88 254 197 37 151 22
237 40 81 150 201 219 143 219 252 94 154 40 57 254 159 171 88 114 150 95 184 6 191 159 77 144 198 162 159 149 255 117 155 18 201 202 235 213 103 162 87 19 184 242 241 149 29 200 21 16 134 216 2 227 170 219 32 247 183 110 204 54 41 251
93 163 100 246 246 225 241 154 114 125 123 33 176 93 55 93 104 205 60 227 144 11 139 129 66 193 113 125 251 137 146 101 227 179 188 60 58 3 241 176 107 246 148 173 114 97 144 75 199 197 214 122 20 237 226 73 116 76 158 217 94 206 101 207
135 135 148 163 43 110 112 251 104 133 147 44 173 79 164 73 91 200 116 105 138 88 90 169 225 220 214 14 50 132 10 64 120 225 223 30 50 161 111 208 29 245 72 243 74 192 185 191 204 207 129 4 150 154 193 164 178 125 141 100 230 164 89 75
192 225 166 96 127 206 121 57 80 119 209 208 141 147 31 74 227 200 217 133 64 13 237 191 29 13 229 155 15 223 75 57 97 209 109 21 12 38 74 215 83 43 82 197 29 20 59 86 74 61 141 180 131 183 138 134 63 158 67 207 238 114 212 1
167 67 181 104 3 170 121 236 171 29 146 54 33 90 210 219 133 178 38 5 63 192 31 2 222 120 108 150 144 220 92 63 183 23 161 165 229 221 25 124 166 89 194 121 243 159 85 208 70 88 190 197 130 168 187 60 3 116 188 151 163 139 165 246
104 210 101 170 162 91 99 4 146 156 203 98 166 201 219 155 53 162 226 84 194 94 21 228 98 183 120 177 151 152 181 60 37 102 146 206 161 89 177 161 72 168 52 175 49 113 6 83 35 146 3 168 192 140 100 31 13 63 158 222 228 103 1 199
59 214 108 105 108 55 79 192 48 78 31 134 214 204 235 203 174 65 1 179 152 101 180 237 217 141 54 157 162 157 24 49 142 91 25 165 191 85 68 12 221 48 184 5 129 62 67 238 140 168 227 52 32 195 221 34 24 99 248 149 164 184 168 12
14 237 190 4 238 110 131 213 98 175 154 166 213 104 80 181 165 195 93 245 173 228 212 164 0 5 40 78 227 76 55 19 243 161 208 182 108 78 137 102 165 172 252 55 59 119 26 164 249 184 210 148 199 236 11 164 25 236 116 30 216 112 150 173
30 196 241 24 130 175 248 254 211 226 214 49 206 36 110 224 45 210 241 203 51 84 251 39 179 89 14 35 97 253 234 148 242 38 177 94 1 200 79 181 115 134 146 224 88 33 217 138 250 29 147 37 141 209 125 100 233 190 114 6 31 230 7 34
106 147 119 50 2 104 109 128 250 113 201 115 73 88 171 144 15 103 254 89 0 196 228 197 86 95 220 231 117 38 50 119 197 164 86 196 45 237 98 128 165 212 241 138 86 176 206 192 209 68 192 242 205 247 110 242 76 33 58 103 81 180 202 225
88 170 187 78 97 46 200 11 7 230 48 74 34 185 148 192 193 100 99 208 209 168 118 244 147 239 112 145 41 251 177 143 120 8 232 23 178 149 242 163 62 164 215 238 115 45 111 240 207 228 67 20 180 255 15 108 44 209 187 194 243 218 13 8
145 212 237 103 171 188 189 183 100 158 241 254 123 28 139 190 146 197 185 184 227 207 146 210 27 225 189 97 16 169 47 69 221 171 134 0 94 196 14 27 202 249 153 113 66 219 241 45 55 53 15 175 149 237 8 141 215 229 49 89 75 245 140 197
228 93 168 123 135 209 138 202 245 109 202 250 235 152 180 213 191 40 8 220 0 125 83 241 147 84 60 231 95 99 38 159 64 235 113 212 177 225 41 39 142 127 93 91 213 115 87 145 33 68 56 242 249 177 201 50 206 158 4 153 147 95 77 220
32 50 146 196 217 74 104 232 168 49 139 77 235 138 95 137 232 28 188 212 185 145 181 150 158 27 138 78 98 104 32 95 237 175 80 128 213 206 93 235 211 169 243 195 244 87 174 180 194 163 97 193 118 215 198 108 2 191 132 139 159 220 35 81
140 217 15 83 63 45 197 62 143 105 52 127 180 204 21 216 2 90 232 239 165 27 104 55 225 11 4 19 42 159 168 86 166 168 90 249 230 157 77 85 209 100 80 58 162 229 77 225 131 82 200 232 226 82 170 144 218 200 223 126 237 113 166 200
35 90 85 184 94 232 83 81 162 188 131 202 88 140 58 20 96 149 7 143 187 215 3 167 209 173 67 118 233 147 116 127 215 225 123 25 132 148 131 101 84 190 238 38 16 103 231 220 156 142 236 96 111 181 172 143 114 159 190 112 209 195 203 157
139 157 238 92 167 28 189 71 226 195 200 161 6 67 110 201 133 161 103 30 172 218 7 59 114 232 218 187 242 69 199 49 95 79 120 68 65 52 196 113 231 157 211 146 157 150 218 140 164 88 213 204 208 126 254 248 228 189 184 164 195 132 91 200
143 241 159 167 210 228 171 109 186 190 72 67 148 217 78 1 252 23 94 47 24 245 224 140 177 202 90 162 192 189 158 68 184 149 77 236 239 137 17 201 170 118 57 138 27 245 164 226 232 215 178 138 182 244 235 142 124 177 83 101 212 225 237 245
142 102 132 236 5 250 242 85 29 135 116 150 129 89 29 102 50 202 171 165 225 212 121 119 0 148 58 17 162 156 84 46 110 137 221 127 188 203 238 126 29 125 129 57 238 198 6 167 145 209 87 226 146 132 170 205 79 148 235 202 98 165 106 238
158 96 241 34 239 121 244 150 106 118 149 138 148 150 89 202 51 76 246 159 231 157 55 255 157 133 67 171 201 78 230 60 166 181 70 249 27 245 19 233 44 197 13 152 234 207 224 28 124 159 98 149 246 130 97 82 144 182 247 186 203 177 178 223
91 18 183 203 121 147 204 222 9 249 37 79 44 219 168 129 200 132 35 16 134 116 51 83 129 232 89 93 231 28 16 93 157 178 17 145 80 152 213 101 227 238 135 101 81 34 144 246 115 154 177 239 126 105 79 178 199 101 122 98 120 43 114 146
114 146 226 188 1 140 227 123 209 69 36 120 34 157 176 185 249 26 118 183 100 159 16 255 116 168 186 61 207 125 86 81 183 157 115 56 254 253 105 186 248 143 191 73 106 211 87 167 212 120 136 140 188 125 171 164 147 205 118 89 87 159 189 142
249 148 169 172 84 87 217 18 33 136 137 24 140 159 213 238 149 32 254 127 160 163 29 95 202 64 39 1 231 177 108 89 102 235 97 114 98 201 95 206 107 166 68 164 59 6 217 199 83 86 223 203 152 107 218 161 152 243 141 196 230 190 108 90
0 114 80 124 88 77 202 82 187 136 240 46 16 146 64 44 61 77 67 83 84 178 118 186 148 104 153 82 89 182 187 133 103 194 79 201 29 78 106 50 33 110 208 30 8 178 221 4 87 221 80 119 183 249 138 79 168 183 197 183 196 119 214 238
136 149 249 163 213 109 134 141 173 113 27 46 172 95 201 163 235 86 126 148 84 188 106 50 0 75 29 49 164 219 155 162 181 130 204 205 160 44 178 201 190 144 13 38 48 251 185 215 119 110 170 224 86 148 184 133 185 189 232 80 105 139 108 216
151 108 77 85 133 238 222 10 163 163 204 202 224 133 237 171 204 96 25 54 233 17 148 131 251 186 44 202 242 102 197 222 15 165 206 216 92 80 186 155 94 67 213 156 237 252 214 159 161 177 229 192 197 215 144 239 209 86 126 101 244 185 146 164
183 13 4 195 252 182 208 188 53 125 185 2 22 82 214 151 171 144 77 125 251 26 246 214 163 106 180 196 212 139 167 49 8 64 94 218 105 45 195 93 184 82 76 85 69 133 206 123 225 107 123 170 154 244 221 180 148 241 100 206 233 185 147 148
226 239 153 246 164 104 255 242 91 16 17 185 46 249 109 157 154 254 164 35 209 159 94 142 87 64 149 130 153 19 78 47 219 245 35 206 217 137 235 99 120 24 209 148 35 232 107 22 172 76 99 171 223 164 120 185 198 213 86 122 191 117 184 105
191 77 47 92 221 181 203 176 5 19 95 245 1 128 61 94 32 146 195 197 116 7 247 16 4 168 237 194 249 98 201 97 7 65 76 185 166 198 69 159 139 202 212 131 10 233 117 14 26 34 191 192 182 197 87 128 161 119 112 249 210 162 125 192
115 2 180 84 119 103 187 224 106 191 154 167 58 128 157 208 206 146 127 194 227 110 0 237 10 95 113 174 208 179 105 37 212 21 202 37 206 5 148 238 157 168 145 118 143 70 81 213 224 247 162 175 105 199 122 175 172 196 232 109 95 229 179 244
105 119 116 133 158 80 250 168 98 91 151 246 244 199 124 28 81 55 212 184 230 194 139 205 21 121 83 151 166 199 122 57 152 202 247 97 44 51 47 188 170 238 84 60 104 53 65 221 201 160 227 182 196 131 220 186 112 227 219 83 247 216 182 140
3 216 27 83 96 251 149 87 179 187 53 34 150 72 111 10 221 123 231 242 215 100 28 215 106 251 136 218 213 15 104 105 191 120 31 122 118 93 153 77 5 131 64 255 228 10 234 169 196 146 80 202 253 126 143 29 35 104 130 166 1 84 112 132
163 121 29 29 236 32 218 187 98 79 22 86 183 32 71 114 147 100 190 208 198 134 225 88 183 54 175 180 156 190 158 129 72 235 61 166 144 212 198 189 134 113 178 157 128 216 253 84 228 242 224 166 181 107 193 224 91 168 237 229 91 125 191 180
166 206 85 253 79 201 235 17 2 219 137 188 251 245 169 161 248 7 218 251 228 136 233 210 128 84 202 177 141 234 22 228 225 239 147 84 77 69 188 91 223 110 39 129 158 164 206 5 229 113 52 88 210 212 10 132 4 33 175 16 245 160 114 222
21 141 86 170 57 157 26 136 119 86 124 81 154 111 166 52 193 219 193 82 64 104 125 190 242 199 171 163 181 177 219 193 32 121 23 96 121 154 97 234 152 231 227 13 37 68 108 102 215 30 242 74 79 18 198 246 9 28 246 133 155 218 247 252
165 72 169 199 190 197 134 203 243 108 173 69 200 179 50 222 226 81 185 225 94 98 107 83 206 175 7 127 232 204 110 139 243 103 200 226 225 1 211 128 237 117 105 93 91 114 80 249 3 99 164 226 160 161 247 107 241 166 178 137 174 255 137 9
165 108 46 17 194 255 186 96 13 134 60 81 132 98 84 142 215 171 145 27 180 246 67 80 14 29 22 189 62 151 158 153 130 216 233 171 100 138 156 127 172 21 193 36 186 237 131 200 199 237 134 174 237 233 239 81 121 191 30 165 230 18 37 182
158 209 179 239 222 230 242 129 122 66 251 123 167 110 99 59 55 224 219 78 168 111 92 207 229 47 128 213 8 95 158 208 91 180 24 222 149 169 130 187 118 34 8 101 87 112 72 26 29 164 187 229 42 203 160 205 4 59 175 231 142 124 199 204
142 211 160 111 37 212 231 115 88 99 214 8 152 220 96 10 201 66 200 192 175 44 74 54 32 86 194 156 235 39 247 169 34 90 97 32 135 76 246 88 97 39 114 95 177 97 184 89 35 244 199 164 39 107 90 246 210 31 36 182 183 40 215 84
181 200 166 131 38 115 23 90 227 88 218 123 142 200 225 46 143 163 219 223 218 91 215 67 159 133 40 13 82 60 195 209 157 247 209 226 23 141 123 219 57 155 162 190 252 61 114 130 158 176 25 218 51 228 171 118 169 120 232 92 182 196 50 188
83 251 57 34 209 29 86 138 206 94 15 12 182 115 52 186 123 179 138 19 178 232 140 16 223 118 79 85 96 238 242 160 76 176 142 143 183 41 187 247 167 176 119 14 233 31 226 137 190 112 31 85 2 17 56 222 11 19 175 93 69 237 14 148
157 141 88 41 132 201 37 147 132 98 21 181 105 137 62 90 143 255 99 222 122 104 55 116 129 121 124 182 218 92 164 14 33 47 167 62 74 192 66 233 13 200 218 91 5 246 216 89 53 42 182 214 34 216 0 114 168 106 159 248 192 22 219 170
94 105 1 139 218 226 81 61 151 68 221 48 191 85 99 77 224 10 35 31 177 201 44 198 147 253 182 105 216 145 142 210 206 112 246 150 31 231 233 158 58 155 14 127 249 205 7 231 10 146 78 52 119 85 104 106 182 188 88 102 22 221 157 194
248 108 175 194 175 97 169 130 182 52 130 56 83 167 201 26 197 117 138 199 153 31 110 149 158 194 87 249 126 78 193 85 66 187 119 32 176 207 11 130 54 106 100 134 85 66 123 136 185 200 203 169 9 98 202 203 199 210 185 17 229 133 149 83
118 136 155 101 143 155 44 94 135 191 138 158 209 91 220 150 89 250 236 208 42 206 156 54 239 254 79 204 143 164 158 67 111 91 240 120 34 138 115 175 105 50 198 62 111 56 46 117 208 239 215 255 133 33 182 182 205 74 183 21 1 231 247 230
116 194 183 4 104 238 132 172 208 72 96 233 58 52 54 220 7 153 92 174 54 238 250 189 73 184 80 131 92 214 157 99 137 196 179 39 190 136 122 6 201 110 230 152 51 30 226 46 96 247 123 230 247 206 242 99 33 195 194 52 174 18 240 122
235 108 104 39 225 130 146 57 127 194 197 157 194 181 210 0 51 177 19 137 143 106 209 198 106 152 198 227 29 48 135 116 216 217 228 84 166 6 195 151 132 28 62 71 252 211 39 241 234 55 44 139 90 192 206 77 146 50 230 27 109 48 231 251
63 78 53 15 184 131 199 145 121 4 164 70 204 50 244 20 78 129 95 176 107 89 100 156 132 140 88 152 117 0 173 163 6 35 17 67 103 208 226 50 202 227 118 125 92 181 97 25 176 198 18 133 230 51 199 11 120 80 69 42 31 156 218 123
222 248 229 239 3 96 112 135 154 52 169 4 186 42 116 68 117 119 217 169 51 33 120 51 67 17 162 87 217 146 120 56 220 186 17 87 103 107 139 152 189 93 108 214 29 105 244 153 117 206 139 31 221 26 154 147 58 208 130 226 236 123 21 73
129 164 219 95 64 184 100 229 224 85 222 202 250 50 245 190 183 248 93 111 91 161 201 124 191 165 168 209 216 206 100 98 40 215 49 22 5 165 158 138 192 40 124 182 223 91 103 2 47 225 225 6 242 230 244 173 171 56 214 41 22 146 153 207
3 55 205 73 57 30 4 159 95 105 198 95 99 126 196 197 120 9 131 67 58 151 0 201 110 23 191 10 129 77 217 239 231 12 172 121 240 152 152 203 214 231 10 171 187 80 194 57 224 200 105 237 243 85 151 88 155 116 192 87 167 187 247 15
35 189 98 244 189 232 148 183 175 160 6 89 150 202 152 226 122 149 125 30 4 41 157 87 122 106 69 171 95 230 102 221 68 19 72 188 183 74 209 215 229 80 6 169 184 58 247 226 47 37 138 100 28 232 28 89 182 186 77 149 202 190 60 64
68 150 207 113 67 104 213 163 164 8 65 145 193 79 104 223 57 210 112 59 44 220 16 99 255 124 99 221 248 2 37 139 184 81 162 208 189 247 179 159 95 176 62 88 124 123 211 169 160 182 140 64 58 172 248 100 82 244 152 228 138 137 103 207
97 255 112 132 156 140 123 91 45 41 22 254 170 217 31 139 108 196 223 169 114 137 82 159 173 23 171 253 85 112 225 48 83 229 177 148 32 235 37 106 77 150 245 214 29 241 65 0 159 239 27 72 154 35 147 160 166 111 46 38 104 130 212 131
156 245 133 63 233 204 215 20 48 92 253 22 183 104 33 72 93 176 147 140 97 238 82 19 88 38 107 94 156 104 75 69 80 95 59 2 202 184 205 75 33 250 211 229 148 163 49 166 92 90 185 136 77 13 114 103 219 183 103 56 132 224 35 3
56 160 186 141 176 246 161 144 33 217 177 184 156 209 209 47 66 53 20 113 204 184 219 246 11 148 76 182 140 249 83 163 236 20 166 146 222 117 61 98 99 127 54 177 211 38 164 16 125 156 82 73 70 71 118 17 163 83 250 213 196 111 158 220
194 142 163 158 26 194 102 143 97 203 219 125 2 31 127 139 190 39 67 168 239 17 143 113 85 116 149 217 160 154 93 179 43 100 251 224 177 25 178 12 223 165 79 173 167 64 239 254 21 199 243 39 183 112 41 22 220 107 146 139 118 138 173 91
149 13 198 12 17 159 205 123 190 91 158 182 178 133 177 191 17 238 154 71 116 198 121 9 208 229 92 120 123 252 112 234 229 102 107 34 212 96 60 251 172 224 212 160 90 244 82 116 130 13 133 250 170 206 39 17 80 181 142 99 192 253 252 103
174 40 152 212 4 195 160 156 218 108 112 111 181 26 148 228 73 163 55 227 81 38 197 76 184 234 72 180 76 84 120 149 176 243 249 115 102 82 134 54 207 157 198 137 210 69 182 213 239 6 205 215 171 240 49 45 107 244 171 145 94 80 93 172
94 67 117 191 181 127 145 97 172 118 88 43 38 159 66 188 134 220 209 243 192 100 83 19 13 114 216 51 245 186 158 192 201 170 164 20 137 229 198 251 192 45 237 133 159 55 255 190 246 4 25 199 210 76 153 206 159 59 12 1 115 125 89 201
131 51 17 93 194 193 56 12 130 193 96 29 80 233 153 203 74 197 77 162 238 232 140 196 83 223 249 48 139 116 153 43 188 201 55 66 117 249 71 31 75 220 41 199 87 184 90 184 247 89 38 29 236 174 110 224 202 235 154 201 149 233 163 234
140 100 253 123 141 113 4 169 184 224 38 151 177 134 24 117 149 57 243 86 108 218 203 105 5 16 102 73 11 117 30 19 100 239 177 196 91 55 50 242 121 198 87 7 236 211 61 143 223 40 228 151 211 69 149 174 111 5 216 81 215 65 153 115
105 126 79 131 88 101 83 96 138 115 95 185 135 92 117 66 178 111 193 216 77 194 56 79 140 125 83 232 187 136 182 83 143 86 177 81 93 83 82 134 228 48 247 64 240 17 255 38 182 21 241 206 75 191 90 137 140 138 183 200 11 40 124 77
247 213 130 143 243 110 89 223 211 91 124 55 187 41 116 156 233 8 87 203 63 236 197 88 114 182 221 148 12 10 25 113 206 245 210 63 60 16 164 189 162 233 163 158 233 176 152 215 107 111 221 33 238 200 243 18 113 126 114 156 61 141 79 222
221 192 242 42 74 114 241 188 87 186 189 165 248 239 116 192 40 94 139 155 57 196 33 177 213 199 135 169 166 206 19 111 21 168 7 41 228 178 72 81 46 246 151 129 88 178 236 168 94 117 108 17 29 89 55 130 71 70 49 22 134 194 113 58
120 40 145 191 156 75 233 138 178 40 129 33 194 124 93 174 135 195 160 110 37 96 31 230 214 182 220 226 208 115 80 206 136 236 61 185 102 21 149 134 244 32 100 113 16 52 142 251 188 167 213 105 88 42 228 126 192 35 181 9 182 5 163 67
15 226 15 42 119 13 170 33 196 46 47 232 199 211 80 187 224 14 196 9 215 69 148 25 211 188 69 82 164 220 3 6 71 90 219 106 145 36 221 121 139 242 25 162 231 249 240 104 29 143 211 43 169 126 176 222 186 69 106 13 128 80 123 191
240 141 196 134 19 196 161 252 130 58 71 73 208 189 73 198 138 242 116 246 136 12 146 243 190 11 217 106 135 244 177 78 115 34 149 83 79 187 195 126 3 64 187 82 230 121 182 10 110 190 123 244 182 207 0 46 6 85 208 18 193 228 159 219
240 234 176 126 171 139 109 13 198 53 153 166 221 216 217 74 127 154 96 197 154 153 31 223 163 164 219 75 140 100 93 108 96 149 144 179 153 97 105 216 112 135 136 244 139 85 238 235 15 216 215 228 215 248 23 205 122 125 242 99 240 135 88 94
143 246 197 132 153 168 245 70 139 191 95 214 113 201 216 196 202 126 14 78 162 154 196 242 53 29 139 16 86 162 193 90 124 36 181 44 1 4 32 189 172 175 77 100 99 98 87 13 108 169 57 7 132 158 200 139 156 141 243 108 138 82 154 197
180 243 83 70 58 105 240 208 237 129 125 104 80 66 202 13 132 79 108 89 162 207 3 132 203 170 87 189 169 72 187 144 215 21 96 187 118 68 182 233 160 21 50 223 207 44 197 7 164 220 191 241 43 176 210 222 213 104 204 88 130 255 16 18
254 31 222 45 202 210 50 157 52 195 107 233 79 57 212 143 206 187 239 139 1 136 33 22 212 144 126 219 112 221 97 113 101 98 128 182 63 212 110 195 234 203 169 213 70 133 251 239 33 255 129 198 93 63 121 199 115 114 224 205 47 141 83 182
163 202 24 122 45 247 182 45 152 219 157 109 107 187 151 152 220 103 112 234 200 165 249 32 234 82 193 39 56 220 245 255 238 212 82 252 149 41 1 4 82 121 131 58 39 81 34 223 136 36 152 138 127 111 151 54 78 85 173 152 123 88 163 111
183 230 181 155 97 235 25 175 90 208 60 246 150 2 85 234 200 16 105 229 95 157 217 159 98 129 199 114 89 59 253 187 186 216 180 229 20 41 129 69 172 204 11 174 95 246 240 86 195 143 215 252 223 253 112 16 173 176 24 102 176 208 51 144
219 41 204 220 71 145 101 115 214 148 180 110 172 174 242 69 156 25 191 205 199 172 169 165 180 109 247 89 231 239 189 139 205 188 228 93 21 15 176 159 157 41 154 181 92 212 144 185 133 164 126 99 53 38 30 94 114 169 132 69 44 84 61 45
14 147 223 173 235 220 184 222 233 122 224 82 195 33 177 146 89 92 201 168 8 193 18 84 172 236 62 233 230 248 146 111 20 160 29 39 91 31 172 78 161 244 144 194 44 206 187 44 208 140 170 20 223 100 215 191 245 54 249 74 84 13 234 131
144 222 134 202 48 183 44 111 198 159 216 245 149 184 172 202 48 40 38 37 199 18 252 170 201 3 0 233 16 104 212 49 156 243 204 190 236 12 206 179 45 106 81 232 244 202 7 131 57 30 164 162 139 11 226 1 199 123 245 221 162 228 77 154
70 102 224 55 33 37 94 122 249 211 11 235 135 113 22 230 74 44 99 242 143 34 185 108 3 206 96 208 166 43 254 96 252 214 153 96 219 24 54 87 242 208 174 36 139 134 248 145 127 113 243 219 165 179 108 254 204 83 246 153 34 27 241 113
162 88 38 102 60 80 165 150 202 16 88 88 21 127 99 254 159 244 67 86 61 130 155 83 121 221 7 160 58 36 166 231 59 255 143 156 5 117 248 95 138 90 111 114 138 162 80 151 216 248 37 243 25 118 219 255 140 130 115 126 247 237 126 189
231 158 174 116 245 226 90 84 66 249 48 95 135 92 83 239 1 203 4 112 118 218 243 61 100 147 232 122 214 162 119 17 140 87 58 205 92 165 254 216 116 159 236 170 156 249 246 235 118 120 242 40 247 68 190 209 122 46 61 227 159 98 240 79
65 158 59 91 5 4 218 140 155 46 111 109 173 82 239 181 199 51 93 227 125 227 245 225 29 110 136 32 216 49 188 148 162 198 154 200 26 32 130 193 17 201 202 223 124 112 18 117 175 53 109 146 211 82 26 221 162 137 197 159 208 181 136 246
86 210 36 199 165 221 103 109 93 95 187 188 237 169 195 82 159 1 104 59 194 37 217 139 165 153 223 17 53 230 209 121 103 101 67 96 174 75 165 9 41 90 149 54 113 127 208 110 39 168 12 128 219 136 124 25 137 26 21 234 114 28 54 53
244 140 231 200 109 140 122 123 200 173 241 2 36 55 0 144 123 254 228 128 154 201 120 248 80 111 175 247 21 41 128 187 180 158 248 179 81 24 112 167 35 249 205 60 125 176 201 212 140 68 188 97 229 150 208 119 24 166 14 26 94 223 66 39
181 29 215 201 156 84 58 193 100 188 220 30 117 102 171 44 129 231 183 182 84 11 249 189 139 176 147 92 169 116 83 209 116 36 170 16 134 230 196 52 184 23 177 202 118 192 215 138 248 70 143 90 68 146 81 173 69 248 146 166 241 148 255 56
140 159 145 254 135 207 85 255 149 38 147 18 179 11 104 75 77 143 107 47 229 198 124 98 100 133 145 11 134 81 240 128 126 252 134 214 137 146 197 98 214 229 52 23 154 182 185 101 13 78 138 43 134 41 92 76 175 121 116 68 245 74 132 226
127 134 243 5 203 186 243 139 148 11 156 110 215 149 64 53 123 95 242 110 66 138 135 48 92 186 236 11 155 59 156 183 164 221 80 116 225 48 217 166 128 226 186 31 145 61 123 71 91 147 246 82 179 157 132 83 153 1 65 171 64 147 106 45
176 125 164 194 194 152 238 129 22 9 166 195 208 97 137 221 39 197 191 196 183 111 101 21 223 86 159 178 29 49 245 176 94 210 147 150 70 3 116 185 110 248 150 248 120 144 119 175 172 238 23 112 168 93 186 92 3 15 152 180 152 154 198 93
78 27 124 205 228 21 172 135 152 164 203 169 180 39 239 139 115 237 87 101 151 245 215 96 213 230 194 175 123 78 120 168 225 228 96 238 145 246 185 62 238 160 58 251 34 172 252 80 86 94 188 193 140 241 95 1 44 193 24 234 146 131 182 202
59 194 228 18 249 217 14 127 224 189 146 172 242 255 125 158 39 244 236 5 85 98 147 42 219 19 222 132 117 158 157 226 159 220 82 46 243 191 218 75 146 115 168 52 166 126 108 233 244 182 143 188 195 113 120 219 232 171 244 27 189 171 93 34