76 41 50 32
111
45 254 241 150 37 54 17 161 148 170 174 222 206 4 143 57 194 32 11 240 191 166 220 58 45 205 233 77 51 26 150 230 153 50 1 199 120 107 114 210 125
19 94 46 232 16 200 162 149 162 0 102 16 53 0 160 117 33 231 0 164 129 15 95 224 57 36 143 22 135 255 160 119 66 130 153 28 125 144 113 0 253
242 114 101 0 14 241 181 118 129 154 182 70 132 155 91 99 178 52 192 114 63 60 208 71 82 133 28 166 65 160 87 145 187 200 135 94 66 156 129 69 147
28 90 23 108 63 48 97 0 226 163 99 3 192 81 250 88 180 60 216 43 172 2 11 175 133 159 196 121 19 235 81 134 187 55 166 53 12 225 247 111 184
133 77 123 161 87 203 18 44 72 245 197 209 166 3 32 4 111 170 247 58 101 21 101 240 0 119 123 16 227 1 133 60 95 186 56 53 205 34 152 142 185
33 4 20 78 87 160 67 163 106 152 63 243 68 223 138 232 105 252 2 118 212 51 216 65 4 110 103 132 69 163 3 141 213 94 187 151 11 253 196 143 120
11 118 102 214 0 244 1 147 102 65 114 54 29 99 167 37 178 83 0 125 234 27 180 106 229 75 8 73 242 158 222 10 188 254 37 45 54 71 205 41 181
147 68 0 142 21 217 65 5 31 236 44 249 78 141 3 118 39 129 33 147 211 250 199 43 86 106 186 20 148 0 96 189 102 193 144 95 142 12 177 6 129
7 51 249 86 172 63 52 71 227 162 4 27 102 158 94 43 221 194 15 129 178 18 52 222 150 131 12 205 86 116 124 222 139 112 11 14 226 4 13 47 110
63 97 101 3 174 122 134 151 142 103 153 47 192 186 176 91 52 224 106 217 236 39 47 85 210 151 47 179 125 241 185 110 2 162 119 162 206 191 235 9 155
45 204 18 147 118 231 143 95 91 118 107 240 169 237 124 106 56 216 0 142 118 207 37 242 203 170 135 103 57 201 169 103 159 172 167 223 131 77 59 252 97
96 131 251 60 189 214 112 30 56 59 37 26 169 0 98 108 31 56 103 35 43 22 65 10 104 69 58 220 253 167 107 0 80 30 196 125 32 216 45 0 25
13 136 77 111 111 135 59 89 114 234 140 33 32 230 151 29 13 97 254 94 195 236 200 55 166 45 55 234 52 96 46 215 32 169 0 4 20 29 237 85 46
168 43 142 132 187 204 12 14 159 214 63 109 140 64 53 154 32 73 6 155 208 106 147 97 116 120 171 161 33 0 82 90 90 0 84 218 31 159 175 32 73
30 189 173 54 110 18 12 95 210 113 4 75 49 62 250 102 217 9 51 217 18 74 167 128 0 160 12 18 96 147 119 46 0 163 35 74 11 212 163 1 220
116 32 164 69 223 68 253 0 167 170 94 0 47 0 195 41 249 126 91 74 65 67 94 4 238 102 216 33 42 100 34 32 42 190 77 25 62 191 1 63 129
206 90 55 252 71 238 13 54 106 41 212 147 111 38 55 114 87 247 150 76 151 161 253 226 36 57 11 174 120 28 25 118 65 135 84 93 186 95 119 216 58
162 193 109 226 143 175 118 170 122 0 136 15 234 110 100 50 249 147 98 42 12 91 175 123 154 149 224 43 19 157 153 50 183 67 123 116 175 111 158 85 17
32 48 188 101 199 26 22 186 176 196 229 165 71 14 110 0 149 225 178 187 178 4 181 164 193 240 195 139 134 125 16 57 214 79 136 229 29 219 6 51 44
77 8 62 139 71 245 142 228 237 143 245 159 152 132 243 79 189 14 128 30 0 79 164 214 93 4 0 229 136 198 133 119 242 45 15 24 53 195 141 98 94
113 71 25 136 0 146 244 132 42 154 154 65 10 226 2 214 13 225 143 0 117 37 255 233 5 225 129 205 81 141 56 250 220 41 199 106 102 0 214 234 30
186 253 116 50 35 208 146 188 137 204 72 180 0 73 249 217 137 91 227 127 218 79 208 141 155 139 30 113 246 197 192 91 123 55 0 131 164 133 106 64 39
100 116 225 34 57 206 166 42 229 131 94 37 120 142 246 50 150 71 129 191 51 241 8 25 93 39 141 138 193 246 70 184 138 116 121 83 76 35 251 183 4
91 251 65 143 74 239 177 98 69 99 176 235 128 50 252 182 0 79 129 143 154 3 196 119 165 163 196 61 87 102 237 82 198 165 76 95 0 46 27 225 148
82 121 239 81 60 204 204 0 91 187 153 171 165 101 3 141 216 232 150 151 57 0 98 54 201 229 101 158 16 177 167 14 158 109 250 229 243 187 151 211 238
188 63 56 102 120 37 219 149 120 148 63 48 164 220 22 232 212 182 61 47 33 88 109 182 81 69 227 0 35 170 190 33 155 54 95 240 21 61 0 220 10
89 165 41 167 223 201 176 0 20 54 84 202 152 44 98 67 63 87 160 217 236 93 40 243 80 155 83 50 130 69 154 97 160 113 239 85 118 171 82 36 236
165 47 13 167 0 127 98 123 32 168 41 135 24 206 60 41 234 30 171 80 133 168 171 193 154 194 91 69 197 108 143 10 36 201 90 70 179 12 34 37 140
214 6 122 179 106 156 183 140 192 114 126 0 126 186 136 167 95 239 173 148 62 44 5 55 0 88 201 153 253 227 127 130 27 169 17 0 155 124 81 122 45
182 206 102 9 231 197 13 139 63 3 143 49 18 139 74 131 253 179 196 232 131 37 200 16 63 65 14 190 250 15 128 147 19 0 24 4 137 205 61 65 170
76 0 122 52 115 190 30 155 72 0 25 45 18 0 91 87 92 223 136 183 130 143 184 158 131 20 82 213 117 117 66 88 232 148 199 242 6 114 91 185 117
140 58 41 250 33 113 0 35 105 112 75 3 28 197 68 220 46 85 218 65 32 171 168 0 46 85 21 186 117 111 36 220 157 105 79 120 0 103 113 55 198
182 213 45 124 100 84 194 190 117 30 145 217 94 142 85 151 105 0 74 144 24 137 7 231 209 138 0 6 70 69 75 89 166 0 0 33 54 185 175 86 251
9 86 2 207 134 163 226 223 219 151 135 119 0 237 163 182 90 99 193 154 78 184 66 62 115 242 75 84 8 78 90 55 70 20 234 229 241 34 165 21 59
129 0 38 128 227 9 71 113 67 43 143 36 125 0 40 159 111 27 137 215 125 198 0 203 109 110 70 88 150 226 20 123 11 189 221 43 247 40 31 95 249
81 163 19 135 111 165 173 138 222 9 58 3 91 26 18 173 18 251 104 245 36 242 188 239 29 228 42 231 50 1 239 101 153 33 54 47 59 9 140 206 161
217 9 101 87 146 95 60 36 255 120 0 255 236 205 0 65 175 74 175 96 91 29 8 107 142 52 91 167 4 9 64 224 205 27 172 22 117 103 80 145 238
168 60 0 4 46 176 83 200 128 93 92 228 99 179 42 1 232 146 185 167 44 129 0 50 5 154 58 160 232 61 216 32 221 160 163 57 55 31 36 99 129
25 39 137 21 184 194 125 34 144 192 182 115 38 64 88 222 0 228 148 173 127 243 14 206 233 144 160 238 164 82 96 110 18 38 87 15 69 212 186 142 0
76 76 238 200 118 230 204 39 34 29 43 190 243 183 0 127 4 144 54 3 106 117 59 253 175 14 255 73 31 73 97 1 129 72 215 109 221 164 145 88 118
238 177 180 171 15 150 144 157 189 175 4 105 85 39 51 29 16 113 118 18 17 10 45 153 96 0 122 235 58 68 89 118 176 0 20 44 176 0 71 18 56
51 0 106 220 177 188 166 186 156 83 207 0 97 119 108 168 64 1 11 64 110 60 215 77 215 248 177 82 79 126 109 157 31 20 196 68 172 89 153 13 165
64 183 139 65 228 57 53 232 46 1 51 48 192 130 80 163 230 118 182 150 226 153 95 192 80 157 0 110 159 122 166 12 67 59 158 201 0 52 0 0 81
161 41 0 8 87 0 89 71 247 23 20 246 123 178 224 12 84 152 198 75 136 21 183 244 91 122 62 170 147 72 166 122 146 232 118 166 21 169 0 96 93
161 63 92 68 0 170 34 76 168 198 80 20 63 111 112 29 66 50 72 111 120 202 69 22 65 76 102 0 161 81 13 48 148 175 39 25 168 24 131 27 18
73 207 81 69 66 79 47 8 91 18 126 229 0 195 90 178 247 205 66 231 46 171 154 179 55 135 6 145 156 0 61 13 88 126 174 55 126 27 97 10 41
247 151 197 209 209 127 70 91 60 81 99 235 64 5 24 227 43 224 109 112 6 161 48 153 55 0 137 96 27 95 10 75 44 65 30 97 17 73 159 114 10
75 0 146 14 15 100 63 5 100 0 72 29 122 15 107 73 154 0 175 138 29 79 220 218 152 11 106 76 82 45 19 68 111 0 15 0 119 73 121 246 132
14 229 166 240 244 86 121 93 179 56 224 129 206 127 205 155 67 249 63 31 230 7 36 6 64 140 170 144 137 0 69 163 141 70 27 40 153 115 118 48 0
133 220 9 70 243 55 130 167 30 55 4 170 129 175 232 151 132 28 98 223 108 241 37 247 0 36 85 4 215 119 0 64 0 134 4 125 123 8 0 12 2
63 31 88 127 188 56 137 159 91 40 69 163 175 148 12 0 41 136 250 113 212 66 101 131 40 248 90 107 109 134 91 90 230 85 82 17 131 174 147 152 67
60 32 129 236 65 48 55 122 124 13 238 175 23 0 38 92 113 45 232 118 0 180 250 81 123 104 154 95 154 0 42 39 165 175 9 0 174 99 67 126 141
18 15 155 128 24 246 3 127 23 70 79 116 140 91 21 0 245 234 2 125 79 80 85 68 0 252 127 103 0 0 25 42 20 136 92 112 0 174 106 20 134
134 34 240 87 182 193 148 22 7 226 151 182 154 205 130 180 56 48 94 147 159 227 186 14 40 0 169 0 128 169 178 0 52 52 169 13 125 44 63 6 0
131 115 138 101 56 215 0 0 56 217 132 38 21 116 229 7 0 242 72 145 255 65 14 7 0 15 95 131 143 0 0 86 82 0 0 66 99 60 53 170 117
78 108 55 118 117 97 133 212 230 61 140 115 140 26 90 94 104 74 32 90 109 66 178 0 0 59 76 93 47 0 0 155 0 93 0 42 90 141 123 60 158
168 144 192 182 212 107 247 186 40 88 224 152 157 141 224 38 128 32 115 36 149 95 73 68 108 54 75 88 78 174 165 31 160 93 83 0 133 139 167 73 85
98 237 195 0 55 8 16 49 165 96 160 69 216 32 14 68 127 42 182 37 94 135 208 21 145 138 114 122 114 46 0 106 127 130 90 0 0 79 0 0 135
19 0 101 244 84 153 140 255 156 89 86 9 155 6 77 185 16 22 111 28 134 242 44 131 134 0 244 0 239 77 0 14 57 106 163 0 136 92 0 24 21
0 237 100 78 0 151 19 173 17 29 249 192 131 108 116 218 55 67 154 68 251 0 159 114 140 96 3 221 162 78 85 218 20 91 3 85 145 237 163 0 70
218 111 130 40 78 62 245 134 169 219 78 121 149 0 233 183 106 156 51 125 65 196 168 150 186 233 131 10 80 71 15 175 142 37 79 38 138 155 71 80 115
136 97 150 98 230 74 207 239 61 150 228 58 243 42 230 182 169 40 91 106 125 246 114 195 147 64 76 157 20 104 153 166 158 158 48 174 90 50 145 24 0
176 236 32 239 173 127 40 60 191 148 101 76 53 216 223 183 151 79 134 139 134 85 160 122 82 171 88 150 36 6 4 120 51 131 84 134 92 125 216 150 28
124 165 38 245 117 120 140 156 147 242 85 155 69 197 122 82 129 157 76 200 24 220 72 164 77 222 138 161 182 152 77 49 89 0 144 184 255 80 254 148 110
13 75 245 124 124 173 236 52 46 32 107 68 47 236 180 103 172 2 115 160 74 248 245 17 83 232 128 189 16 239 54 160 63 93 129 45 174 147 110 246 63
41 196 17 16 106 144 42 79 180 206 251 38 0 28 137 7 49 100 43 202 67 224 54 237 161 94 9 88 30 254 16 201 122 153 117 240 0 208 192 66 0
127 27 97 6 237 0 204 0 110 53 76 195 0 163 111 164 76 52 0 162 245 125 33 235 77 205 167 143 32 79 0 160 109 0 90 229 111 110 212 192 167
210 54 88 253 18 249 94 131 178 120 16 6 23 165 4 161 146 30 224 129 107 0 159 53 47 84 0 141 16 114 241 107 87 93 205 77 36 162 102 255 202
43 80 74 195 214 193 40 236 23 69 48 26 104 111 134 231 249 126 176 224 169 45 0 170 81 168 46 18 241 53 94 189 34 115 76 5 173 174 16 111 179
207 164 117 51 22 82 74 81 156 44 64 59 70 0 219 91 0 194 101 113 174 163 45 37 148 184 0 153 0 75 255 100 170 0 233 240 240 17 220 162 56
227 69 190 94 239 251 50 194 101 64 83 250 122 72 93 79 158 120 135 76 5 24 0 14 93 118 154 202 186 248 154 118 39 196 196 201 213 64 160 24 30
60 132 0 240 245 94 25 239 10 113 0 0 20 74 26 95 51 126 110 115 95 146 9 63 187 82 49 112 201 238 30 147 177 162 111 63 0 200 51 64 85
2 87 210 232 98 184 74 188 55 216 101 91 213 112 192 158 76 99 23 38 47 110 226 171 2 28 100 17 57 86 168 113 155 146 7 1 188 253 106 246 235
127 47 206 10 192 167 168 131 45 162 38 168 63 51 107 115 213 101 45 19 0 21 106 166 11 248 165 118 42 52 111 0 97 165 45 0 147 94 95 48 110
29 179 124 51 130 139 24 146 248 81 2 27 133 67 9 149 16 93 161 0 149 162 156 51 0 123 24 215 115 126 18 135 65 244 0 247 106 95 60 76 241
162 214 81 76 229 63 32 222 131 243 236 19 234 240 126 52 101 57 149 144 155 228 13 161 61 222 0 236 169 203 179 20 104 206 99 97 212 38 162 46 212