86 64 72 9
94
41 74 132 225 126 170 159 117 193 158 52 113 128 147 165 26 240 91 151 95 143 108 233 73 74 115 57 125 145 41 32 201 21 231 126 133 185 253 95 253 4 6 107 23 204 133 108 255 218 108 22 110 7 66 132 148 186 144 87 195 230 193 73 102
72 221 100 53 150 232 246 181 92 160 69 164 219 21 174 255 86 46 135 16 227 139 236 170 151 119 96 175 97 185 19 245 191 248 110 148 93 4 229 141 26 167 49 65 143 211 26 161 75 15 125 70 216 17 240 228 67 60 70 113 28 45 255 122
139 192 205 48 121 15 26 57 87 47 239 142 140 54 123 132 168 255 255 38 115 56 235 199 199 59 39 24 155 216 176 184 114 155 98 118 219 155 125 215 1 141 170 141 255 255 174 154 229 157 255 159 169 108 32 241 28 153 0 255 236 202 224 24
248 23 163 19 12 120 156 109 110 129 51 193 156 29 69 48 144 238 20 145 45 252 69 173 188 50 208 183 175 231 137 214 234 113 151 62 255 81 198 201 233 185 143 124 246 82 34 120 135 22 110 232 126 224 183 56 114 181 79 152 237 255 159 181
188 240 160 241 75 174 219 237 167 166 184 22 103 107 222 202 136 60 249 80 18 139 255 46 102 148 232 63 253 6 172 0 136 227 203 112 187 132 227 81 175 215 126 21 235 1 188 16 219 225 148 247 180 229 148 214 10 171 222 126 255 106 221 254
220 238 251 150 255 229 250 186 210 33 149 66 104 141 90 63 41 216 212 255 227 199 255 68 135 79 119 178 65 255 115 153 144 174 98 228 71 185 182 44 91 165 114 255 105 187 158 168 230 125 222 164 186 206 155 62 241 192 169 129 118 165 255 230
55 210 186 48 89 72 102 187 198 132 88 174 250 209 70 109 177 121 217 221 255 194 29 53 205 43 160 144 89 90 64 115 255 229 42 33 244 59 219 255 12 66 119 174 133 56 250 8 173 187 45 80 233 255 84 171 238 206 225 63 238 83 222 146
128 6 41 192 15 38 140 240 176 211 193 255 55 84 254 194 227 5 255 235 127 195 251 99 8 200 124 91 202 245 129 57 225 12 127 85 85 181 57 132 126 217 208 23 200 227 84 163 255 151 138 12 131 255 174 93 141 91 14 177 50 81 237 161
194 111 254 127 212 1 239 209 162 11 255 76 205 139 171 206 241 240 128 181 155 237 235 121 120 36 185 112 195 149 148 124 238 20 208 71 243 69 42 180 141 2 254 90 170 111 139 111 20 22 10 59 56 255 157 79 243 226 194 230 255 94 204 182
105 134 119 255 128 161 203 110 32 195 237 92 33 251 140 158 249 125 81 182 74 231 255 15 4 120 32 101 75 29 241 91 9 52 168 255 165 249 207 83 255 79 236 188 141 57 4 70 91 44 147 165 23 206 154 27 133 176 7 35 255 213 185 69
241 151 31 38 102 205 255 19 255 3 238 50 90 201 26 109 105 228 23 254 88 180 213 19 64 85 253 244 206 249 206 33 169 244 111 161 159 133 98 146 111 202 233 216 186 190 196 50 54 95 255 7 141 46 95 197 136 25 183 225 164 133 206 34
137 40 242 253 241 74 195 94 132 192 250 231 111 118 110 255 218 103 6 20 208 148 147 182 206 188 115 69 208 157 36 93 10 63 122 245 255 108 59 38 85 152 49 121 138 116 156 126 140 163 233 40 54 217 187 54 176 144 197 120 172 8 234 14
113 181 113 190 251 191 52 38 46 213 8 79 111 15 255 173 113 82 148 35 187 140 154 48 255 84 30 255 165 14 46 115 110 0 68 108 55 75 182 207 152 34 126 220 253 41 188 255 192 251 223 56 202 96 251 228 151 177 144 172 250 110 255 232
255 21 211 146 94 151 129 248 255 48 205 124 113 47 51 145 83 25 124 72 19 198 228 166 2 180 228 50 192 168 148 220 125 1 221 252 33 180 150 234 61 121 82 84 8 65 215 164 236 27 232 54 137 108 253 5 115 220 220 84 255 239 71 37
156 43 6 202 152 41 121 161 104 186 122 207 29 236 108 255 28 169 166 89 255 223 75 222 9 133 220 129 87 137 40 155 248 211 61 176 116 246 169 165 123 30 251 161 204 204 131 137 184 161 242 88 4 61 115 8 194 227 81 88 187 186 184 65
55 166 255 154 22 138 18 220 91 55 90 176 199 255 97 181 173 155 81 198 212 255 53 184 122 255 51 122 39 193 111 50 50 27 119 190 251 237 59 231 191 18 13 192 247 131 126 225 147 2 244 156 228 68 161 85 247 163 201 61 226 118 45 245
130 179 145 183 109 84 172 135 52 247 61 37 233 123 211 194 252 162 57 3 194 114 106 200 63 135 1 255 208 183 159 255 15 235 186 248 233 134 116 156 164 214 148 11 4 23 135 201 255 156 213 111 22 114 180 62 243 63 241 19 76 39 163 255
65 158 25 132 198 190 255 249 192 207 90 118 209 180 140 126 109 10 247 203 43 62 4 160 201 185 134 224 89 255 44 255 36 170 28 90 140 208 194 120 165 47 125 196 249 68 170 41 190 167 13 25 60 146 106 255 255 167 48 241 114 69 180 242
60 11 241 199 132 203 96 16 73 47 125 167 181 52 228 248 195 150 173 181 160 91 148 176 14 224 234 34 238 161 130 165 54 113 201 4 158 229 132 64 72 190 170 13 217 91 63 181 86 180 250 246 110 22 124 244 42 216 91 60 2 111 155 220
239 0 2 12 83 159 102 53 68 182 236 146 255 240 18 51 206 169 188 32 49 140 136 29 32 203 2 109 61 242 107 166 199 95 213 161 173 47 83 144 130 251 147 56 109 100 64 45 116 53 108 174 1 41 247 248 224 190 93 125 188 255 255 106
72 126 243 255 180 116 194 230 246 226 120 36 235 241 222 122 198 251 105 194 87 129 45 29 39 145 234 10 129 52 107 69 204 119 42 124 243 253 73 70 235 237 199 148 83 243 182 228 158 172 185 71 164 255 238 200 169 82 214 16 255 31 231 153
242 42 127 199 15 255 108 213 180 195 58 21 255 211 156 165 239 171 8 68 178 199 219 27 255 118 208 7 79 211 47 119 118 241 162 154 224 223 235 19 231 143 39 200 132 194 113 8 171 45 184 1 9 219 186 147 78 128 134 130 197 175 130 223
255 86 255 15 90 114 193 89 92 85 162 255 190 8 234 135 219 44 13 3 255 219 137 177 178 201 255 255 218 138 160 127 41 186 194 223 138 126 205 193 43 91 248 76 166 80 158 233 5 167 207 43 130 91 248 59 153 242 45 8 202 252 223 175
244 30 201 170 197 77 154 190 231 33 199 251 112 110 70 136 89 110 166 115 111 153 174 112 93 164 108 154 238 215 23 11 179 203 89 122 2 242 81 251 89 63 162 76 101 247 84 100 29 115 158 83 4 6 157 12 122 35 95 224 99 78 169 89
237 214 241 174 97 32 235 0 2 160 120 78 228 228 41 35 152 0 20 112 155 117 138 217 134 191 184 192 38 98 56 21 28 129 174 218 167 205 166 141 207 159 105 95 97 59 86 20 126 243 62 234 218 177 144 147 204 8 3 255 71 138 111 170
183 83 174 27 83 123 190 3 182 49 255 64 218 248 136 99 132 139 243 127 109 44 235 255 85 129 59 97 162 162 19 253 85 199 116 251 167 68 175 181 210 67 184 55 106 135 148 255 133 172 231 17 143 97 44 131 5 96 182 168 3 223 168 152
113 24 235 216 206 29 226 28 51 127 230 99 93 123 107 125 188 132 185 164 240 64 131 64 255 35 150 186 9 255 175 14 71 87 36 164 28 121 46 37 252 246 216 189 191 165 235 23 143 140 126 133 132 39 173 236 237 17 231 61 241 237 135 63
218 192 172 206 223 109 88 96 73 255 73 162 193 192 230 152 165 202 64 109 251 221 171 169 144 244 205 133 60 121 114 13 182 211 160 70 173 95 64 140 148 62 7 46 98 123 16 249 180 255 33 144 163 113 194 224 154 199 9 109 244 21 66 199
180 255 120 155 169 207 158 222 199 36 114 115 255 119 112 207 216 145 212 51 111 95 0 20 58 108 113 24 231 157 4 127 51 133 234 10 78 1 133 226 175 236 177 172 154 32 234 161 49 249 136 148 232 67 36 232 255 77 169 255 136 43 44 1
191 64 1 187 59 201 146 214 238 75 148 57 211 247 151 245 180 170 176 176 196 71 86 238 224 115 183 217 90 182 103 91 167 59 134 88 89 255 155 204 32 16 5 200 204 156 123 108 255 33 221 94 230 11 126 62 110 143 139 45 199 174 242 87
51 253 97 133 175 255 22 194 171 163 79 255 25 255 66 174 96 119 89 178 209 194 169 234 128 188 149 57 255 172 254 157 139 67 201 31 195 146 195 169 202 132 147 202 115 196 127 196 23 48 96 45 255 213 88 103 179 123 69 138 153 66 130 82
65 7 57 173 240 123 35 0 220 212 117 41 59 107 60 78 239 36 155 22 217 47 3 21 146 222 255 128 4 211 165 165 230 148 83 255 154 187 17 255 34 129 55 239 118 48 101 205 2 59 69 211 181 84 248 49 122 172 161 125 214 216 186 238
255 117 123 79 226 251 37 135 255 64 149 202 131 221 12 148 23 174 162 79 187 165 53 125 237 189 37 141 199 248 135 154 140 251 208 171 79 68 111 136 218 177 12 192 106 142 53 160 255 147 126 246 168 65 187 27 131 193 108 44 112 215 120 255
114 142 42 8 201 119 178 117 133 234 191 26 51 42 97 36 147 249 231 192 111 198 219 255 118 250 255 229 9 178 186 93 67 7 186 207 137 86 23 162 71 22 151 81 125 177 143 111 245 167 163 1 151 137 237 38 182 104 20 77 208 158 161 54
208 181 147 165 78 237 146 48 146 255 168 255 107 123 43 220 235 248 172 187 186 244 11 162 255 173 139 40 45 191 154 182 248 96 251 153 41 155 127 71 222 199 255 198 113 10 43 187 146 141 78 158 124 181 57 180 255 172 255 97 32 184 222 17
255 114 196 247 108 101 35 134 141 177 156 247 211 248 91 83 101 82 18 168 97 128 146 25 50 230 80 144 219 133 117 101 223 98 223 133 54 223 186 88 112 76 233 13 165 161 23 128 183 0 212 167 97 109 208 254 32 214 124 229 1 78 136 231
116 209 79 2 179 101 233 154 150 172 89 219 7 181 147 87 224 43 142 161 72 230 213 248 208 131 255 109 59 153 43 91 112 206 170 100 239 178 29 91 110 164 159 95 142 123 248 233 243 155 135 25 42 141 17 58 255 193 235 23 219 35 176 28
121 125 230 122 145 206 230 130 192 174 154 126 187 164 242 243 255 255 255 137 2 107 234 170 71 15 139 106 240 221 255 228 50 109 176 227 17 72 170 63 183 246 222 191 67 143 28 219 15 134 152 160 150 181 208 17 109 166 146 117 169 116 12 31
97 146 84 255 170 187 184 77 86 209 179 43 209 221 255 205 240 78 160 199 5 52 109 159 8 119 139 175 184 184 25 118 206 136 247 37 41 154 179 114 223 65 65 203 98 168 44 132 255 10 0 246 154 8 127 50 242 127 45 240 13 255 25 186
152 246 53 242 222 141 205 105 96 231 27 29 19 255 58 219 204 114 156 212 255 252 98 84 241 55 115 71 252 154 233 61 212 159 37 255 98 133 199 179 255 132 255 228 113 86 123 249 51 159 110 183 217 4 157 28 74 209 29 191 41 110 162 156
81 96 52 255 224 12 61 136 164 241 181 117 57 209 201 222 240 94 128 33 140 28 68 168 173 108 225 193 255 111 54 211 204 255 126 252 118 142 163 123 126 108 246 108 148 115 239 184 63 218 177 38 119 159 220 211 255 51 213 96 127 135 39 183
245 221 190 196 88 154 71 47 164 0 209 78 207 14 15 232 125 167 205 217 3 134 254 167 128 78 217 21 186 22 117 237 254 112 104 159 235 166 179 144 56 222 234 55 112 187 148 31 158 84 133 8 131 172 136 255 87 64 21 255 178 228 222 83
95 225 29 89 204 43 99 255 163 249 194 63 171 246 139 89 82 12 167 255 11 19 63 175 171 171 124 228 97 226 145 219 182 42 90 237 174 181 174 98 146 84 57 110 112 102 200 135 129 16 252 5 92 143 51 148 42 192 42 184 173 74 45 115
81 192 245 35 18 252 85 174 231 65 60 119 128 17 197 108 221 49 122 18 234 235 131 110 200 2 208 36 229 125 42 161 129 255 75 83 74 175 180 180 194 136 135 24 30 194 122 241 255 70 140 5 124 140 114 121 116 255 255 0 145 158 112 255
169 198 76 94 89 199 131 59 218 127 179 142 250 178 63 142 124 240 82 55 106 240 199 113 57 97 66 15 224 194 15 141 209 229 109 110 81 23 114 12 255 24 12 247 110 139 120 9 162 219 148 41 151 121 123 193 238 53 76 39 141 224 92 115
54 170 43 204 159 70 119 52 132 155 195 13 207 31 57 48 200 219 208 188 48 126 116 215 252 68 211 164 55 196 98 192 119 40 190 157 180 44 158 255 110 132 197 174 144 154 36 227 68 105 144 62 126 91 62 251 79 215 147 246 5 255 17 255
212 16 83 9 58 168 240 143 117 225 213 205 66 99 123 247 37 240 104 100 193 91 212 255 62 77 73 162 198 173 116 145 86 185 220 9 198 26 243 247 137 160 111 172 199 39 214 82 18 201 255 112 21 119 208 7 106 154 177 53 255 203 188 207
211 221 52 121 7 237 255 102 255 228 179 2 209 123 192 181 209 247 158 213 89 22 78 79 207 19 158 101 235 247 158 250 249 246 231 244 129 200 125 56 235 213 140 183 23 114 9 27 148 93 221 224 173 255 70 162 238 129 197 129 91 137 56 198
124 162 25 181 117 21 230 32 130 114 164 165 176 207 249 53 88 151 156 233 165 185 93 75 244 62 27 151 36 127 60 0 110 255 160 218 54 255 233 112 1 103 202 62 101 10 139 37 5 17 174 95 100 170 67 209 56 35 19 251 7 209 26 21
230 241 82 195 255 128 53 53 126 52 198 138 219 228 53 255 144 2 248 214 33 169 105 16 150 212 151 172 88 135 184 252 255 133 46 231 255 203 225 95 174 158 22 97 49 112 160 171 253 48 142 240 131 131 242 143 26 1 151 237 126 61 251 67
5 255 223 28 140 233 148 32 144 233 106 24 111 255 228 76 9 219 247 196 30 220 176 113 127 91 0 180 205 233 255 124 253 244 98 110 217 59 201 19 71 196 27 166 255 241 130 113 182 101 237 172 214 156 152 68 105 79 255 110 175 183 123 111
43 255 17 31 70 138 24 72 185 144 124 16 200 194 127 35 236 149 242 187 168 147 167 192 255 131 218 34 255 253 39 233 165 156 36 137 23 147 113 157 196 147 19 176 188 75 249 255 31 145 123 255 165 70 202 223 228 163 173 88 209 197 192 46
255 13 115 108 245 51 4 40 139 246 58 255 143 255 236 175 195 58 91 255 19 55 127 139 155 255 255 147 223 41 200 136 197 209 55 146 205 188 231 52 232 56 239 122 115 76 51 137 72 255 67 45 250 123 21 131 216 125 255 150 95 235 2 140
91 247 234 89 78 203 15 255 27 177 103 216 206 53 197 82 89 0 20 255 148 188 144 27 254 255 255 30 161 242 185 1 255 134 212 173 91 151 67 169 134 168 10 160 155 250 58 137 220 44 17 233 106 131 106 123 108 255 170 7 226 180 36 252
48 141 62 10 190 41 212 136 23 115 159 14 217 255 255 73 156 92 152 76 151 255 9 186 61 167 127 1 78 193 193 187 156 1 255 253 69 53 104 68 107 255 9 244 243 169 249 174 125 17 131 8 238 90 188 169 109 178 191 156 4 56 125 1
15 168 142 82 142 122 213 117 125 178 16 2 166 32 149 34 130 120 235 132 90 109 223 185 65 246 234 61 160 153 12 55 213 255 237 138 167 109 244 169 112 80 142 105 218 120 185 40 75 52 123 242 33 203 126 180 116 242 62 62 126 148 223 166
206 127 59 224 182 17 191 30 188 172 81 187 66 255 255 255 255 31 125 90 65 159 192 129 237 240 140 192 71 218 213 252 120 249 7 145 176 229 63 36 89 221 209 12 134 191 36 135 148 192 253 251 141 59 44 31 9 39 79 180 157 103 130 47
211 6 55 20 236 130 65 208 151 171 182 171 143 183 172 25 153 71 242 0 205 238 250 255 190 10 189 49 161 248 189 23 30 155 255 79 114 49 179 178 80 36 59 15 255 41 94 130 209 30 125 131 243 168 9 197 91 223 219 237 39 236 40 255
234 248 167 255 33 126 134 164 76 242 228 51 74 225 124 255 232 246 166 32 112 226 60 0 143 141 139 242 72 239 68 33 9 68 73 181 197 217 167 107 116 63 100 216 169 28 237 246 143 115 74 143 202 230 151 241 21 95 16 179 192 198 183 255
166 139 255 233 128 185 255 183 124 232 255 179 210 255 246 149 136 8 150 139 181 238 255 231 62 176 110 221 95 57 126 2 238 64 242 150 113 199 168 17 244 225 255 186 246 208 211 75 155 8 18 170 9 150 220 51 101 250 45 132 69 57 192 36
210 176 193 129 212 122 148 136 255 176 199 241 218 185 128 255 247 255 164 255 255 191 188 231 209 202 161 203 121 169 175 255 208 169 132 21 222 213 77 210 207 3 201 170 173 16 245 202 127 18 198 62 210 76 74 218 117 255 255 148 24 197 176 57
255 249 202 24 211 251 255 255 197 255 109 255 199 236 118 227 111 255 238 216 205 255 255 192 240 236 103 235 9 17 156 136 236 152 217 183 125 142 186 152 58 250 184 5 174 164 183 212 189 183 182 196 246 155 21 46 42 11 148 145 59 38 6 38
143 200 122 249 181 255 237 215 235 255 165 176 120 209 244 213 198 120 35 150 148 121 105 196 214 164 40 107 245 231 17 225 239 132 192 121 31 184 172 105 178 125 96 203 5 167 17 103 230 152 216 180 67 255 232 191 183 125 135 253 67 255 69 189
127 229 228 185 255 125 148 176 5 136 255 255 192 252 134 151 255 181 138 248 115 119 166 212 109 63 215 217 21 43 100 167 181 30 7 8 40 125 185 207 101 160 151 110 100 141 255 205 143 252 106 56 160 105 20 70 30 131 46 166 51 3 73 207
119 118 200 207 18 231 186 159 112 255 163 48 243 137 255 255 215 235 166 109 56 250 173 189 66 228 106 117 194 204 12 120 158 217 174 255 31 211 224 98 229 169 60 246 174 149 230 244 255 3 150 231 255 78 165 225 148 250 45 25 162 216 31 178
219 255 57 111 216 124 227 242 213 154 159 245 188 109 118 132 135 176 215 195 248 128 173 206 197 172 177 226 143 98 247 185 136 22 0 240 22 220 118 181 179 65 236 202 220 172 196 251 216 228 65 255 252 19 255 197 223 32 7 248 72 128 202 247
181 112 255 166 207 172 242 255 119 108 183 241 191 237 134 255 241 251 250 147 207 216 115 41 96 94 239 11 107 64 118 195 250 132 135 13 218 239 151 163 116 223 255 61 238 237 57 136 43 127 235 229 11 230 255 204 75 51 71 217 166 235 44 127
148 179 158 187 216 125 124 255 170 150 111 180 136 189 126 85 189 241 220 188 225 249 114 190 124 121 71 176 113 19 109 51 61 8 255 250 212 60 170 255 255 155 164 76 230 137 183 238 84 193 16 81 170 41 137 48 118 255 52 0 144 155 11 105
196 248 255 205 19 154 255 253 128 255 134 255 185 225 241 113 196 156 23 112 178 208 144 120 98 95 12 74 127 254 165 171 154 186 13 95 233 101 127 72 161 186 64 118 53 12 166 220 55 215 197 67 189 180 74 255 113 117 36 67 94 175 163 170
255 235 172 209 43 240 162 138 134 226 255 255 170 160 215 240 205 203 135 201 255 110 214 219 167 139 194 141 155 240 230 88 156 33 175 163 23 234 131 202 152 50 4 255 255 29 197 151 136 255 223 20 57 20 132 214 255 223 68 28 140 197 1 137
255 236 161 169 255 128 167 220 204 114 180 117 180 255 200 218 228 113 224 255 185 239 109 186 231 145 68 231 236 192 73 126 191 55 225 167 199 216 76 156 134 118 204 140 4 63 159 188 119 78 177 125 80 234 242 42 12 189 214 97 163 177 178 86
174 182 239 41 240 194 255 151 202 161 240 212 137 243 144 178 193 182 255 176 185 200 132 210 111 202 181 190 185 59 92 182 150 158 79 207 236 62 89 2 71 50 251 86 56 230 163 20 127 40 228 70 24 103 86 68 133 189 91 255 216 53 255 3
255 130 161 226 255 217 223 255 206 255 155 247 155 255 165 84 255 255 179 150 255 125 255 97 17 207 111 168 104 168 193 254 65 5 238 48 86 252 0 43 45 23 149 255 140 106 190 133 103 217 180 107 209 166 241 179 78 1 201 10 203 27 174 23
181 170 158 214 164 254 177 255 199 142 139 108 140 238 229 255 165 142 255 255 180 255 204 14 239 30 240 109 95 43 11 169 96 105 132 183 199 91 207 76 82 230 12 46 252 221 249 159 53 233 137 218 73 60 131 155 83 230 209 0 79 187 193 206
255 215 255 255 255 188 74 165 218 255 252 208 110 140 183 167 226 105 255 237 223 180 110 236 108 190 58 142 106 144 83 186 206 62 143 224 10 175 243 24 179 32 233 100 45 220 157 249 225 82 17 33 88 124 192 189 109 9 164 19 125 60 118 45
122 255 255 151 94 235 112 214 118 255 194 190 255 224 179 65 190 247 227 254 254 132 255 201 35 195 188 130 103 252 16 143 129 229 73 255 13 250 0 248 185 111 124 35 152 242 199 193 210 221 62 46 108 168 255 151 106 182 24 26 71 83 66 26
191 114 188 169 224 154 108 109 255 130 189 248 255 181 192 235 162 255 113 180 255 253 86 233 131 203 243 7 49 128 153 123 183 216 58 213 216 251 205 138 142 202 94 172 181 197 255 159 18 128 197 217 151 255 202 21 22 9 228 105 211 101 243 164
168 228 255 194 247 255 131 126 202 130 255 125 221 233 255 224 222 174 3 168 217 208 214 173 119 65 227 166 81 228 146 160 96 15 79 205 252 185 83 255 137 172 218 53 158 175 215 226 213 111 139 179 45 138 91 141 68 9 89 91 82 127 173 175
198 110 179 140 226 255 230 191 255 189 199 41 255 255 165 150 137 70 255 149 244 178 255 205 255 44 35 82 232 208 10 193 254 155 143 239 169 213 233 132 126 226 255 148 205 199 175 202 138 160 218 191 235 216 216 176 113 102 41 141 3 251 172 97
211 193 245 248 224 255 172 255 105 244 140 255 214 255 202 140 255 169 247 255 161 231 131 223 123 82 78 197 154 101 121 177 126 167 123 181 31 239 92 176 39 204 21 136 33 25 43 84 218 148 221 66 109 231 82 255 72 88 72 247 106 161 67 118
133 235 75 142 179 141 175 157 250 255 245 143 167 227 160 123 253 255 145 110 248 247 183 1 193 166 64 6 33 150 120 102 229 247 46 25 166 72 255 188 90 254 166 175 130 107 167 57 45 5 236 131 28 255 236 140 176 243 15 198 31 183 59 103
255 255 255 158 254 215 125 108 200 196 183 170 230 249 199 255 255 144 247 142 152 175 138 87 106 0 160 178 255 217 109 68 126 147 180 138 228 255 255 206 220 159 51 96 6 186 232 195 140 162 79 127 104 159 220 243 38 84 20 176 79 93 183 49
244 206 255 113 255 255 239 247 164 255 197 255 202 122 215 82 148 145 142 205 255 116 255 10 206 128 10 81 124 223 251 204 219 152 254 171 110 254 43 219 157 211 60 252 220 230 38 123 55 43 229 151 59 120 6 62 248 168 149 93 114 159 42 192
207 255 183 165 161 255 255 157 167 207 142 236 255 163 242 158 255 255 215 126 145 127 182 126 121 205 69 62 121 211 204 245 95 229 33 156 8 27 232 50 241 19 183 204 132 91 140 212 226 216 126 223 240 128 209 149 177 14 146 221 65 17 66 118
249 125 241 46 192 250 255 234 186 255 255 175 162 240 159 255 255 255 173 255 236 193 255 62 225 163 42 130 255 152 43 166 218 151 189 144 252 39 144 90 71 56 190 53 255 115 36 84 75 152 155 68 246 213 255 143 238 29 147 79 25 210 122 71
255 180 255 255 207 197 165 209 121 205 187 255 170 117 190 145 198 109 208 138 204 230 255 153 125 15 75 161 99 255 198 163 202 255 252 137 147 123 216 130 196 119 177 248 196 46 199 246 228 217 108 72 41 237 235 52 59 239 123 64 127 205 143 127