42 93 39 82
33
241 221 93 125 222 223 242 168 154 56 10 204 41 86 175 98 223 146 201 5 199 38 113 226 121 53 230 239 150 184 77 200 119 229 248 198 40 233 239 76 200 17 147 204 172 206 194 15 219 221 47 104 90 180 160 59 60 174 117 194 142 98 197 161 239 200 48 93 182 4 143 44 211 174 199 200 183 134 116 106 64 66 84 77 246 253 73 76 201 96 148 197 40
182 163 61 148 242 115 189 106 255 175 192 176 248 252 210 197 227 3 113 30 90 74 222 254 224 158 175 68 7 1 252 29 2 54 254 148 124 170 192 170 177 241 10 164 46 174 53 231 184 81 147 43 45 213 152 134 100 199 97 164 208 135 116 163 39 225 238 42 168 91 206 230 248 170 45 95 215 96 216 161 99 254 25 225 227 220 8 4 209 187 181 210 195
154 189 132 97 208 115 18 184 191 37 152 226 14 168 188 222 163 157 19 165 255 10 155 120 251 220 183 91 52 205 93 42 224 254 137 104 108 250 162 237 200 198 205 108 226 211 205 1 190 24 104 193 242 101 201 223 153 120 10 148 207 43 245 0 237 25 147 196 17 21 251 42 165 191 229 92 255 110 150 69 208 197 14 62 47 240 248 237 249 217 108 154 181
205 93 161 250 16 135 27 55 218 170 245 5 208 90 43 158 199 74 2 174 243 109 249 121 180 204 141 162 234 192 56 182 111 189 167 68 180 125 163 224 185 156 202 217 173 233 132 225 224 218 90 201 244 255 51 102 82 140 229 55 1 31 198 189 29 0 39 138 156 76 131 137 163 82 246 146 139 26 74 18 42 118 17 179 236 118 42 255 82 140 248 113 112
210 77 178 217 176 96 223 91 90 1 59 188 45 33 118 208 130 79 16 228 248 252 45 210 130 97 125 221 84 73 249 219 244 245 151 38 12 24 123 108 230 205 81 108 244 188 247 231 192 236 13 131 25 106 49 145 164 19 169 29 4 117 236 136 142 164 6 196 227 166 16 226 130 246 251 26 110 149 182 111 253 245 130 210 110 198 82 40 103 233 215 17 200
198 231 149 112 21 116 22 89 74 27 40 206 22 90 45 167 123 74 165 148 224 72 70 231 164 163 15 44 153 34 252 252 50 83 115 203 180 191 140 211 108 215 0 253 217 79 136 103 191 165 145 194 214 219 80 14 201 13 214 152 235 237 118 96 140 1 114 221 143 251 26 191 149 132 114 25 75 0 89 81 180 75 248 107 11 235 63 244 14 119 97 240 112
13 83 54 59 228 236 199 190 209 191 127 164 210 248 186 17 145 166 236 123 39 185 235 196 87 20 151 87 222 47 218 72 13 221 116 197 184 135 243 70 80 129 222 204 218 49 5 165 244 84 164 192 187 190 126 221 230 193 225 119 188 248 37 109 240 157 116 44 86 104 185 181 114 70 211 246 51 98 46 6 204 159 172 248 217 155 203 57 110 180 65 182 92
248 209 241 55 213 164 214 64 43 59 219 176 255 93 136 94 7 244 198 255 198 59 250 164 148 77 222 221 186 209 162 228 169 241 233 116 219 151 235 132 66 82 77 193 218 215 230 57 247 218 245 109 206 164 181 64 231 250 236 229 58 162 154 31 85 73 189 140 181 254 105 104 13 121 50 194 105 224 165 166 37 27 233 203 63 23 207 64 205 43 31 249 254
152 195 17 246 59 43 227 122 207 106 237 235 245 143 234 152 73 126 202 213 237 91 215 251 176 211 60 243 240 230 29 194 177 211 30 141 110 222 34 205 162 126 74 150 1 160 229 239 185 42 193 132 12 92 82 191 207 140 67 18 211 172 10 246 0 255 173 44 114 166 141 199 107 116 219 189 183 255 151 216 81 49 44 222 235 110 130 234 233 245 9 213 231
249 76 15 124 216 233 233 207 101 193 13 234 155 82 187 9 42 221 25 240 191 144 241 66 109 242 58 96 227 95 40 168 238 199 121 119 189 244 210 184 229 59 210 157 87 106 83 104 41 213 42 186 209 42 208 130 248 47 187 254 24 119 244 200 70 232 217 4 105 114 99 118 245 60 241 135 136 208 52 1 62 178 108 54 68 148 93 224 251 223 242 227 133
217 249 119 52 102 82 141 233 80 250 23 58 218 106 244 192 194 189 54 198 63 102 68 190 221 159 139 147 22 172 152 226 203 12 122 248 80 107 246 244 4 100 205 49 213 181 69 110 172 255 222 127 77 61 224 211 222 104 97 182 54 212 151 189 153 72 230 164 86 186 190 57 191 11 157 138 173 121 213 24 64 123 103 66 182 236 195 64 111 132 63 251 226
214 97 214 81 54 77 229 86 135 175 218 44 241 250 113 243 168 152 209 227 250 185 8 121 236 71 52 104 62 168 211 201 107 116 176 142 22 224 60 118 219 244 216 104 234 12 92 93 32 29 236 207 97 37 95 248 211 143 50 236 41 215 35 35 253 188 81 158 199 168 96 212 201 203 255 197 239 115 203 196 126 165 225 135 201 97 53 91 43 110 132 231 13
241 79 155 165 177 223 189 140 171 37 229 251 245 143 244 199 234 206 192 141 111 179 201 110 224 60 212 191 147 160 213 22 134 239 191 221 104 223 52 69 197 240 149 214 186 184 226 131 224 81 61 20 143 7 248 101 98 16 221 171 72 122 239 124 228 237 49 0 127 223 251 114 37 234 194 148 69 227 223 98 34 189 191 52 204 26 93 28 187 182 169 89 161
172 159 76 138 55 105 66 253 202 93 13 138 78 79 250 222 51 221 148 49 232 244 234 171 155 202 217 95 232 135 89 148 85 3 22 186 139 133 157 236 129 241 198 220 80 80 211 25 159 89 74 13 61 144 135 138 208 165 221 254 69 229 26 215 39 228 108 129 54 183 145 14 250 240 167 89 210 30 225 60 170 230 215 132 189 246 239 188 181 194 66 193 144
225 225 120 219 220 243 213 224 208 65 64 218 238 90 107 13 27 212 39 87 83 164 100 222 158 149 213 76 223 92 124 200 230 3 155 166 32 105 232 241 250 171 239 91 115 206 80 255 72 214 12 211 149 204 241 125 41 51 145 115 95 56 232 79 101 27 10 229 166 235 50 0 181 140 33 87 124 236 219 32 151 69 208 101 91 11 151 203 230 221 242 197 58
39 200 239 4 235 222 224 91 197 58 201 53 73 127 79 192 216 94 13 34 250 157 210 231 159 213 112 45 208 76 230 14 77 236 191 226 223 182 178 197 213 53 249 58 118 162 116 250 134 51 79 192 88 193 93 103 26 172 137 95 50 80 91 161 226 150 243 152 195 185 233 199 172 234 241 34 205 36 221 4 76 238 7 51 107 126 141 175 68 250 122 5 110
195 61 80 254 72 242 144 221 196 102 107 171 126 163 239 230 55 83 114 118 221 219 129 158 200 252 224 235 50 42 213 250 176 101 221 23 187 212 252 223 222 138 176 35 194 96 176 113 128 222 160 75 48 30 223 173 189 227 201 216 222 247 198 240 58 47 217 201 79 120 53 146 195 228 168 208 127 230 203 241 211 252 243 226 31 160 196 175 200 197 61 249 253
2 6 118 227 223 92 201 140 186 125 222 142 170 143 5 26 111 10 134 68 117 200 184 222 24 156 97 245 250 246 177 215 25 17 176 126 247 129 207 155 255 17 63 88 231 98 47 104 129 138 107 51 224 191 121 192 13 166 15 63 147 241 107 220 176 58 68 166 189 236 100 100 219 196 163 200 250 150 207 177 94 200 176 244 191 176 191 25 118 143 171 99 63
236 254 100 253 41 245 59 141 19 199 224 134 206 234 31 21 73 176 107 27 228 88 169 221 24 241 43 224 79 240 176 56 134 126 215 21 210 147 227 248 246 200 217 3 10 242 200 233 250 128 43 227 36 187 114 198 117 132 215 183 45 130 199 139 13 165 193 234 49 139 206 79 86 250 125 112 117 202 185 16 95 156 187 73 209 228 248 44 174 20 50 30 53
248 197 199 188 174 248 182 237 157 68 219 226 4 245 122 231 46 75 57 98 228 229 181 25 222 68 99 192 251 40 181 244 152 184 167 4 255 227 86 109 96 125 200 211 130 237 11 131 222 222 158 243 205 86 228 189 89 49 129 8 210 83 0 65 34 101 254 247 251 89 202 95 66 97 150 9 227 249 214 76 216 210 71 162 148 174 16 250 198 95 239 62 209
243 29 49 201 17 73 235 62 223 152 60 101 73 226 101 195 151 169 177 74 105 204 251 108 96 194 180 243 208 135 35 224 74 7 9 110 172 179 136 251 97 191 13 138 208 232 235 137 248 247 200 61 108 135 229 217 86 18 250 232 204 203 59 241 204 177 6 204 190 25 55 138 231 224 7 255 247 168 232 193 12 193 202 217 60 190 93 99 250 34 98 231 241
213 118 51 195 90 66 225 200 210 213 5 118 87 87 226 226 218 245 249 35 238 98 179 12 244 55 169 135 60 241 143 217 203 59 219 117 118 114 131 141 253 88 30 7 233 158 198 210 245 164 235 80 74 189 215 68 191 120 111 108 138 8 128 110 37 179 242 221 198 29 52 247 154 246 227 99 165 219 212 223 192 215 218 185 195 44 204 39 244 195 144 198 246
241 58 207 111 114 242 244 129 194 254 194 117 210 234 147 143 70 158 108 60 163 106 204 224 18 235 34 246 90 109 85 209 244 61 250 58 24 249 47 20 77 78 55 185 153 153 165 57 116 65 32 6 97 208 237 106 210 16 107 137 35 156 184 118 234 205 102 220 132 191 253 4 228 97 187 5 186 241 4 144 243 86 106 242 60 56 49 198 223 250 100 203 67
68 149 244 15 36 205 32 208 108 189 14 123 177 197 150 234 52 239 142 109 221 197 100 201 95 254 232 35 64 233 193 167 94 40 24 226 187 7 55 119 190 82 181 180 190 28 79 32 176 255 80 244 216 250 234 57 238 111 190 240 192 238 239 246 47 48 223 159 61 249 239 157 2 0 75 231 233 37 246 173 209 170 220 181 235 141 61 110 196 191 15 58 214
130 39 206 203 90 198 186 79 219 136 167 182 208 157 189 230 244 156 151 254 227 166 58 253 120 204 47 191 193 171 192 121 13 72 210 119 54 119 151 54 195 239 242 51 126 211 54 145 245 128 77 214 152 152 100 26 99 49 244 199 57 140 44 115 214 166 214 38 198 68 197 19 84 189 229 108 212 226 20 62 197 176 35 144 186 87 244 188 189 247 248 64 41
82 250 215 70 25 255 66 253 99 235 97 204 234 186 78 204 240 234 199 108 58 90 220 28 126 210 196 192 43 220 109 25 29 205 212 243 88 105 229 144 16 93 229 223 222 222 226 32 218 209 254 133 0 148 163 197 13 238 35 160 49 214 220 189 89 51 212 73 250 237 220 116 160 88 231 220 108 76 250 242 75 197 212 116 156 30 252 209 235 55 157 239 229
120 246 174 52 94 213 243 214 114 89 210 16 14 57 54 171 131 125 108 238 173 234 190 230 46 222 174 143 234 151 106 207 99 96 20 199 213 120 210 29 38 29 245 225 174 3 39 243 76 44 143 109 140 211 234 189 90 37 205 168 206 222 45 17 190 191 216 212 216 208 229 218 214 126 202 189 227 244 215 208 209 234 198 252 240 203 226 199 222 196 228 252 235
255 114 121 220 51 246 218 42 213 114 119 205 191 247 165 204 162 93 201 145 249 97 204 44 242 16 213 215 151 237 231 88 234 4 252 28 185 251 218 236 19 143 105 139 126 120 166 100 115 208 126 212 96 247 101 252 61 47 193 202 217 167 199 195 253 168 31 24 80 192 68 221 153 212 202 237 225 227 221 232 237 201 217 251 253 217 249 202 207 235 203 243 202
197 235 96 231 46 91 29 191 255 104 180 194 254 234 155 210 217 112 158 101 112 32 38 146 181 24 74 114 95 61 203 134 64 214 246 241 238 13 168 67 224 126 177 106 224 201 38 242 200 158 156 219 164 47 217 240 130 55 193 85 220 244 239 63 28 240 176 245 214 241 198 222 242 194 219 202 242 194 197 239 189 207 248 232 233 205 242 220 217 193 205 249 240
204 231 8 246 148 96 31 159 34 234 101 229 193 242 113 199 27 24 48 192 235 254 129 225 218 163 123 77 242 3 254 35 160 191 172 19 161 15 11 190 247 132 53 253 253 222 208 195 65 236 206 196 24 163 237 125 174 3 109 200 225 35 191 187 216 252 132 205 175 230 243 243 255 253 208 221 128 209 252 215 250 247 246 254 85 248 245 249 225 200 209 248 218
1 35 243 222 117 199 215 117 187 94 225 217 52 33 133 66 199 227 197 130 117 224 208 78 66 138 71 248 220 251 141 124 242 208 82 195 251 235 186 160 238 222 58 157 29 104 125 215 188 178 81 221 54 209 145 214 157 154 222 242 34 129 227 235 137 129 235 235 106 213 252 245 249 248 194 222 192 227 211 219 244 212 190 198 228 229 246 198 245 192 213 251 200
212 47 213 228 222 215 210 149 119 178 94 17 139 201 69 60 98 227 194 182 180 180 197 96 71 245 45 149 194 50 47 205 79 128 115 226 135 204 20 170 219 219 25 24 115 135 21 239 150 239 108 247 251 245 233 162 146 223 237 252 105 77 65 212 248 182 170 187 229 213 244 211 210 211 196 199 225 207 230 194 200 236 231 231 205 190 244 207 236 203 211 241 253
252 153 15 240 41 231 232 133 229 197 220 115 34 102 209 134 213 249 207 144 141 162 130 223 191 114 232 229 239 245 130 142 38 179 52 224 45 128 204 50 4 148 88 103 248 72 137 194 199 81 187 0 31 197 254 96 198 26 127 137 197 164 206 3 114 1 85 91 204 246 197 246 191 223 203 242 241 157 196 246 226 146 253 191 245 214 225 244 222 225 238 195 65
60 116 19 139 247 228 199 236 90 7 185 212 83 170 242 16 237 238 165 37 251 231 242 51 161 175 252 253 96 196 199 54 232 64 16 63 193 198 80 60 174 236 189 226 201 208 123 191 242 116 34 100 155 18 206 223 8 210 201 47 56 18 208 107 165 61 190 234 154 252 253 206 244 214 238 239 221 216 76 228 252 255 129 201 211 198 214 205 223 201 203 236 233
247 173 232 214 234 100 132 20 254 217 80 99 251 16 171 76 109 244 221 176 208 75 212 87 74 103 251 18 142 77 75 167 123 36 198 64 255 66 64 80 159 180 98 55 205 104 139 67 142 97 196 144 225 215 20 223 24 64 236 192 229 42 157 220 100 54 17 242 96 249 250 207 230 71 241 248 249 212 229 244 222 210 224 240 239 228 212 234 191 214 200 189 230
147 10 34 254 10 53 236 55 205 78 205 35 108 208 130 204 16 122 79 55 134 220 37 128 109 21 74 63 193 147 33 251 182 61 137 242 116 52 233 208 87 16 21 188 7 115 121 246 4 32 73 214 100 67 229 251 187 137 51 228 100 208 217 104 189 221 229 196 193 214 197 212 67 222 215 196 222 221 233 238 238 232 206 232 254 224 210 248 237 214 198 205 195
8 205 191 13 137 199 69 199 237 114 11 214 161 82 34 209 220 228 208 41 67 100 77 60 42 203 94 252 192 244 89 65 105 89 89 146 134 61 50 105 215 194 182 120 207 225 199 252 220 239 176 237 51 139 144 134 152 14 255 64 57 236 57 197 101 169 245 169 19 243 208 215 197 242 253 189 198 211 201 197 233 244 237 85 212 194 222 210 193 240 189 200 236
192 136 224 199 114 15 241 73 128 184 69 144 207 242 208 48 140 160 101 135 48 192 44 119 0 41 21 2 165 136 151 202 198 164 15 233 108 250 144 54 220 87 240 248 251 150 84 10 137 230 190 253 57 8 180 222 6 13 155 172 14 69 186 34 168 29 104 140 99 240 210 212 220 218 215 215 132 234 242 247 211 205 189 197 237 216 203 134 198 243 219 227 241
132 215 122 75 90 63 202 208 110 23 214 60 230 216 158 209 208 141 147 43 55 102 210 71 254 214 94 242 116 61 112 56 122 202 38 97 78 84 182 224 188 52 169 73 226 17 220 249 244 124 239 181 192 13 43 231 89 194 95 104 250 169 144 224 234 237 113 216 29 242 197 218 189 218 247 211 244 196 248 205 254 222 213 205 244 222 221 222 54 222 191 137 195
72 65 161 27 244 213 223 201 19 207 142 192 195 159 179 198 252 241 250 222 100 242 12 200 227 134 138 49 35 233 59 208 213 215 10 3 87 85 188 248 212 208 245 246 241 34 47 219 21 209 247 253 152 212 134 250 21 234 225 81 86 161 203 132 88 201 148 13 65 222 247 193 239 202 246 226 189 232 200 207 238 118 201 250 207 90 6 211 64 209 191 246 200
61 205 203 89 234 185 198 116 213 183 6 231 53 233 175 181 129 195 188 90 49 56 181 212 114 24 93 95 103 199 241 135 217 208 159 217 9 56 239 249 60 221 115 43 151 215 202 231 223 169 144 241 205 174 25 76 42 51 33 5 239 77 208 216 124 35 191 164 209 218 251 254 237 195 233 239 250 235 255 219 209 235 215 239 248 246 239 227 224 190 196 190 223
23 203 211 45 179 208 147 49 107 199 45 38 251 153 252 231 231 85 99 219 108 6 239 208 196 106 38 207 196 130 34 218 37 94 253 248 109 40 199 129 66 117 181 198 117 248 205 201 146 209 81 225 21 252 237 6 95 162 104 251 221 199 205 212 155 71 72 217 201 236 238 249 189 202 210 209 218 215 214 92 203 251 221 222 193 199 59 197 240 172 243 200 213