65 9 60 2
46
197 218 250 71 46 200 255 127 94
44 251 27 179 71 216 27 29 255
235 47 25 255 38 120 240 183 74
233 61 74 147 87 127 54 217 128
192 199 204 45 114 132 10 215 143
221 246 244 236 251 143 236 12 58
197 97 240 90 91 194 84 143 8
255 83 121 203 9 30 52 255 50
128 247 255 216 234 7 91 177 90
190 135 70 56 35 44 61 207 253
85 111 250 249 209 0 44 246 44
252 4 172 53 148 77 176 173 219
237 63 11 26 43 255 114 141 254
184 176 212 203 217 29 255 218 82
129 230 108 217 133 2 163 218 217
200 255 249 111 223 137 97 206 100
173 70 42 91 122 227 84 249 21
171 4 142 40 224 142 254 255 96
240 183 188 21 205 39 212 247 255
153 250 201 90 173 42 44 212 16
234 131 68 234 240 253 67 246 42
188 114 44 255 255 192 255 183 189
255 177 53 192 4 199 184 202 184
255 137 255 232 244 239 31 89 36
155 245 175 144 164 193 242 246 194
67 236 141 86 8 131 37 106 187
253 21 109 21 188 211 8 73 248
253 67 58 72 179 166 240 179 87
66 30 73 162 253 35 238 120 93
232 100 208 64 23 204 197 187 190
7 254 216 192 154 126 76 69 3
234 1 200 27 167 209 43 48 255
255 233 230 221 142 116 28 196 228
75 153 188 228 253 232 200 127 31
101 179 121 186 243 25 53 2 73
237 41 14 19 58 66 246 250 238
192 242 40 201 220 151 209 76 203
213 59 59 0 59 255 243 67 10
53 36 130 80 211 10 177 231 229
109 141 207 95 193 82 191 237 10
251 118 103 63 37 239 75 103 255
132 30 140 9 68 224 195 223 24
155 69 255 183 232 202 198 37 233
153 249 209 226 159 190 254 120 132
58 116 138 77 50 4 172 199 51
255 236 78 47 103 156 252 255 255
27 51 207 248 255 182 86 22 96
100 156 54 52 83 134 210 43 122
236 190 16 130 185 254 182 211 193
17 96 255 46 235 253 114 132 31
19 205 86 133 195 93 237 107 188
189 255 238 211 210 227 227 243 255
255 209 217 250 254 208 217 7 205
70 188 234 255 253 208 232 255 247
253 255 220 255 219 243 194 220 188
213 201 210 217 214 197 223 233 204
202 230 246 200 255 224 194 226 255
191 249 225 228 0 243 247 216 255
203 31 255 255 218 240 254 241 195
255 234 255 241 204 189 195 255 255
188 222 61 22 224 248 219 77 255
194 195 217 85 198 255 189 248 211
255 229 255 239 255 254 213 252 255
213 240 247 255 237 210 249 251 217
214 255 255 197 221 232 209 255 243