81 47 40 37
46
56 255 207 30 208 206 255 255 62 3 2 192 72 194 242 170 167 156 234 255 108 179 132 3 255 186 9 227 104 206 2 255 244 240 125 223 204 242 123 190 101 17 228 188 47 159 232
109 33 156 200 204 69 213 44 76 35 225 95 208 242 68 228 215 230 45 176 103 88 249 239 217 198 201 196 102 146 186 170 87 253 47 79 158 216 44 56 141 224 227 217 27 184 152
130 211 66 152 209 225 65 162 100 109 152 217 143 77 185 27 178 114 53 215 132 229 233 165 90 69 44 38 255 181 71 255 55 225 255 240 51 123 39 255 50 94 154 247 125 255 157
72 156 227 21 255 16 143 135 162 76 204 99 81 234 165 62 107 43 122 90 134 231 122 171 188 116 22 255 48 56 133 224 162 53 41 152 152 223 89 30 191 17 203 63 18 98 128
224 232 35 239 215 9 139 87 53 8 254 102 231 104 192 253 31 116 236 150 202 71 218 242 35 33 210 92 104 175 248 11 255 255 219 164 212 250 219 124 225 255 45 123 232 203 75
244 173 179 255 70 7 106 52 106 50 242 247 88 73 51 226 184 209 255 136 26 36 136 213 64 164 220 228 179 113 128 228 5 4 213 254 123 209 255 52 183 179 128 85 255 255 255
250 255 65 17 179 252 18 44 190 104 238 141 152 67 255 235 203 205 90 91 232 157 91 61 114 240 255 63 135 201 15 114 210 255 179 170 37 194 140 47 255 208 253 217 255 135 119
255 245 226 189 13 137 255 228 132 72 226 241 32 151 101 232 205 245 210 5 195 99 245 225 255 255 213 142 180 216 62 216 19 134 185 136 122 132 169 15 231 212 183 93 255 255 85
183 230 229 112 113 27 28 245 6 175 144 244 113 204 234 68 54 252 188 200 255 251 85 172 129 189 40 142 25 71 155 208 75 221 92 255 137 232 255 50 128 179 121 116 161 124 138
48 241 46 151 16 119 88 50 34 108 180 24 225 251 148 135 150 78 40 66 41 202 84 255 183 166 91 212 8 28 255 205 143 239 217 72 97 223 113 139 221 255 137 235 212 34 255
197 164 244 23 36 162 208 72 151 255 244 138 255 235 14 186 183 243 50 255 103 219 35 227 16 105 214 93 226 146 16 169 255 255 143 255 216 4 55 145 165 235 133 227 157 199 1
254 235 192 86 38 228 223 33 59 182 233 111 183 3 99 62 104 179 202 246 255 162 134 204 231 199 87 254 124 225 226 238 18 61 184 133 255 160 208 252 255 9 201 236 244 7 46
143 124 61 208 119 131 255 216 93 181 205 160 150 105 255 234 141 13 255 255 139 97 243 123 27 139 161 73 121 149 255 169 158 255 99 144 188 150 255 26 202 142 73 55 99 81 156
241 156 82 204 158 255 52 24 105 208 201 223 125 87 255 73 96 23 249 181 214 48 70 244 228 44 199 205 155 243 204 153 160 187 242 28 4 149 48 105 181 18 127 104 242 110 92
254 255 211 229 56 80 89 131 59 199 25 68 228 80 183 3 211 132 255 69 198 57 255 241 80 32 202 238 188 198 27 255 10 203 9 116 248 21 119 227 19 201 167 198 222 221 211
111 221 23 37 19 187 139 80 79 248 127 55 121 191 204 49 145 6 255 239 12 41 255 135 28 11 237 255 101 67 133 142 39 32 243 87 164 238 255 26 255 200 220 255 108 255 91
117 68 134 14 246 206 210 57 167 56 142 113 224 76 203 161 137 94 154 216 136 39 149 255 113 177 207 243 136 77 234 165 203 187 21 198 221 15 45 201 250 37 93 62 51 157 137
128 255 151 139 204 154 146 148 187 134 253 58 255 129 139 5 110 108 33 72 233 22 255 239 161 246 177 106 223 249 134 230 70 53 126 194 9 161 114 244 240 241 233 255 220 255 159
244 216 178 122 116 63 200 207 248 65 240 119 219 101 169 168 66 205 204 255 101 255 183 255 37 184 93 103 212 146 226 236 86 255 231 84 130 67 130 75 106 173 211 209 91 128 252
255 251 243 208 152 141 36 215 110 86 127 249 132 156 135 194 105 237 103 43 255 204 255 22 5 51 125 251 249 110 231 196 155 255 123 1 165 220 8 225 255 186 255 255 13 2 20
217 255 69 241 120 238 10 205 145 79 212 217 122 134 47 185 129 152 124 54 251 255 104 67 53 255 255 170 33 200 26 89 105 108 66 193 186 69 207 116 102 173 34 255 84 24 203
233 193 11 28 224 228 159 247 230 231 74 12 217 66 188 248 212 81 255 189 254 218 148 115 247 18 174 50 255 93 180 65 128 203 162 255 213 217 233 215 165 128 163 219 242 106 0
223 209 33 255 30 255 223 25 15 82 205 248 46 241 205 147 10 114 111 255 248 33 148 216 106 74 209 233 232 192 254 255 83 139 80 138 211 95 201 134 236 230 18 255 196 57 48
89 255 97 99 255 108 255 202 217 248 38 37 253 5 73 160 237 215 255 255 221 237 35 207 35 26 57 31 105 196 208 211 255 228 249 115 2 158 206 210 34 248 78 27 82 204 79
254 11 251 231 165 157 246 81 226 99 229 192 255 61 230 24 113 13 85 62 79 249 168 81 118 169 120 40 81 234 20 120 168 240 42 41 211 244 251 255 77 144 175 232 141 255 122
115 219 65 56 32 207 233 208 229 228 62 55 217 144 255 255 255 255 108 247 118 4 109 207 42 194 127 199 208 206 211 172 104 255 46 167 33 49 76 204 159 255 10 86 244 237 220
40 199 79 155 13 99 157 53 203 198 44 56 215 67 51 236 241 51 122 255 255 51 48 59 17 188 139 107 51 62 148 161 127 255 195 233 49 254 160 82 81 31 251 26 110 135 249
220 44 255 253 0 245 21 217 255 253 37 201 27 30 23 139 255 56 238 229 227 198 44 194 187 197 98 89 74 202 234 164 8 221 168 211 96 236 44 222 231 202 62 244 165 162 207
168 214 255 55 222 94 213 199 32 132 27 255 123 23 255 255 227 248 152 152 67 202 252 255 110 82 16 96 208 78 214 201 67 39 213 63 99 71 91 9 198 90 28 112 255 255 110
247 229 43 255 252 133 72 200 213 6 229 148 11 218 111 24 246 216 153 202 137 101 210 225 179 168 23 184 86 181 58 222 76 211 70 225 32 244 205 93 118 221 201 134 81 221 229
16 94 255 150 132 161 13 120 229 27 222 66 245 230 126 255 135 20 104 80 41 255 77 64 245 79 255 13 251 7 199 236 84 182 31 36 201 231 244 223 93 173 114 15 221 151 132
159 248 184 247 204 255 116 185 158 187 22 247 20 119 78 182 230 226 218 215 65 217 127 110 229 255 126 226 207 254 255 255 245 224 255 240 139 239 255 255 246 255 255 43 255 212 246
105 130 67 86 4 35 191 155 21 62 232 26 113 102 81 170 84 36 223 136 215 247 77 140 85 241 208 131 244 238 255 239 255 201 229 255 244 238 255 255 137 217 250 255 129 225 233
156 158 232 219 95 239 188 56 20 250 197 236 49 113 25 106 228 225 255 10 251 44 208 23 237 43 86 7 100 252 255 238 255 214 242 247 237 255 241 212 250 255 255 242 253 245 222
255 231 114 155 18 128 234 40 255 88 202 86 71 237 232 215 221 248 99 254 228 232 237 255 236 90 139 104 255 255 237 45 225 255 255 255 225 255 248 198 207 255 171 244 242 248 209
131 216 236 52 105 177 208 209 51 168 255 217 105 132 200 245 37 203 248 0 181 99 180 240 216 182 28 125 225 245 255 212 255 255 208 252 57 249 255 230 245 210 255 207 241 236 205
36 222 164 143 127 125 237 212 231 244 112 154 194 128 250 112 124 200 44 57 237 70 71 17 242 180 173 179 255 255 255 225 255 206 255 221 233 255 212 255 255 226 232 204 255 249 228
144 32 125 170 255 181 166 51 76 255 79 255 228 114 223 217 255 188 112 214 88 144 106 27 135 0 126 116 252 217 246 247 255 202 219 227 254 235 236 209 255 255 217 214 255 211 232
156 90 255 117 117 75 255 202 11 61 36 223 1 15 77 37 17 255 223 255 180 255 38 81 227 229 214 246 255 255 220 109 212 255 213 238 244 208 255 245 201 222 255 199 255 214 123
36 135 255 156 222 40 169 173 126 201 7 29 253 146 104 1 195 230 55 255 77 188 204 196 252 253 57 198 252 232 255 255 255 255 241 203 244 234 228 255 56 252 255 204 255 96 255
254 71 208 208 119 14 255 250 8 228 144 236 157 105 136 9 151 110 255 224 95 202 164 255 255 255 70 35 255 220 255 255 211 205 228 255 255 255 224 255 255 255 211 255 255 219 221
63 166 163 67 126 74 155 101 249 56 175 222 105 238 7 108 151 179 207 24 255 37 206 180 193 71 64 254 199 252 255 255 255 254 255 207 242 255 213 227 204 255 201 136 233 244 244
29 125 249 177 31 146 1 142 199 165 255 9 37 173 255 241 241 13 166 194 40 209 254 250 194 111 91 135 53 224 255 145 50 244 229 229 255 235 224 255 228 248 201 201 255 217 249
246 17 36 255 154 162 86 125 138 68 120 223 249 34 15 71 124 41 178 38 236 134 44 112 224 255 251 171 211 255 204 248 255 233 255 208 218 161 200 255 255 226 221 244 255 63 27
239 235 54 184 205 255 61 192 239 148 255 207 28 243 167 239 169 255 135 129 31 29 220 142 230 53 236 171 213 237 208 254 234 254 206 224 255 255 234 255 255 200 236 242 255 230 255
223 202 2 255 182 23 155 104 51 190 251 241 191 234 47 36 182 223 117 30 137 202 236 206 136 216 254 32 57 202 255 255 255 231 8 247 198 255 255 255 255 255 255 247 237 254 205
34 183 74 209 7 208 243 35 237 10 229 251 57 128 131 219 137 139 57 129 50 244 112 158 85 152 228 28 203 217 216 219 249 183 255 206 201 226 246 180 237 231 224 255 130 255 255
255 137 49 242 154 132 55 38 129 255 255 70 248 73 253 236 176 78 106 61 25 79 244 162 255 221 5 215 255 255 205 255 55 87 243 230 255 198 219 245 229 201 255 227 227 33 255
89 139 1 225 255 181 13 250 221 132 235 255 20 134 70 124 115 107 4 6 247 57 249 95 202 223 42 32 247 244 255 208 253 229 95 226 255 181 215 255 199 255 220 216 241 166 255
47 57 255 129 28 255 143 73 209 226 59 63 90 108 189 241 246 255 137 244 217 167 202 255 176 255 68 254 255 255 228 255 203 239 234 255 229 216 172 235 253 247 210 201 241 250 115
255 229 145 194 201 255 255 62 231 205 250 184 237 46 33 230 193 244 209 64 255 222 51 111 227 95 83 255 98 221 110 22 43 71 219 163 55 209 186 167 146 235 183 16 218 251 148
201 187 213 188 37 214 67 169 82 255 171 87 86 27 235 33 242 110 78 204 141 191 87 15 168 121 255 21 205 255 211 10 79 107 208 52 188 178 89 207 128 140 243 45 44 255 15
255 167 144 250 54 168 212 81 159 89 240 152 117 18 186 156 176 74 213 203 10 35 127 68 239 200 20 123 75 90 255 58 130 218 106 231 79 96 210 18 134 235 255 156 246 66 114
212 80 55 239 43 173 174 218 194 191 116 64 229 41 156 193 38 200 42 46 216 196 178 56 84 197 165 74 163 247 168 89 220 181 169 178 213 93 88 255 214 238 194 228 40 242 33
92 86 125 222 204 94 90 198 65 123 102 109 169 235 111 250 117 252 35 251 108 105 75 116 216 200 239 224 51 221 210 241 2 50 26 184 181 173 79 167 220 49 79 79 14 227 0
255 49 102 228 182 246 6 159 139 75 155 217 136 102 17 153 207 164 71 255 0 48 158 69 160 221 129 214 200 70 3 246 142 170 204 179 22 199 24 214 177 191 185 95 165 239 228
189 173 23 41 247 132 97 219 255 241 255 167 248 45 235 40 240 19 158 153 22 241 226 216 255 205 140 48 113 255 255 17 151 134 227 34 21 127 204 113 255 86 253 233 255 56 17
251 13 99 185 166 28 103 78 245 242 111 197 199 210 225 239 194 145 147 205 207 83 201 139 240 255 255 185 216 193 39 230 147 180 30 128 201 15 255 152 255 92 140 158 241 143 137
254 255 210 255 173 199 140 114 247 135 218 205 112 104 255 35 252 121 239 191 32 2 162 62 60 156 239 229 24 191 183 155 255 10 218 255 22 110 5 86 255 24 230 255 201 164 169
223 103 208 245 175 174 70 53 34 173 33 233 168 255 240 59 102 218 194 81 42 186 24 36 9 44 36 113 187 192 244 80 251 255 227 200 197 200 221 133 23 255 133 214 74 10 215
154 35 184 252 62 117 200 205 225 69 173 255 241 124 228 234 172 255 241 90 138 153 27 211 188 199 109 255 224 175 48 0 25 202 83 167 237 201 65 246 2 247 148 99 236 247 241
240 255 151 175 171 212 14 219 243 186 51 5 213 3 131 69 124 32 20 52 165 106 233 199 177 181 174 82 145 255 169 74 212 228 136 42 156 109 162 5 188 126 40 237 173 174 19
156 182 255 22 150 69 241 97 248 109 233 102 119 237 24 255 126 177 140 236 153 255 69 38 216 96 222 189 40 219 247 83 33 185 236 78 72 136 149 15 34 125 32 183 210 107 92
178 244 57 59 174 194 212 173 29 225 161 38 4 121 63 243 244 52 225 210 255 1 78 233 191 52 239 26 158 9 220 80 217 68 195 214 210 182 172 129 198 94 50 30 255 53 28
68 165 161 113 95 171 104 253 252 213 76 207 255 217 196 242 40 176 244 51 214 189 129 209 28 97 131 204 77 255 201 96 113 193 160 33 232 81 48 182 154 123 160 115 169 2 150
213 255 134 230 61 219 157 255 240 255 1 241 250 22 30 93 11 255 255 59 169 111 32 108 255 230 226 165 230 164 224 151 254 21 44 255 187 242 222 135 46 111 179 248 183 105 4
91 148 48 255 166 60 27 248 247 116 255 57 25 71 207 18 203 219 227 253 175 205 3 255 255 166 244 95 14 139 199 96 227 46 68 148 152 160 211 182 188 214 238 228 100 161 67
61 191 215 132 233 183 145 132 230 12 81 198 141 253 128 0 180 189 222 203 46 194 198 205 63 181 225 107 174 222 119 67 200 140 201 67 244 123 24 214 86 91 250 240 245 246 157
34 255 35 15 133 2 252 45 40 217 240 56 230 27 216 87 98 177 144 212 255 141 6 164 74 166 16 255 255 240 253 233 255 95 89 30 82 255 104 209 149 107 148 210 164 32 221
76 0 30 255 202 152 214 63 82 211 17 61 213 250 104 241 228 173 211 165 214 145 13 195 160 225 209 246 162 213 50 219 114 246 201 255 140 194 71 148 126 199 63 80 9 253 255
251 234 15 228 33 237 115 37 166 83 91 225 175 25 224 166 255 198 201 240 221 248 43 227 229 255 81 2 174 219 86 129 45 33 244 220 8 77 7 255 93 70 161 249 78 27 52
36 255 217 239 12 12 210 139 182 255 210 19 228 211 255 218 184 255 17 82 102 142 129 204 161 141 2 234 20 255 38 46 39 110 19 150 196 125 131 95 220 2 6 168 204 251 255
121 0 91 103 187 213 155 211 229 244 244 56 221 93 94 121 156 205 190 255 215 178 6 124 145 122 114 117 205 153 242 101 58 153 250 193 201 64 246 5 248 35 255 255 247 255 50
13 26 218 94 5 214 177 240 238 255 208 106 27 60 255 24 219 94 255 241 247 62 129 194 119 244 10 11 216 255 217 245 60 232 107 246 250 237 127 214 226 191 139 36 18 129 128
4 80 153 88 126 14 112 10 76 22 211 53 86 10 254 201 213 223 83 76 96 161 84 50 16 35 206 229 9 15 255 165 229 62 110 181 200 184 46 250 235 173 240 244 232 255 50
105 195 48 181 149 231 254 10 248 219 127 171 224 42 109 41 132 175 106 57 126 71 90 255 255 80 237 41 186 95 96 136 86 191 90 81 200 162 44 155 198 249 235 38 182 251 35
97 120 64 255 158 241 175 119 23 55 100 231 255 255 86 190 177 8 32 255 41 201 200 255 237 202 94 20 57 238 12 52 255 73 99 108 176 228 60 203 155 72 60 159 119 253 142
220 116 60 82 13 180 85 133 185 113 207 66 221 255 204 211 255 49 255 15 31 153 43 199 231 34 189 249 6 145 123 44 12 58 173 119 245 255 71 6 255 221 199 220 27 101 92
80 234 185 56 41 29 107 122 199 91 253 219 163 47 188 98 129 255 14 248 248 144 181 167 29 72 171 151 234 227 176 119 255 224 88 30 22 199 234 149 222 255 196 252 225 84 166
77 142 47 60 28 232 203 227 53 10 34 175 72 255 32 255 229 181 143 75 255 214 208 167 49 255 146 3 63 188 57 209 134 16 231 255 255 255 175 245 220 95 255 160 219 169 250
89 97 149 217 28 221 96 255 85 245 3 2 88 211 239 192 165 163 250 71 243 157 252 69 148 212 255 255 164 165 30 194 251 255 249 148 250 174 188 147 51 178 166 244 190 48 93