63 35 61 19
54
159 99 112 217 140 70 66 110 190 160 2 37 187 69 23 121 117 4 173 85 210 119 199 179 15 156 31 75 186 130 202 247 68 0 95
172 24 101 223 162 242 37 219 236 154 70 191 47 14 75 147 37 136 227 219 161 83 207 26 137 133 60 156 160 192 0 70 225 59 40
228 19 151 152 230 121 179 181 158 155 192 132 232 118 73 246 112 176 43 130 153 0 249 152 110 42 50 95 32 22 54 90 141 222 190
3 23 205 39 69 196 216 141 43 24 186 126 108 180 141 24 254 88 224 112 134 196 48 107 185 161 33 35 32 228 74 191 250 28 133
103 19 169 60 7 162 64 253 27 116 42 238 52 185 37 109 122 114 168 205 5 137 30 98 241 66 121 157 148 158 126 199 145 252 20
184 176 220 139 185 107 117 223 162 225 212 56 91 93 141 83 210 101 175 208 87 93 14 194 205 123 140 152 148 237 244 135 51 198 219
201 137 209 89 209 100 31 21 138 55 120 17 225 78 198 241 247 28 162 216 170 221 163 132 103 72 24 136 225 219 101 130 230 150 248
197 42 188 143 184 114 115 251 190 193 248 62 172 172 188 119 128 169 209 23 147 74 98 114 111 138 147 97 47 144 131 183 194 242 215
186 97 151 206 212 11 166 18 241 125 79 191 33 110 191 175 253 42 219 151 116 102 118 245 130 211 218 133 55 43 21 42 23 53 164
127 208 237 203 66 232 14 232 249 240 238 176 130 114 65 171 212 137 115 64 18 180 16 168 252 49 48 178 0 222 78 77 123 98 170
91 226 10 231 136 155 203 58 114 49 186 218 59 120 163 46 83 103 20 45 207 58 49 123 195 175 201 219 161 126 204 84 248 134 8
113 108 156 115 143 91 110 122 179 236 125 173 65 113 144 118 101 27 1 132 241 202 144 183 154 176 86 145 11 120 165 157 168 190 179
144 103 233 115 216 194 151 233 145 31 175 176 152 13 31 156 166 225 204 92 168 38 204 158 39 190 146 215 95 1 151 145 95 168 127
90 145 103 191 31 215 182 224 220 217 244 164 133 212 69 101 215 56 79 167 171 243 133 140 69 219 139 113 24 209 199 201 47 128 160
120 160 60 19 181 129 201 107 142 45 119 34 179 160 133 45 120 123 10 16 3 64 189 176 129 133 89 103 83 99 166 129 223 58 92
2 202 197 49 171 123 181 141 12 76 255 167 112 180 184 62 146 243 79 142 232 161 204 74 192 157 221 185 168 76 189 14 171 123 247
144 150 202 213 148 155 212 158 18 237 109 57 75 152 200 234 168 27 182 164 227 225 65 204 212 199 168 129 141 238 151 7 178 43 96
68 157 48 33 53 167 97 171 196 127 219 212 168 102 123 150 219 31 199 254 123 184 9 136 201 5 232 188 85 148 167 216 230 114 178
159 252 178 198 173 37 44 69 20 124 154 70 58 29 70 167 62 0 145 219 251 169 49 49 139 249 118 39 206 115 222 34 144 45 194
165 206 249 170 45 154 106 108 239 182 153 255 171 241 240 248 202 254 251 110 49 75 133 139 122 2 180 119 92 2 126 92 118 92 251
34 208 185 167 51 144 25 159 36 218 6 25 231 193 16 255 115 254 92 31 61 56 5 209 162 119 14 58 3 204 177 122 88 190 84
180 233 118 146 240 176 29 95 228 164 254 105 190 186 157 82 28 176 186 169 60 26 126 140 120 24 126 113 154 244 135 23 190 54 81
90 119 215 68 235 163 126 49 84 44 95 64 108 43 156 205 76 245 119 27 100 185 59 90 180 155 59 103 207 146 104 165 84 176 213
94 155 204 127 183 202 160 75 152 129 239 77 207 80 212 75 177 165 68 218 139 104 182 134 192 209 126 125 138 136 5 12 129 16 187
164 113 0 137 196 193 213 186 198 186 87 181 227 253 159 142 36 95 159 10 49 212 168 218 113 26 107 196 219 207 224 224 165 144 100
168 35 232 36 124 217 245 202 172 161 213 155 144 100 99 110 208 63 139 116 192 120 69 12 189 19 141 230 48 134 102 136 193 250 3
120 156 89 144 15 125 225 238 178 192 145 16 140 61 207 186 108 120 219 56 220 133 127 159 118 176 147 33 207 177 251 118 154 198 60
62 237 138 5 130 106 173 147 143 148 213 202 221 221 8 36 166 130 165 139 56 237 181 145 183 56 226 160 19 102 151 199 0 98 189
251 181 81 40 122 157 90 138 87 139 38 198 175 65 91 44 174 83 101 215 36 252 215 115 219 197 118 248 40 252 6 125 163 32 105
117 150 199 125 255 70 144 185 199 167 56 213 24 186 67 220 200 54 203 186 175 148 65 83 76 140 206 174 166 119 190 236 4 170 76
200 217 136 57 245 215 180 92 146 87 196 143 162 89 151 211 163 160 200 207 237 141 102 133 200 214 60 131 215 225 58 98 219 113 96
101 203 30 155 165 162 113 208 64 136 130 166 156 161 54 40 117 218 146 66 143 157 60 172 172 171 185 94 12 220 26 185 153 36 141
226 130 215 162 53 3 92 93 155 142 84 221 248 194 209 193 150 88 131 67 53 67 100 213 59 153 136 24 104 238 220 229 133 175 53
27 82 165 175 245 81 16 95 39 101 118 194 0 177 203 138 215 121 28 100 214 116 175 48 122 120 122 135 213 55 152 154 113 9 181
168 179 103 8 158 193 162 199 20 114 14 58 49 161 195 215 122 206 54 73 125 209 4 15 134 143 17 51 184 68 210 199 31 183 221
13 194 102 161 14 191 200 0 16 141 181 2 77 62 30 205 39 209 23 15 200 144 174 116 102 60 75 198 156 255 182 131 70 240 185
176 47 169 123 241 179 103 197 19 91 51 206 175 117 141 52 100 148 42 64 137 165 187 56 95 204 150 207 40 70 149 74 232 21 164
167 188 18 123 114 223 132 95 238 231 226 16 170 3 217 134 196 186 174 30 3 203 27 226 234 57 161 159 130 228 137 198 179 97 111
113 148 151 47 161 4 188 103 166 96 40 16 89 59 201 126 124 154 174 204 159 202 138 206 253 168 110 252 16 111 157 154 187 212 109
130 120 137 73 121 241 116 108 118 134 101 142 81 170 39 57 85 1 54 70 144 157 145 207 172 195 103 175 72 91 207 118 63 144 61
180 90 120 139 136 93 215 132 239 144 127 154 174 159 3 32 187 235 99 11 251 219 219 162 227 132 237 113 9 225 112 88 30 102 212
203 17 152 229 129 219 226 245 152 112 102 190 82 150 87 113 244 164 31 206 129 129 193 11 195 48 84 28 204 52 57 153 224 186 141
120 130 209 20 126 150 41 199 135 5 120 140 47 82 130 85 169 173 224 15 114 7 4 185 208 130 116 210 165 45 170 188 217 206 119
145 238 0 226 100 11 171 41 144 215 41 198 108 67 132 79 194 199 173 194 238 123 179 197 119 25 174 9 192 176 215 231 21 92 236
196 15 204 36 63 211 144 189 117 238 90 100 72 163 148 3 146 140 79 204 14 197 71 24 246 229 94 196 218 170 154 98 130 114 134
85 63 148 131 15 213 193 66 23 117 50 210 107 212 138 112 236 213 26 239 21 158 19 181 89 89 251 3 37 204 66 164 80 116 10
186 103 164 189 138 47 7 19 20 215 24 199 117 29 226 211 86 233 127 253 219 184 184 30 179 218 144 83 184 168 120 109 148 176 217
140 87 28 100 149 233 98 13 153 213 188 205 84 142 201 55 20 88 34 135 185 52 136 245 210 10 57 32 150 235 224 197 84 203 175
155 86 142 194 145 58 213 197 215 28 143 146 78 75 38 249 220 137 234 41 172 45 210 34 132 161 74 141 216 39 181 24 30 72 117
214 98 221 221 172 201 239 206 231 131 5 189 185 158 45 210 144 99 155 142 123 238 153 217 204 173 230 216 134 5 153 181 205 92 182
11 217 149 114 246 163 137 151 209 232 156 146 124 88 232 28 194 82 134 144 185 90 6 50 231 153 200 55 55 108 154 195 185 221 142
128 107 115 137 66 167 201 67 57 204 204 132 148 95 8 15 124 150 3 149 154 191 84 223 158 129 213 199 175 202 125 18 13 152 175
98 78 127 21 140 42 181 12 218 182 197 243 197 86 61 50 213 117 64 80 220 106 119 41 125 105 71 28 15 103 239 127 74 232 228
13 148 69 124 229 86 168 184 146 184 136 86 80 181 225 141 10 160 190 44 15 40 150 175 167 62 127 92 95 10 136 15 70 86 197
177 16 163 190 214 90 129 216 207 101 114 12 186 165 132 161 155 145 113 132 185 192 123 160 214 153 196 13 43 155 148 59 198 181 141
78 123 28 88 248 216 121 119 172 56 155 55 179 154 139 172 181 146 120 198 117 180 120 115 145 138 166 218 64 181 207 142 47 34 56
240 189 165 9 16 134 17 176 176 21 227 225 214 132 150 142 180 161 165 221 133 111 189 166 178 215 77 8 26 17 181 67 116 118 91
151 211 207 220 186 215 71 175 169 124 197 147 212 143 167 167 214 162 101 135 195 140 134 137 171 199 189 197 110 210 109 59 166 255 109
22 94 180 134 74 80 182 210 118 97 31 129 159 200 190 116 192 211 171 14 141 151 209 178 197 163 136 49 209 163 56 151 166 168 214
41 154 198 226 185 189 63 75 143 15 181 43 120 170 139 128 204 143 164 131 127 153 132 45 218 182 130 87 123 157 156 212 194 108 110
209 172 10 211 193 201 198 21 97 94 197 193 193 193 191 189 141 158 167 180 148 170 122 167 174 109 221 24 160 52 7 252 26 147 70
189 201 121 234 151 111 164 193 147 205 111 1 194 174 147 217 216 210 211 210 216 207 165 130 197 200 156 187 189 219 44 91 221 144 212
124 11 239 184 171 87 20 126 156 15 55 204 150 107 189 172 150 145 126 201 181 140 211 169 219 199 145 247 91 196 46 180 10 120 188