19 50 12 40
95
106 182 106 70 194 196 100 208 209 230 131 166 253 53 199 242 180 46 204 210 165 119 137 82 232 105 216 139 201 249 188 193 99 167 168 54 149 23 161 84 40 103 102 13 160 145 131 136 230 188
72 11 224 156 54 214 62 8 146 60 136 111 195 175 248 27 148 149 210 5 116 25 94 149 53 231 228 228 114 37 172 138 146 20 104 166 202 49 81 102 27 131 80 105 196 186 75 132 109 67
5 181 242 43 250 206 212 121 41 254 67 127 238 102 157 98 46 84 201 110 251 54 2 167 23 41 186 10 144 161 37 35 63 144 83 177 168 126 167 23 82 23 141 74 195 199 70 82 174 103
72 113 150 189 122 202 207 41 127 33 239 69 69 169 163 93 105 184 62 117 2 105 120 161 113 233 172 13 48 124 160 71 116 125 65 203 170 30 37 112 99 161 32 87 87 66 104 170 81 133
183 197 141 45 193 165 225 213 160 71 248 208 85 216 58 18 3 235 30 165 117 174 100 160 46 95 227 228 112 99 23 165 143 69 107 103 175 182 188 47 237 117 188 131 168 100 123 122 153 51
138 176 240 184 111 195 157 16 78 170 18 121 156 43 247 129 227 204 127 52 143 116 76 226 243 107 209 239 31 67 209 190 101 162 118 41 108 145 40 211 53 71 201 137 171 190 104 247 84 47
162 189 77 48 227 236 29 151 139 77 20 47 136 22 188 121 213 21 153 135 249 24 25 27 69 97 67 106 18 189 109 70 109 61 84 212 94 117 182 113 177 110 100 52 157 173 134 181 206 147
189 125 145 186 8 247 243 178 97 94 51 55 109 68 142 189 182 159 108 17 110 106 139 214 93 218 200 144 213 202 43 34 147 112 137 184 127 143 85 126 133 61 59 163 67 210 184 32 37 68
15 226 163 175 118 83 157 143 15 127 172 212 148 251 179 118 254 66 236 74 207 203 88 163 122 28 43 250 218 210 8 203 139 153 191 189 26 151 154 51 69 89 206 33 121 172 93 84 202 174
126 219 176 67 237 218 11 118 130 210 251 90 28 149 68 205 167 32 243 64 36 4 213 63 196 36 62 35 50 122 78 67 84 55 136 89 204 116 50 118 28 55 188 107 73 178 28 78 141 194
132 222 128 52 186 149 124 231 221 177 163 49 229 8 19 100 76 10 218 121 29 66 216 184 59 189 168 38 192 57 70 105 136 198 178 40 148 140 143 74 226 35 104 70 51 123 153 177 63 37
85 76 135 47 0 65 59 193 165 221 243 158 161 200 195 97 22 49 61 152 43 166 48 24 153 180 188 172 248 56 120 39 203 130 145 216 59 205 101 118 122 130 37 176 10 211 207 154 122 249
30 93 203 135 77 136 146 47 125 45 213 225 160 223 221 83 109 27 33 68 70 223 108 88 202 162 144 120 99 102 166 51 85 178 172 99 26 60 107 81 111 54 144 68 23 34 198 148 31 44
143 102 50 85 161 39 195 40 145 19 102 115 3 205 100 115 177 49 80 2 249 111 67 26 189 150 253 37 61 181 38 78 63 118 154 66 86 221 208 146 63 39 85 82 170 105 192 123 115 184
154 124 207 220 146 172 108 93 46 254 191 250 119 115 101 97 10 227 155 174 220 188 58 92 248 64 56 222 30 206 160 145 46 165 183 169 165 213 201 27 212 162 164 102 92 192 206 89 90 179
147 186 70 94 210 209 77 181 42 190 199 106 194 53 215 62 34 161 31 66 169 158 88 135 83 94 31 173 173 175 61 26 171 167 45 210 115 207 52 76 39 32 149 169 201 144 172 183 115 104
68 137 237 158 238 44 150 237 139 111 14 1 227 31 98 195 192 218 128 76 11 235 70 15 234 254 133 173 145 74 130 47 35 148 52 97 178 199 204 37 159 169 156 50 54 50 169 145 177 57
115 74 53 131 145 195 80 104 203 110 148 96 240 5 84 62 33 59 226 164 157 249 106 140 42 85 67 240 222 163 137 68 116 177 30 128 158 31 159 182 201 27 87 74 60 44 133 128 185 40
122 83 88 130 79 235 68 245 52 83 140 115 140 237 176 255 101 210 186 173 17 188 7 168 163 87 246 67 163 39 239 84 75 196 145 39 123 137 113 95 66 151 187 169 190 174 173 32 36 89