55 15 15 6
38
118 60 143 173 97 136 32 51 82 97 193 84 60 243 169
83 50 55 67 54 79 34 16 78 55 38 13 59 75 28
66 83 64 62 78 26 45 36 36 53 47 77 52 89 16
29 26 41 42 44 27 49 53 45 51 74 65 59 24 51
69 13 38 86 47 64 29 39 14 84 30 27 67 79 18
18 83 56 25 15 52 63 36 14 40 54 47 51 33 25
33 14 39 80 60 71 74 86 67 55 40 71 43 17 62
57 18 89 20 52 49 18 58 51 27 13 56 36 60 71
73 67 41 70 65 65 48 65 63 77 51 47 50 51 15
68 59 123 56 17 87 89 28 71 30 77 45 77 59 33
40 101 107 80 78 45 2 69 78 84 82 56 62 67 183
79 38 72 22 42 53 47 59 73 68 13 84 60 81 53
200 81 82 31 56 89 22 61 21 81 246 49 66 17 69
36 65 15 81 59 140 75 84 84 46 67 85 77 37 47
48 28 46 30 16 51 72 51 70 43 13 30 151 75 53
24 72 49 68 59 43 26 209 89 44 51 207 73 66 76
57 81 8 81 83 84 89 51 73 69 58 23 68 72 34
51 35 63 45 60 60 62 25 25 55 73 44 33 74 184
17 33 22 25 47 29 44 47 17 69 70 75 216 28 18
85 74 75 65 57 102 43 31 18 51 45 39 46 49 16
13 28 32 157 57 79 43 169 17 50 64 48 17 32 18
57 83 87 66 16 31 40 82 86 33 59 55 42 48 79
52 85 38 67 59 51 42 34 38 55 36 71 38 82 68
33 86 86 20 19 15 18 45 14 34 57 37 76 64 42
39 17 36 24 47 44 54 80 86 80 59 70 70 15 10
76 56 75 70 62 86 75 30 57 13 48 87 81 52 49
47 88 59 48 61 65 66 53 38 17 61 134 75 17 74
46 55 47 30 43 28 55 79 203 46 16 83 87 26 53
23 56 22 62 85 85 49 75 26 64 62 79 58 53 20
65 64 73 74 34 67 26 82 53 30 86 40 29 42 17
98 156 206 170 61 36 27 245 33 66 21 41 104 167 53
121 156 147 208 182 123 99 151 223 103 85 76 128 145 74
58 169 112 235 121 193 53 244 61 57 81 129 9 80 62
52 3 80 44 66 214 239 217 35 193 49 123 168 224 15
54 27 76 172 115 27 32 173 41 205 97 47 4 147 123
184 151 38 25 22 118 33 72 37 96 70 152 159 50 35
67 51 66 153 46 136 79 45 36 182 22 179 20 21 98
250 162 133 29 37 31 49 76 70 233 248 188 139 139 228
249 111 43 248 33 18 173 41 62 24 46 206 73 177 74
125 50 33 2 126 160 243 79 13 23 175 170 77 93 52
18 75 135 183 184 174 201 66 181 31 100 89 242 209 91
171 222 23 53 116 50 48 89 158 196 72 139 70 195 91
62 122 242 141 199 50 164 175 74 187 42 237 138 6 225
85 61 176 25 83 163 53 136 138 86 40 101 32 194 42
13 195 75 37 202 185 22 242 128 110 69 137 23 201 83
116 252 30 59 52 58 15 210 60 150 232 126 212 73 112
26 240 25 110 80 218 20 210 33 86 137 33 174 160 80
140 92 205 192 158 173 74 63 103 81 213 67 52 120 96
86 113 231 44 86 175 98 204 174 40 33 42 196 103 248
230 163 238 31 125 34 43 78 48 154 71 21 81 111 94
118 184 161 30 83 15 21 237 178 38 38 22 12 222 119
38 23 47 218 92 9 171 20 201 31 162 105 53 157 65
251 180 112 51 41 10 190 59 119 194 36 118 74 157 157
93 142 24 80 20 100 36 236 43 221 127 50 203 241 61
24 134 62 21 67 3 199 76 57 39 198 89 17 78 166