48 70 38 22
122
185 240 95 126 184 245 131 59 39 195 185 238 73 222 217 102 12 58 249 171 134 213 250 241 147 30 189 196 117 190 132 199 191 207 184 22 102 123 168 91 186 50 152 255 47 242 194 36 150 189 75 143 112 27 17 92 235 224 172 171 140 123 122 221 255 10 193 69 243 224
1 102 251 0 4 90 2 129 49 77 168 255 196 196 145 51 98 212 49 206 185 51 209 49 204 149 226 158 36 88 85 194 103 45 27 240 49 245 112 74 151 126 215 83 193 155 148 206 203 177 1 214 114 70 129 27 166 211 157 162 84 0 246 118 23 74 255 109 174 36
178 4 226 137 218 85 188 156 134 237 90 64 246 176 50 83 232 112 154 1 53 149 78 183 115 72 46 255 10 249 223 143 196 187 250 59 106 237 255 59 177 33 3 205 108 238 223 198 40 243 118 136 208 10 190 15 255 37 44 12 55 38 140 48 142 213 166 209 7 235
173 83 170 84 123 255 42 75 172 34 184 195 104 32 0 111 63 154 77 94 255 51 162 12 28 237 182 124 175 30 186 90 219 229 220 34 67 138 73 120 2 99 96 255 108 235 176 152 111 217 128 143 30 239 160 232 250 49 10 202 153 121 12 255 18 182 9 97 79 236
149 119 169 23 224 128 149 191 193 247 255 52 87 33 43 255 22 202 86 199 155 153 142 255 83 126 142 154 115 14 81 132 10 88 255 174 255 180 30 155 161 57 163 208 236 69 148 109 42 239 141 123 195 158 106 8 205 151 242 133 221 221 88 236 167 93 124 240 225 79
255 246 123 216 104 35 83 60 27 70 128 0 167 92 104 194 40 205 142 134 130 8 240 8 102 180 243 122 249 178 183 62 209 176 255 232 247 233 207 240 249 79 125 125 127 146 132 113 137 129 27 161 187 193 158 175 82 154 244 23 217 87 169 255 129 87 250 87 41 0
154 124 235 181 119 95 167 72 125 42 76 127 48 64 47 81 157 55 166 94 114 124 159 201 255 238 193 29 241 80 135 93 209 23 85 26 234 195 174 94 225 198 233 37 255 163 252 47 179 120 129 21 162 67 173 171 35 67 203 215 183 190 196 166 118 137 59 108 217 74
132 215 95 169 208 92 131 200 241 21 95 99 160 172 143 243 201 123 52 190 166 243 13 186 23 69 191 63 151 64 180 146 110 83 108 250 211 45 29 64 108 147 193 40 110 202 9 62 151 170 159 47 203 179 130 72 159 87 186 229 81 253 254 163 48 211 22 38 218 191
216 240 138 85 198 230 239 206 72 152 213 58 205 129 193 85 255 203 116 101 230 239 133 117 100 151 174 240 238 208 189 189 239 51 137 125 71 223 88 61 4 200 10 255 18 85 27 101 240 104 187 58 193 225 91 100 53 147 198 210 243 135 160 43 41 129 186 189 81 116
160 121 223 219 248 131 176 63 44 241 181 112 239 136 171 118 74 94 57 194 192 76 17 118 124 172 24 65 66 160 196 64 224 86 178 178 116 115 255 40 125 117 76 204 43 71 198 131 176 97 209 249 217 103 218 86 24 15 109 10 65 86 255 233 33 183 77 80 226 65
160 24 95 227 233 230 106 247 112 85 20 177 79 163 43 211 195 107 0 241 98 255 96 113 255 109 149 217 255 214 1 105 175 113 192 43 110 230 239 52 66 115 220 119 178 226 91 106 133 20 131 182 27 71 75 75 197 9 59 197 142 27 133 220 213 69 233 144 255 210
135 242 139 92 7 208 56 47 15 125 114 171 221 185 232 171 72 175 238 219 33 222 116 200 143 90 172 182 128 152 222 204 206 37 253 255 126 74 67 195 190 116 255 196 171 145 118 155 143 193 70 80 31 110 213 220 105 119 114 34 195 142 22 236 202 227 44 252 90 113
63 48 125 130 104 4 107 133 185 151 19 77 255 141 207 170 86 97 69 105 14 95 22 239 159 158 117 55 253 228 128 76 240 197 200 78 181 223 24 216 117 165 232 157 19 237 93 162 238 241 179 152 167 170 138 152 114 211 74 236 198 101 225 158 72 199 220 68 242 125
87 247 170 210 194 216 212 225 118 102 56 255 25 240 6 255 68 22 135 78 187 226 200 102 188 198 203 193 228 172 240 77 177 62 214 164 236 217 229 147 153 124 57 255 246 184 230 36 203 82 80 198 52 195 112 248 22 255 148 88 158 52 224 95 192 5 209 49 235 247
189 21 88 180 193 167 255 60 190 234 115 119 17 106 27 11 43 150 29 61 225 67 170 36 152 40 165 211 227 166 201 85 194 205 231 137 201 56 245 149 85 146 249 20 198 229 216 210 7 115 44 28 4 69 39 92 115 200 123 234 37 210 1 118 77 238 19 190 201 126
202 74 95 189 202 205 92 47 136 246 70 152 195 106 31 123 80 206 64 31 112 162 80 10 89 92 30 231 25 79 36 219 21 30 51 4 196 217 149 100 177 147 133 35 194 123 151 245 10 59 43 81 165 173 72 56 81 108 187 185 137 243 34 177 100 76 140 255 117 75
186 39 65 24 210 194 10 18 193 139 238 145 69 240 180 227 141 70 99 236 234 169 95 214 123 157 18 200 226 117 103 255 255 255 255 70 68 235 243 163 103 150 228 67 91 131 12 54 105 149 183 224 212 178 255 43 186 91 155 171 171 62 79 13 83 202 123 147 121 239
255 104 8 140 130 2 39 119 204 69 64 238 93 11 210 166 236 225 35 80 27 120 255 0 39 121 64 102 176 185 222 73 156 232 229 196 255 39 82 243 95 255 97 198 91 44 9 125 168 255 138 4 192 255 98 165 120 254 14 211 128 183 124 245 108 56 178 236 148 206
143 238 46 5 244 220 144 183 234 73 165 201 61 8 190 201 102 163 52 171 110 46 203 102 58 252 255 241 159 82 58 221 109 19 181 102 195 255 211 204 15 175 10 73 118 6 59 209 59 209 136 80 146 132 188 96 250 180 193 6 143 249 157 82 62 158 219 31 186 218
192 86 165 186 8 185 168 234 249 182 188 115 66 67 197 183 221 39 42 27 168 255 144 204 243 155 190 188 185 234 145 106 255 235 60 208 244 255 15 100 205 177 143 136 230 207 164 255 86 150 102 100 96 164 170 255 142 32 160 155 199 255 86 40 163 131 174 132 198 27
98 185 157 94 69 72 229 7 158 55 85 125 139 248 95 20 62 213 173 181 178 60 156 197 225 255 114 195 144 65 18 112 135 84 180 89 151 168 114 192 212 139 255 237 189 85 102 5 206 80 58 220 254 5 250 144 68 99 89 71 1 41 91 37 234 123 244 57 196 113
128 231 186 165 7 20 121 79 81 110 78 254 43 21 109 234 209 207 186 159 255 251 13 44 106 150 191 255 26 65 89 32 213 207 127 40 215 118 189 255 255 106 152 7 204 199 141 170 17 175 101 121 76 20 141 219 118 67 132 213 87 239 134 70 111 248 65 7 19 25
255 255 76 133 222 119 96 79 227 58 10 146 230 73 215 231 80 180 106 221 252 253 77 41 194 121 4 14 144 47 118 99 140 111 197 190 52 90 244 125 165 47 38 92 212 186 168 255 85 119 10 141 132 56 224 38 214 137 41 180 27 69 176 80 95 124 208 169 118 217
205 85 204 245 144 7 191 31 197 7 77 138 201 115 119 133 202 138 252 106 140 185 44 219 115 109 184 201 230 131 197 144 125 0 247 138 255 217 232 93 73 196 117 86 212 53 49 181 71 151 127 168 226 87 132 95 187 188 170 150 157 209 0 9 165 84 251 113 209 116
39 255 151 252 37 85 221 221 130 5 96 226 164 221 93 86 133 91 85 255 38 15 156 72 250 154 69 135 147 236 231 221 103 57 123 227 157 206 226 101 174 211 103 210 150 141 29 109 48 191 186 90 253 117 250 183 142 180 152 242 81 169 40 218 180 105 13 240 166 73
146 2 217 124 243 255 164 251 171 247 90 177 127 247 19 160 10 45 124 68 199 87 249 75 26 65 240 35 235 232 242 255 62 171 208 255 104 46 58 68 81 104 175 50 33 135 32 211 90 201 167 59 194 173 255 253 71 204 41 219 177 255 235 81 102 84 82 255 66 105
96 59 70 171 133 73 220 216 196 157 105 191 161 25 140 83 61 95 238 67 132 84 47 90 99 190 202 227 86 143 121 187 108 44 87 174 255 255 234 70 152 224 25 49 96 147 137 183 145 92 51 228 236 107 254 243 27 98 124 53 138 28 227 252 99 226 111 205 212 242
60 190 205 58 157 156 134 250 226 99 130 163 215 116 244 182 13 112 136 105 119 91 94 250 55 112 80 29 101 136 4 215 197 112 47 45 255 66 104 255 246 140 167 7 73 175 215 106 228 160 254 164 157 70 9 254 235 67 121 255 226 207 164 46 21 20 188 134 93 255
118 213 203 147 116 33 246 122 40 8 2 132 209 248 12 174 130 99 227 50 80 140 114 187 163 49 198 80 249 186 154 135 182 208 145 255 21 217 48 168 72 1 59 110 108 217 255 89 23 154 156 248 55 147 21 65 152 68 188 218 226 183 82 187 83 196 40 157 226 239
217 177 255 164 221 61 158 106 109 181 148 139 96 86 196 158 71 160 150 206 114 73 82 122 53 155 145 41 105 56 236 141 83 181 103 121 249 86 208 178 80 203 201 227 85 255 228 89 11 116 215 169 53 190 243 255 44 8 88 210 97 103 0 255 255 67 96 190 66 255
86 113 240 234 232 253 72 215 132 20 77 239 55 10 152 71 119 26 234 38 255 207 62 138 84 71 97 207 68 146 5 60 135 249 38 24 63 149 137 227 230 120 242 25 166 247 65 153 42 156 222 253 145 249 90 219 184 228 77 19 248 253 190 43 176 126 2 100 161 156
255 184 129 130 152 225 130 255 145 180 195 184 69 200 186 84 177 3 249 1 65 21 17 248 38 195 231 171 168 231 112 161 77 255 238 22 5 60 227 197 246 199 236 41 23 255 251 32 234 141 23 55 73 178 176 148 122 86 34 73 238 113 55 200 75 60 17 163 8 211
107 211 200 255 220 203 167 56 172 255 243 216 144 85 202 41 254 72 91 255 255 125 154 19 214 52 100 1 72 30 105 171 80 188 75 156 165 252 15 68 203 184 187 120 149 172 198 254 9 49 95 203 106 45 128 182 87 242 12 11 241 176 107 45 166 168 8 189 100 107
117 119 254 137 27 248 213 116 4 171 37 89 120 128 224 241 75 255 145 182 253 73 83 68 255 168 242 237 44 39 255 216 141 255 207 200 175 212 229 141 192 171 116 255 152 115 89 144 130 225 34 181 142 138 147 183 237 217 177 99 123 191 213 8 16 163 45 51 219 146
63 255 129 167 114 203 198 218 0 11 62 182 247 4 211 38 137 255 224 255 255 120 255 255 255 148 255 182 228 124 49 237 184 47 193 216 217 255 171 0 27 76 182 211 243 234 115 4 109 176 227 231 156 129 176 184 78 255 187 127 151 244 157 134 82 148 203 135 255 206
113 202 60 115 36 106 7 113 76 125 94 67 59 181 230 215 165 182 103 116 82 202 255 255 130 130 255 79 110 153 119 131 217 234 118 129 46 101 54 18 72 91 41 227 76 246 111 61 61 187 171 97 55 62 86 203 236 200 30 86 94 137 227 213 113 237 59 26 190 255
110 151 255 25 161 224 75 77 102 5 45 212 82 211 111 84 97 168 134 190 86 178 77 115 145 255 227 218 195 9 69 84 236 68 239 18 241 220 182 173 240 159 246 208 255 182 180 181 159 114 199 255 225 173 33 116 107 167 43 127 69 84 2 255 253 128 240 4 160 140
229 109 132 1 39 213 105 25 78 130 155 5 213 255 121 233 251 187 175 219 206 189 89 250 190 255 216 255 211 7 222 131 86 51 255 137 216 24 117 116 253 198 124 120 184 209 77 125 255 128 145 70 155 159 254 193 192 202 83 208 64 164 49 105 255 213 175 29 29 174
146 13 255 212 187 208 81 94 57 18 90 208 215 175 255 70 140 255 199 255 239 255 165 255 100 89 255 62 235 112 139 164 230 203 139 137 255 98 0 75 189 206 70 51 26 240 14 163 55 255 192 233 231 247 143 255 40 85 54 116 245 16 175 114 213 173 95 28 242 100
254 138 78 55 213 75 188 230 83 34 2 70 50 167 255 4 255 156 236 255 255 5 246 213 222 152 117 227 254 117 5 139 14 104 223 113 159 116 183 33 76 210 180 242 163 211 123 107 165 185 176 231 189 22 46 205 196 249 147 34 112 234 242 180 135 62 72 231 130 194
202 99 206 255 228 171 113 71 51 93 248 224 104 158 186 62 21 73 98 232 255 255 188 255 128 84 123 2 238 133 223 219 37 206 150 197 147 15 7 0 148 191 209 94 19 104 121 170 141 3 93 179 111 136 65 255 108 248 255 111 123 145 255 207 90 38 11 107 209 30
22 232 44 175 211 216 173 95 94 119 20 25 124 37 29 92 45 219 189 255 255 255 148 138 255 97 110 255 204 166 78 181 142 136 36 58 181 182 119 217 39 74 124 128 24 178 87 59 247 168 22 255 7 245 99 229 50 23 204 36 41 174 93 140 166 206 187 89 254 117
202 255 88 130 96 255 0 167 118 30 182 196 67 175 222 31 73 255 224 255 255 108 107 138 255 193 255 143 78 255 110 78 137 200 87 56 177 190 66 215 50 169 60 166 188 88 165 121 61 243 49 202 134 71 232 228 90 222 31 191 255 79 249 197 106 200 239 169 252 88
37 175 98 159 140 180 101 148 32 223 184 15 131 99 181 190 18 146 172 251 141 154 178 208 255 108 77 246 69 47 85 231 173 255 142 119 255 117 202 119 160 154 84 58 231 54 67 167 238 237 234 242 255 255 0 1 113 182 230 70 255 39 135 184 179 236 29 85 255 182
70 59 213 248 218 127 214 122 123 212 173 135 26 152 209 255 187 255 17 69 6 63 214 203 85 24 192 255 78 168 149 78 45 137 26 50 87 142 206 254 213 148 14 33 130 134 92 55 205 209 152 218 224 89 39 34 173 232 75 231 204 112 51 255 143 210 138 146 56 255
190 162 48 2 213 229 91 57 116 198 119 189 47 201 230 54 218 111 171 88 174 42 237 202 121 226 179 64 211 69 67 179 149 255 134 77 15 33 2 104 255 28 109 88 202 195 147 170 240 216 190 47 213 154 244 171 105 43 156 37 57 255 31 184 46 174 171 230 112 218
59 89 48 224 224 111 79 193 20 249 195 200 101 165 118 255 144 2 15 99 248 157 51 155 9 182 38 86 27 148 196 85 163 253 39 187 255 31 37 54 86 84 143 141 76 138 255 73 61 152 214 29 184 245 244 76 232 109 184 39 129 255 101 79 255 146 240 219 60 178
7 137 10 163 255 214 48 40 171 68 54 77 217 216 255 158 95 221 44 136 34 198 152 160 82 206 67 229 204 0 108 233 81 90 165 0 214 50 238 85 159 107 163 248 22 233 60 142 136 188 174 12 125 227 255 234 132 106 25 201 45 75 63 63 13 53 71 87 181 116