39 82 16 59
119
225 11 121 159 94 81 76 217 255 244 99 39 23 186 243 87 49 14 109 12 227 15 124 248 56 205 114 172 247 236 231 240 14 19 108 166 51 109 185 209 7 16 68 215 205 166 242 117 152 29 249 134 160 7 37 255 118 113 234 152 55 234 251 240 255 61 100 123 195 85 42 81 255 96 122 205 211 117 45 44 151 93
150 165 193 255 67 255 233 72 39 25 141 186 41 71 148 199 15 217 164 210 133 94 229 98 190 37 196 32 21 28 10 55 67 4 21 191 202 66 128 131 220 147 209 253 234 90 198 6 228 69 73 83 108 153 133 105 50 139 120 254 194 173 83 255 47 100 255 174 34 104 175 175 255 120 129 182 207 138 95 175 160 228
43 83 153 255 97 96 177 72 170 170 90 128 72 57 59 69 93 193 1 123 144 157 143 88 185 101 23 221 254 26 57 166 125 28 209 184 225 174 183 137 79 232 147 200 36 98 149 33 238 239 88 171 73 169 48 30 232 80 240 116 253 12 191 96 191 232 153 195 54 246 82 246 203 71 255 30 17 118 215 129 184 60
28 234 152 198 213 196 212 214 209 127 88 219 56 131 72 131 76 226 255 35 3 177 128 102 119 21 156 164 142 200 162 237 62 50 153 76 44 212 80 218 123 255 0 110 238 154 196 223 83 57 167 67 202 48 140 232 94 40 136 111 173 149 112 250 43 251 4 8 100 158 158 89 129 82 251 56 16 65 131 11 221 251
68 171 107 96 32 22 88 212 233 158 162 179 161 120 40 227 165 105 124 252 54 255 166 47 255 96 241 220 32 126 181 65 85 104 185 94 165 128 186 113 116 49 174 119 183 122 44 72 114 216 39 18 215 87 147 206 227 181 212 68 32 161 139 94 230 162 159 245 18 190 214 48 26 132 100 89 228 7 92 173 194 91
184 172 217 120 223 78 223 245 185 182 130 179 235 156 68 220 228 209 75 205 254 187 21 22 112 224 19 85 187 198 55 61 20 163 255 210 164 162 205 70 238 126 248 111 93 9 3 188 221 199 119 197 207 227 196 220 175 115 255 117 220 90 186 107 63 123 164 17 81 255 156 145 49 56 148 205 37 81 10 18 95 205
105 141 80 135 152 152 159 18 217 152 255 92 108 86 243 78 10 198 208 120 129 253 235 211 159 161 131 249 205 168 149 243 12 157 182 214 101 118 219 202 106 233 230 64 194 191 108 144 118 41 122 6 72 37 223 222 186 215 255 104 126 90 14 68 198 97 32 111 119 138 216 43 222 177 206 225 65 184 146 147 82 143
191 184 31 159 142 141 167 212 38 242 134 227 95 54 39 193 181 60 141 82 128 255 245 255 181 82 114 81 226 74 63 192 151 69 141 178 199 200 255 214 187 69 112 9 53 101 249 81 172 16 141 254 82 209 176 156 14 89 141 43 255 255 58 165 119 142 68 230 20 61 166 2 228 108 101 237 190 141 218 6 40 90
190 220 141 246 152 50 177 252 92 125 104 94 46 163 143 48 17 238 250 160 225 159 129 45 119 255 37 138 173 131 96 78 51 138 103 207 57 123 45 224 66 72 105 234 65 68 211 189 184 25 110 103 32 156 127 226 245 88 20 138 89 227 137 142 237 168 71 50 141 113 125 135 87 175 67 198 255 99 87 47 210 61
137 51 250 233 2 53 149 176 250 75 92 161 138 96 114 157 133 135 247 108 123 31 42 64 86 88 190 91 152 255 149 81 150 6 146 4 90 144 104 210 54 189 101 246 4 187 172 247 141 35 191 223 19 26 166 215 163 107 255 255 132 197 193 107 252 33 133 167 170 89 95 32 244 243 121 164 255 143 113 255 216 239
38 30 204 186 66 131 0 126 255 187 232 135 198 129 185 116 230 133 57 69 199 135 129 185 202 205 220 3 239 171 75 78 51 22 237 176 208 224 29 197 196 99 215 65 177 45 70 248 191 248 158 235 26 40 7 68 149 255 176 194 232 255 158 255 120 225 136 253 166 80 1 185 65 79 32 190 72 201 177 160 127 255
110 203 88 43 95 137 7 223 29 237 125 255 160 107 22 128 58 174 252 243 206 41 52 103 141 90 204 140 113 146 186 82 255 55 95 164 103 40 232 96 244 120 1 137 232 180 141 201 176 34 79 222 199 35 169 119 255 158 172 56 184 91 235 186 223 120 96 255 255 120 36 127 208 30 86 51 192 188 154 204 139 187
208 216 119 138 129 83 112 72 6 130 78 232 185 59 54 71 201 90 119 86 199 41 27 165 33 213 221 111 37 229 138 152 200 73 35 175 245 180 196 129 213 159 112 70 74 72 132 24 145 235 101 70 3 82 196 47 241 243 19 76 161 75 114 157 71 202 19 87 232 138 172 161 66 17 211 73 159 95 200 227 104 80
177 122 221 10 67 81 153 241 128 231 33 152 67 192 89 119 247 255 236 204 83 16 161 211 76 65 13 154 107 126 63 186 163 157 13 50 148 237 251 149 37 39 80 204 201 108 65 200 92 11 205 163 237 100 236 230 72 185 86 87 179 160 209 230 1 50 245 255 17 27 97 130 23 101 219 119 31 248 247 103 11 255
113 52 134 255 195 85 255 7 45 62 207 172 184 179 161 43 232 79 200 231 103 104 90 62 90 107 90 218 154 62 238 57 166 211 85 130 157 245 222 18 83 228 168 94 231 138 233 231 179 83 199 90 164 143 0 104 255 252 209 211 183 255 100 62 116 207 128 208 173 175 159 30 218 120 22 67 144 164 159 54 140 91
162 208 35 2 67 255 216 70 228 179 46 79 43 25 149 153 120 193 135 244 235 131 182 132 220 206 254 28 255 107 144 208 101 69 47 117 140 149 73 233 164 65 104 167 247 122 142 16 174 212 203 4 205 29 34 17 171 98 184 170 183 128 245 97 183 145 156 255 203 252 211 55 155 14 56 181 95 136 95 160 162 129
237 7 5 220 166 96 143 65 190 125 226 213 87 159 147 124 148 189 97 226 127 40 96 82 90 9 186 196 228 174 175 120 180 9 5 11 16 41 46 106 128 253 192 98 52 227 27 246 140 161 109 71 87 232 215 157 255 160 194 91 202 164 203 21 244 71 206 243 20 7 106 116 112 158 236 200 209 93 202 203 82 102
242 8 77 130 75 180 219 82 29 203 74 61 126 50 3 89 218 255 20 88 215 206 219 177 174 59 67 210 122 66 190 199 138 132 151 37 233 47 70 144 25 214 186 159 191 65 247 117 14 183 193 115 199 55 122 219 184 162 135 88 75 156 157 91 25 247 232 97 188 54 77 110 27 248 140 125 231 255 197 12 10 58
193 150 177 198 85 75 230 181 92 74 3 59 18 166 2 191 253 230 242 19 113 245 230 118 103 39 244 99 179 255 166 113 40 92 206 183 74 174 19 53 216 158 120 255 53 184 135 25 71 217 199 41 235 131 70 172 252 233 255 120 191 66 159 182 97 237 16 42 168 165 140 118 131 24 251 201 85 235 79 247 226 103
204 44 128 57 112 253 170 28 10 253 245 90 112 114 251 88 81 219 253 140 160 25 136 46 98 153 248 252 39 59 29 220 25 136 228 249 58 161 255 119 63 238 139 148 38 127 234 160 173 187 69 155 149 123 58 225 120 92 130 117 158 130 205 47 85 68 86 173 112 150 183 152 42 73 251 145 204 152 78 52 69 59
20 255 154 86 1 217 20 162 199 48 53 239 133 97 120 167 17 123 79 71 36 67 189 153 50 253 46 133 68 228 128 46 198 213 90 237 251 106 224 146 70 170 135 201 63 1 176 176 94 247 19 2 146 149 192 54 55 33 231 90 43 165 127 166 12 14 255 136 84 69 35 185 2 192 255 255 165 26 111 106 247 128
252 255 222 202 167 26 202 248 10 42 171 55 2 198 74 116 243 75 168 26 213 136 109 255 96 71 165 228 161 243 6 24 233 164 253 194 66 89 38 161 43 179 49 100 174 106 255 215 10 109 137 197 60 209 21 34 192 31 56 45 153 111 225 69 78 178 106 31 251 17 162 135 247 70 88 242 148 77 74 91 102 135
217 101 128 46 160 62 56 204 217 55 255 236 65 154 38 232 117 181 187 151 137 79 228 223 71 46 118 5 169 20 168 103 58 34 26 249 127 193 162 116 240 226 248 239 105 184 163 249 120 206 93 255 253 86 220 246 132 77 236 151 157 224 100 167 84 137 197 74 122 73 27 249 190 244 166 113 121 159 144 116 234 156
75 146 213 227 178 120 11 208 187 165 76 115 246 184 86 192 255 147 26 91 2 185 113 93 9 11 65 29 78 27 70 115 252 66 48 10 255 72 140 191 210 208 152 39 189 201 200 231 105 221 141 124 255 255 255 248 2 131 229 69 253 175 143 148 84 232 126 191 241 134 198 107 107 84 134 101 136 17 210 170 237 175
20 224 222 20 91 230 255 234 151 254 221 67 212 34 12 120 70 143 232 205 247 114 76 139 72 20 54 232 84 242 168 220 184 123 100 215 72 255 255 195 214 52 98 50 182 43 3 35 176 189 143 141 41 255 208 74 219 77 223 206 65 236 29 87 238 50 157 42 188 153 151 214 222 191 68 141 255 206 72 85 52 36
209 72 215 157 142 209 145 136 161 254 210 231 127 151 74 213 76 233 255 40 226 219 43 235 85 249 131 90 234 34 162 36 192 154 116 254 81 165 117 136 159 17 220 240 84 156 234 164 255 144 89 253 243 195 86 11 37 178 147 122 119 30 215 212 79 77 189 84 156 143 107 116 66 196 161 169 51 123 52 66 109 244
182 23 190 75 140 208 80 120 23 5 203 177 196 32 14 113 113 65 60 230 98 152 95 241 11 248 194 254 144 51 6 126 62 232 157 238 196 133 41 255 230 26 13 100 194 107 255 133 89 26 242 244 3 75 136 7 2 28 77 184 168 225 253 46 193 167 117 206 115 233 255 187 17 24 87 255 221 169 176 6 86 68
47 62 147 90 206 231 21 96 93 144 40 102 219 27 147 222 82 229 108 189 75 81 255 156 43 193 207 119 216 164 240 116 206 2 143 31 104 114 255 180 147 245 38 131 199 179 50 223 118 51 82 249 35 23 230 35 50 172 136 123 94 159 124 117 186 180 161 11 139 190 9 160 118 124 44 36 99 8 49 55 99 2
132 48 75 255 83 240 209 76 156 129 177 90 145 227 135 89 12 32 97 42 214 239 53 210 57 86 255 219 255 14 241 159 236 93 58 62 255 214 240 218 205 255 240 233 137 51 41 66 85 87 240 41 213 241 87 59 152 184 80 128 165 149 23 47 225 211 249 107 105 110 112 248 169 204 103 226 188 154 183 212 154 44
29 186 102 44 76 215 150 151 89 35 70 148 208 59 235 122 62 73 59 132 255 226 7 255 206 105 57 233 62 40 133 138 22 39 240 192 1 122 215 113 185 255 166 155 192 192 190 169 5 113 24 212 255 135 235 251 76 253 250 168 183 219 220 29 93 90 54 80 73 218 195 31 228 86 32 91 103 64 0 147 81 43
194 229 118 98 7 232 210 158 203 209 98 255 24 248 201 129 141 255 182 11 236 36 35 223 142 203 46 118 61 41 241 34 74 65 228 84 104 54 66 114 47 236 18 242 236 87 244 113 47 254 152 178 214 70 9 12 29 208 244 255 150 125 114 253 35 67 197 173 118 35 148 91 130 3 37 29 145 132 248 86 245 121
91 201 203 209 118 213 155 190 35 255 244 73 214 167 15 47 222 82 44 155 158 136 8 180 203 1 246 76 142 194 66 175 107 145 175 155 147 235 192 55 193 65 203 28 162 243 79 95 43 99 137 125 105 209 87 40 102 63 128 185 228 197 135 141 99 197 73 145 204 75 85 245 100 247 127 176 224 93 132 125 163 30
14 131 254 18 35 209 217 111 223 252 234 7 155 24 230 60 185 2 138 6 47 188 53 223 241 135 187 134 157 11 93 54 255 159 84 77 77 108 44 96 15 100 70 38 175 90 114 145 128 252 254 133 226 196 206 241 37 88 197 252 91 254 221 196 240 31 69 251 203 39 184 87 85 247 15 93 222 99 171 26 206 100
184 255 252 255 139 206 193 168 237 129 6 68 78 23 230 218 215 29 144 170 110 0 203 108 206 250 162 248 124 228 163 51 69 80 143 86 254 166 165 154 152 222 40 15 255 82 94 36 69 61 9 99 188 176 34 60 19 142 148 172 54 35 111 255 239 105 145 45 113 151 150 95 200 123 192 202 206 211 40 255 72 133
62 130 174 24 202 154 12 3 85 98 0 171 154 186 118 56 228 151 162 84 2 145 78 190 18 235 133 16 27 81 93 12 238 94 87 243 173 222 252 163 171 238 148 196 103 75 234 202 17 249 100 189 191 174 17 182 16 246 142 241 99 39 116 173 193 141 87 113 140 158 201 26 221 127 184 255 151 58 206 41 72 121
191 104 30 242 143 192 11 234 92 122 255 19 173 94 97 209 79 24 166 30 17 214 183 215 212 16 156 75 50 27 156 93 105 9 2 149 135 9 125 237 59 9 207 27 175 18 165 203 135 115 86 224 200 98 84 253 67 15 1 146 125 67 44 117 226 207 86 8 195 162 159 41 56 167 78 18 78 137 66 192 163 214
30 42 114 190 196 140 46 255 110 147 179 134 39 203 77 222 235 54 135 130 43 226 23 255 210 104 220 97 234 98 163 250 5 188 255 58 139 117 99 39 3 248 107 1 123 237 164 255 177 186 131 60 77 68 255 206 73 64 176 82 36 254 15 87 122 29 158 152 60 27 31 43 68 141 37 120 251 251 198 78 31 164
252 71 35 7 241 97 228 250 133 178 167 214 14 173 63 174 164 202 190 43 133 113 255 78 154 225 198 40 111 209 255 42 224 2 44 247 67 83 208 206 255 106 113 27 175 134 135 28 234 69 70 61 255 130 195 36 221 144 203 77 189 165 177 103 190 240 125 220 255 53 221 206 111 49 84 109 175 150 158 43 150 159
181 85 183 165 168 134 82 244 25 221 246 61 109 107 200 4 237 208 156 159 146 192 44 202 157 87 192 255 78 93 154 204 161 59 30 253 115 130 6 123 187 9 244 91 255 152 47 200 16 92 100 226 255 182 179 173 98 115 190 186 250 114 148 43 173 253 6 178 116 141 2 13 224 217 236 22 124 252 255 225 33 67