76 99 38 79
107
151 44 169 25 44 80 216 227 0 108 1 66 246 223 89 251 150 0 28 104 138 55 0 93 238 70 0 94 209 116 208 80 165 205 202 80 117 0 218 100 115 106 130 89 59 255 0 73 9 197 43 180 13 34 153 148 90 254 0 246 12 40 12 0 217 188 10 241 31 52 252 0 221 58 73 75 79 191 20 118 173 28 0 42 0 252 0 30 119 45 31 171 147 40 13 18 106 29 102
12 168 133 72 84 0 19 122 91 20 177 222 254 232 188 98 197 114 255 36 129 202 188 65 151 5 56 0 0 143 8 127 20 116 227 32 9 90 38 3 87 105 249 146 0 225 89 83 210 17 57 216 47 97 0 169 160 182 112 222 210 25 37 114 113 52 127 43 0 13 195 229 0 42 79 18 58 240 105 0 109 115 115 108 241 0 175 190 56 0 203 69 38 5 74 63 174 77 0
51 248 162 45 43 132 94 0 190 212 104 193 15 194 163 58 205 74 177 163 27 30 115 172 206 153 37 11 106 101 0 26 180 255 147 92 0 218 79 32 200 107 120 0 242 211 0 27 104 180 170 40 227 25 204 140 126 112 24 90 0 145 204 212 86 113 254 241 14 158 68 183 154 196 9 0 91 70 15 22 105 228 227 68 231 185 0 28 239 118 44 240 105 191 0 211 171 65 47
108 114 0 52 242 92 69 236 15 229 22 198 254 141 37 34 222 245 166 96 97 57 0 101 203 83 25 17 137 241 124 106 25 232 0 14 75 87 0 58 64 169 81 42 0 0 175 27 177 27 0 0 121 127 240 186 190 163 135 25 144 0 24 56 91 197 189 95 182 90 152 37 79 243 1 145 52 86 92 0 69 63 191 90 42 128 61 202 94 54 66 185 181 8 0 164 3 212 17
251 65 0 181 109 37 220 146 168 154 240 51 60 110 214 131 47 92 68 106 254 125 119 204 244 130 0 57 193 0 0 154 82 26 96 0 45 251 211 46 218 116 81 222 142 76 36 199 34 0 205 133 193 200 46 132 138 30 221 177 236 82 236 0 13 62 37 11 114 177 12 60 0 59 206 106 49 0 71 101 205 48 2 251 51 34 72 202 183 13 159 91 214 120 130 38 223 87 197
103 0 146 35 0 26 104 117 106 219 100 166 43 156 138 0 0 158 224 0 128 209 68 27 0 51 63 211 37 46 167 149 234 80 0 190 11 156 223 222 81 99 21 165 41 34 0 166 239 202 215 3 118 27 222 106 111 0 0 214 4 144 254 175 186 176 155 135 213 0 50 23 156 128 205 253 155 0 199 33 50 221 6 90 142 181 222 203 41 177 176 241 145 56 14 6 189 80 238
228 17 19 20 152 25 37 96 122 93 187 53 242 77 115 167 184 223 231 131 34 246 79 151 150 41 109 20 136 39 210 47 251 27 14 21 83 197 157 133 233 172 0 151 10 134 68 3 137 20 52 128 33 0 0 40 221 175 6 29 122 238 103 208 115 205 75 232 91 75 136 75 59 238 0 0 124 81 61 0 50 91 35 138 118 224 12 160 0 0 80 216 7 137 137 98 77 149 56
97 0 168 101 5 92 0 129 102 236 123 222 196 0 242 151 230 69 244 114 19 26 178 14 255 149 201 167 155 0 0 13 171 0 218 32 134 52 46 110 62 0 217 109 190 100 184 65 199 0 163 14 105 84 147 183 215 216 15 235 192 52 48 182 0 31 163 98 0 123 189 49 22 6 128 61 221 144 231 232 179 182 187 102 160 6 126 0 76 111 65 198 12 220 174 179 216 0 44
196 78 76 10 220 0 242 189 254 173 67 118 185 0 149 0 25 105 191 0 98 74 198 18 88 138 114 92 22 133 235 0 220 92 2 240 25 252 77 62 121 148 45 95 33 163 242 191 56 83 154 95 42 74 25 94 20 94 252 109 37 62 107 44 108 191 119 79 108 32 29 201 144 220 76 23 240 61 68 133 56 60 244 93 75 198 115 57 97 33 0 51 156 124 243 41 84 118 1
136 78 170 38 188 68 8 51 0 51 28 62 189 83 94 40 65 136 195 188 127 112 188 221 91 216 175 252 245 174 188 247 157 47 180 137 75 45 0 85 154 9 57 231 196 135 161 82 25 127 21 192 67 197 12 195 169 29 0 239 223 107 211 98 8 61 241 179 0 90 176 39 0 44 96 152 92 25 202 167 108 81 57 242 19 206 44 174 160 99 153 227 1 0 50 77 244 171 173
236 34 133 60 0 125 123 154 18 140 219 11 219 0 74 231 60 247 207 0 249 157 38 225 137 56 101 180 78 177 80 143 233 130 122 87 117 81 243 0 147 245 0 221 0 183 57 115 113 118 95 9 42 23 0 51 0 118 0 251 36 0 149 8 150 92 254 0 108 229 24 0 102 168 26 0 75 48 50 252 0 216 243 230 66 118 129 13 0 169 82 244 221 10 70 213 176 42 208
193 0 22 157 156 188 131 180 148 238 71 241 0 207 217 98 247 161 44 0 46 96 75 7 110 113 182 17 196 107 127 206 251 26 75 80 0 121 51 25 69 128 253 179 98 11 126 0 73 0 219 137 11 10 99 16 39 207 6 33 160 230 219 6 246 249 118 95 32 137 8 41 67 123 47 83 0 14 45 209 6 251 89 43 101 208 0 227 162 0 236 77 119 24 194 152 53 108 0
193 243 58 0 0 157 178 80 12 121 93 36 189 0 0 146 113 139 139 219 96 67 11 65 131 100 238 40 16 95 6 107 205 186 176 0 212 128 7 26 113 164 117 0 0 161 187 231 0 27 145 45 30 205 165 0 0 82 167 87 31 112 192 231 209 96 175 65 249 70 193 216 79 13 192 46 50 7 53 226 75 73 251 143 117 19 214 34 158 119 73 2 57 175 73 158 85 51 160
162 121 42 9 163 138 124 31 174 179 28 104 246 29 39 189 66 10 64 110 76 94 0 8 107 13 0 174 78 93 178 98 124 0 42 0 214 44 239 0 199 103 55 130 52 84 14 0 47 103 165 20 0 47 40 192 177 0 0 50 197 75 62 82 227 0 223 0 82 21 38 62 100 201 200 213 232 50 228 226 30 202 10 30 245 213 82 210 95 94 119 0 123 42 197 241 89 228 155
80 247 0 82 35 224 73 205 0 152 193 139 121 51 109 86 171 0 177 240 154 141 114 109 0 118 113 0 242 72 175 215 134 88 235 181 142 208 161 25 4 209 248 38 15 44 65 54 170 146 90 1 0 48 5 45 156 164 45 250 254 105 0 70 253 206 135 53 154 50 218 150 135 196 0 0 147 98 0 3 28 157 38 14 92 14 77 204 188 116 162 3 151 77 25 40 235 78 235
196 67 221 162 55 210 117 225 204 104 131 31 146 167 155 108 104 120 161 54 47 124 0 227 147 165 9 103 102 126 47 213 254 217 126 222 0 143 0 49 73 77 203 6 63 168 75 93 18 19 35 153 61 227 70 200 11 223 2 207 104 154 3 240 75 32 194 92 17 45 197 222 81 42 35 191 134 231 79 25 50 120 63 0 73 16 23 184 0 157 44 175 83 156 34 92 132 188 224
70 84 53 7 162 49 70 229 147 114 87 19 31 207 139 248 59 0 161 107 162 0 18 145 20 0 143 75 15 0 49 0 169 32 9 31 40 80 188 90 38 0 110 17 31 67 247 83 48 157 190 50 253 79 23 65 67 79 167 236 62 76 98 130 121 158 195 252 96 174 254 99 237 9 133 50 214 79 218 86 213 31 112 197 108 126 173 80 120 155 20 241 5 167 184 39 208 172 100
85 243 62 34 216 208 50 88 97 133 86 61 82 0 242 222 55 117 5 120 210 71 223 206 113 125 0 0 140 81 184 117 151 22 119 159 40 213 224 141 51 36 90 141 104 0 134 16 20 162 89 5 196 210 160 3 56 55 113 0 98 14 11 144 236 235 238 83 0 17 95 16 150 136 40 162 75 70 99 194 112 89 205 0 160 79 77 145 118 251 37 154 16 45 32 254 139 80 0
31 234 81 233 203 104 240 30 240 162 34 67 0 52 0 80 0 144 122 15 52 14 9 0 6 63 145 9 104 48 42 121 63 56 195 243 60 0 13 105 172 8 202 0 156 230 42 210 92 186 115 141 15 40 124 77 101 124 200 0 222 35 82 131 113 68 234 191 234 203 143 43 241 209 117 237 112 8 72 67 189 0 216 195 0 160 0 61 236 183 57 92 0 0 73 144 66 185 114
1 30 118 113 74 224 53 45 237 226 243 179 232 135 112 29 226 169 88 217 192 29 188 50 110 169 17 63 171 66 66 59 59 29 212 230 55 0 233 34 4 0 70 12 16 137 44 50 49 86 255 69 111 75 119 233 219 106 182 96 59 83 64 113 120 248 186 63 0 172 110 10 58 161 195 70 0 238 65 180 69 253 103 0 119 95 168 39 53 207 209 23 253 117 211 129 220 139 223
0 78 201 252 23 122 12 110 102 21 50 158 177 181 99 40 68 10 61 0 187 0 94 0 128 102 54 122 251 8 250 107 36 0 0 36 237 7 201 155 0 52 17 101 50 241 62 0 165 124 206 25 216 201 97 166 122 211 22 0 229 149 173 138 25 93 253 11 177 219 142 251 118 3 42 71 215 251 177 226 135 14 119 208 51 228 216 0 26 0 169 18 237 64 0 250 80 173 213
154 1 192 209 104 130 43 96 106 0 3 167 141 85 233 98 59 30 119 143 22 221 65 30 47 231 228 0 185 63 172 57 147 160 177 8 240 0 141 86 84 0 68 53 3 46 85 60 57 34 161 0 0 239 49 111 154 65 197 234 10 144 110 107 226 127 110 150 215 81 40 39 0 128 234 227 102 0 177 138 216 164 117 37 64 0 0 59 251 198 120 134 7 0 140 0 25 127 99
43 34 186 59 193 104 19 244 76 0 56 230 211 33 50 2 76 85 60 111 231 165 162 196 158 167 162 107 235 11 47 62 104 130 228 100 72 76 3 207 183 126 153 11 106 125 0 234 138 237 245 158 141 66 242 48 59 39 0 152 16 120 109 230 40 4 8 255 95 0 175 108 229 59 30 149 135 36 76 30 83 109 66 209 56 2 255 17 87 46 0 35 161 180 160 114 138 48 94
52 52 171 211 85 244 255 52 88 214 213 241 190 253 66 99 143 215 21 112 15 217 146 0 44 221 177 12 199 99 83 203 106 26 232 254 16 195 26 51 64 195 69 163 237 206 86 48 0 93 98 49 238 236 6 83 254 236 57 0 56 0 112 214 25 92 47 36 0 0 104 0 146 251 58 105 97 63 75 0 160 4 29 205 12 134 198 60 229 0 129 240 0 179 46 0 23 240 110
0 35 0 0 85 0 126 18 123 196 94 57 83 61 12 236 227 0 0 236 0 43 253 187 46 102 127 248 218 116 61 166 145 172 3 0 0 239 50 160 170 0 95 93 172 0 45 117 104 241 215 203 0 84 214 251 165 36 250 128 240 0 32 193 100 170 233 235 176 45 59 224 243 76 174 27 134 239 220 180 0 200 202 181 172 235 0 221 110 0 156 64 102 97 233 0 21 187 114
192 214 90 67 132 223 30 0 140 13 85 199 214 86 0 68 9 233 144 109 56 99 0 133 91 82 165 112 128 0 67 131 145 198 103 216 28 11 102 47 91 191 157 31 2 230 0 225 95 91 58 71 93 157 53 253 131 228 47 135 56 207 48 49 57 85 207 34 196 228 233 0 16 166 153 0 44 183 69 248 174 159 121 109 79 189 107 9 52 93 143 84 166 130 215 0 237 63 0
186 7 212 0 25 68 103 64 201 139 2 184 0 246 119 163 131 29 227 251 12 129 172 34 27 0 209 155 40 63 0 156 9 72 79 122 98 9 177 193 135 235 108 96 75 0 7 125 44 80 110 26 96 88 118 211 33 149 116 0 198 82 0 168 0 133 22 215 16 81 236 250 0 3 127 43 132 200 0 30 232 235 62 109 234 58 80 55 101 6 242 156 152 162 204 147 198 210 55
168 114 98 224 163 105 12 81 78 116 142 0 89 27 50 223 0 149 180 38 204 50 8 88 140 249 104 112 0 113 0 55 90 76 160 12 143 185 223 72 0 228 191 255 93 57 152 106 218 83 50 182 6 237 168 47 18 131 62 227 139 235 160 142 247 3 207 84 26 0 164 182 89 23 63 33 83 27 200 12 48 73 143 33 36 52 221 6 135 74 8 0 0 0 0 78 0 211 35
103 140 0 83 73 155 248 134 149 10 0 95 147 105 157 224 211 103 202 141 38 22 135 169 0 62 148 248 0 38 87 153 245 0 207 220 179 0 96 0 238 27 227 46 18 51 220 46 156 171 32 233 14 158 2 166 183 80 0 70 202 0 56 14 176 16 92 5 118 204 57 94 51 73 214 0 163 233 231 222 218 120 42 204 236 119 65 201 18 194 116 158 70 254 255 42 253 93 0
12 94 224 55 240 111 121 150 194 44 35 0 0 0 238 75 95 18 5 125 58 65 18 0 111 147 51 24 98 234 90 14 146 90 76 89 139 27 169 12 0 62 17 31 171 97 68 24 179 211 0 0 0 95 83 166 237 198 22 0 116 44 126 65 75 42 25 49 66 164 71 103 68 251 0 149 182 5 180 208 173 172 37 165 203 155 118 25 129 70 18 119 80 31 55 0 147 0 252
244 198 0 24 61 37 157 110 11 186 197 79 27 0 12 0 110 20 0 209 249 156 48 49 101 91 22 185 237 202 222 63 212 83 0 18 183 0 224 19 189 160 122 131 0 0 17 229 249 73 82 0 26 220 37 6 99 91 187 57 49 126 198 52 222 23 57 220 138 132 208 49 15 179 189 124 75 247 240 253 33 122 0 202 52 62 239 56 3 73 17 48 99 92 225 97 9 252 52
39 254 183 254 218 121 169 0 89 196 129 32 3 90 0 107 165 243 209 76 26 80 74 0 204 231 222 57 36 205 81 149 148 74 68 43 123 19 211 216 217 0 35 245 90 186 200 35 185 0 216 145 134 197 36 140 72 0 86 250 39 42 70 86 196 13 123 24 3 79 84 115 0 254 161 0 144 244 153 255 171 0 132 39 13 0 55 164 242 168 99 165 0 201 128 116 82 0 182
173 46 154 87 74 62 49 114 153 182 218 37 211 30 135 185 0 72 50 203 221 0 35 240 228 0 82 255 195 79 139 70 8 109 177 130 45 193 83 185 0 57 90 5 7 115 47 34 0 0 48 171 172 90 218 177 107 208 1 84 134 108 0 124 48 141 160 0 77 224 14 204 0 228 149 25 77 20 95 88 53 104 182 87 172 0 198 232 74 165 26 35 152 229 209 138 132 227 159
218 0 204 228 234 242 186 67 139 0 13 119 231 106 62 84 50 121 241 99 112 178 2 100 50 254 50 103 185 120 211 84 126 81 26 216 145 205 176 33 123 0 75 205 3 39 0 203 165 232 232 42 216 152 25 159 28 134 204 101 18 0 88 61 60 0 0 96 111 167 207 0 197 145 174 45 151 104 76 149 1 0 149 91 68 55 43 183 5 252 15 168 145 64 153 79 165 135 0
21 205 0 47 179 21 231 200 12 238 16 3 174 189 0 55 5 113 141 205 244 231 0 49 0 80 3 244 113 181 76 142 15 98 102 139 196 164 77 63 46 0 95 160 74 118 233 36 28 49 0 2 0 172 40 240 251 170 221 19 238 12 0 96 207 2 74 71 236 52 134 95 162 72 109 132 18 120 117 0 128 104 107 35 0 164 107 20 0 33 204 57 195 21 115 211 36 0 138
201 162 181 33 255 0 205 219 57 39 147 58 146 100 11 71 35 133 163 222 151 28 55 15 134 33 89 47 6 71 30 129 236 188 95 159 249 141 0 80 31 61 0 214 248 6 142 111 143 4 7 152 13 242 134 62 248 0 161 4 193 223 76 128 242 37 156 245 218 116 114 0 223 125 161 212 92 0 0 0 0 0 21 163 115 200 75 35 162 226 177 222 241 236 82 27 32 0 80
204 134 193 237 146 45 253 86 63 120 117 212 105 204 25 0 0 91 0 0 0 0 18 52 92 54 185 38 111 6 184 68 86 0 217 34 116 76 192 47 213 45 165 86 112 222 75 127 139 0 82 33 173 208 0 217 126 0 56 30 104 11 114 160 159 143 189 149 188 128 124 85 18 0 0 63 0 75 0 104 7 0 86 28 60 83 0 0 117 52 73 103 24 148 28 0 168 195 236
154 0 224 26 35 213 0 247 235 82 71 15 130 152 228 78 253 31 174 244 0 0 124 0 15 31 109 91 60 0 190 0 206 105 55 94 109 84 95 0 93 110 19 189 43 193 149 115 107 22 7 0 234 41 35 253 0 57 237 236 169 0 164 194 23 34 54 15 0 116 144 79 199 3 192 33 0 10 9 77 54 0 0 239 0 0 252 95 161 33 60 156 0 148 59 234 98 8 0
137 103 110 51 120 49 226 137 229 78 128 215 75 106 70 223 0 129 78 250 50 0 106 34 203 197 62 47 0 108 28 10 219 84 178 134 134 182 252 76 150 25 20 5 167 251 138 211 48 233 157 57 127 152 181 67 0 234 205 238 136 217 0 7 120 23 137 131 237 73 0 14 210 151 197 215 0 0 0 0 91 53 0 220 83 0 0 202 46 151 149 43 49 191 198 57 119 153 164
128 208 50 83 45 147 221 23 69 144 19 6 88 55 82 68 78 0 138 84 254 164 160 160 174 159 236 254 100 211 225 211 153 129 21 0 96 26 247 128 30 243 187 122 138 22 85 205 184 79 84 161 7 188 131 92 89 184 135 194 11 185 126 0 135 13 103 57 46 20 0 245 153 0 103 163 0 57 0 0 10 14 0 11 0 6 173 202 66 144 250 37 63 68 25 18 0 222 0
79 187 253 95 216 245 19 193 0 231 135 171 68 21 51 235 148 29 118 69 192 0 130 72 54 28 41 128 0 24 252 247 205 17 135 2 199 112 246 237 141 214 15 111 17 238 0 143 193 25 7 0 181 131 37 0 236 164 50 2 161 12 58 126 65 0 8 175 210 55 106 43 0 114 36 100 81 68 61 0 13 72 0 45 91 1 75 0 49 40 221 50 162 88 229 57 0 30 180
114 88 232 100 229 107 51 0 234 122 158 153 0 0 214 36 241 146 1 91 38 124 142 14 161 241 55 0 57 95 212 243 235 0 136 18 222 225 1 0 45 68 195 79 25 65 251 164 173 40 22 60 127 62 66 195 3 149 143 154 109 130 15 151 95 49 48 238 107 0 49 241 202 136 51 67 102 79 0 0 66 84 0 0 149 0 41 73 159 2 150 4 217 131 0 172 239 122 0
0 146 0 80 224 92 174 250 233 63 116 175 32 66 192 153 12 0 37 85 50 112 101 43 243 241 214 0 72 213 84 226 137 0 54 173 59 210 0 135 0 0 25 221 0 238 120 107 24 0 138 174 0 178 123 64 254 158 254 101 216 88 149 0 43 91 192 0 189 142 252 0 147 106 0 195 126 50 34 145 128 0 1 209 104 85 164 81 57 52 146 3 87 174 2 0 32 0 162
150 126 86 151 101 37 64 201 221 145 251 97 20 0 196 43 76 61 122 27 25 66 91 244 175 195 249 125 74 10 80 62 83 211 4 79 69 222 67 198 0 189 0 235 3 0 36 32 0 0 0 243 101 16 0 4 76 243 30 88 161 40 46 252 190 176 224 106 154 32 107 222 131 211 130 175 8 35 60 78 253 0 182 225 144 0 71 226 218 232 132 185 162 110 130 168 85 125 24
45 109 146 79 205 226 184 14 231 167 71 185 231 66 48 77 58 219 101 46 151 0 134 35 176 243 213 243 6 19 52 48 156 87 0 0 0 248 35 65 192 79 55 231 102 13 210 0 174 130 232 42 151 106 255 9 54 89 104 146 69 163 108 70 105 193 0 61 0 66 205 158 138 114 91 0 187 224 67 164 0 173 236 202 67 177 189 22 107 98 40 81 236 83 78 215 52 53 6
163 7 0 40 135 124 6 0 0 175 0 22 139 113 0 244 234 152 103 68 195 124 138 97 58 133 0 48 0 8 136 152 213 67 169 129 116 44 167 252 0 0 158 164 27 6 14 82 46 26 209 129 192 202 95 209 181 44 112 228 156 188 199 0 81 65 127 140 179 210 142 171 196 39 26 85 243 122 0 153 188 60 31 87 202 146 103 129 189 50 62 43 84 206 136 0 64 40 83
167 112 133 130 86 198 196 243 82 189 99 133 141 185 237 102 236 248 135 112 23 133 168 48 120 159 1 17 44 11 5 159 38 19 12 76 0 25 186 122 167 1 174 21 243 61 6 189 207 165 135 37 0 139 0 43 97 36 40 12 188 192 188 142 28 49 127 54 0 100 115 165 181 231 44 153 37 167 244 0 76 98 231 4 99 155 224 45 67 42 34 132 109 168 115 36 84 250 237
105 122 27 0 128 189 182 114 195 143 159 131 35 80 154 184 162 161 41 129 52 62 36 66 159 247 0 0 244 11 169 166 105 164 212 44 0 23 99 51 254 68 49 33 55 155 47 31 119 163 74 187 105 144 119 88 0 140 85 101 59 33 44 160 152 0 6 180 89 161 185 112 57 98 150 235 26 214 0 245 134 204 2 131 224 23 152 236 90 37 0 6 211 162 64 62 100 111 191
245 0 150 148 75 50 160 58 55 1 252 200 76 35 152 154 194 214 228 179 239 106 100 0 70 82 11 230 45 171 56 230 15 255 31 232 55 163 0 127 123 60 31 119 77 26 46 197 212 111 0 0 155 54 250 32 64 154 254 80 149 22 107 94 13 82 36 53 52 66 73 245 35 114 239 26 181 224 118 146 0 49 175 13 176 228 178 239 151 50 0 204 84 70 243 12 155 235 240
0 39 198 71 102 76 175 187 94 128 71 186 75 245 67 223 44 205 153 231 178 0 93 195 147 165 13 173 215 0 102 145 137 56 51 0 96 0 111 247 30 110 36 2 13 49 38 47 106 143 248 233 0 1 60 51 39 29 194 233 122 195 3 160 0 112 85 75 63 194 144 13 0 122 130 128 159 242 213 7 6 223 0 99 108 87 144 85 146 168 136 128 81 49 73 51 86 212 44
166 67 0 94 175 210 120 57 98 239 106 179 112 114 192 179 142 103 245 5 0 40 85 226 196 219 114 62 93 1 248 238 103 150 153 188 242 17 40 108 167 28 222 186 121 0 70 17 127 126 112 0 1 113 220 131 20 242 143 94 232 248 81 37 98 178 33 244 144 155 52 107 18 40 77 20 60 0 147 233 86 49 0 181 115 158 144 138 88 108 106 81 74 102 59 46 119 107 16
121 149 114 27 184 92 67 153 128 87 0 129 87 191 71 15 98 134 199 36 81 20 205 76 182 15 127 46 18 168 144 0 0 193 100 79 108 192 73 197 83 158 116 71 178 233 244 210 204 122 101 63 41 193 107 198 101 75 37 166 100 223 145 18 18 68 192 0 254 0 177 180 229 127 0 149 64 143 44 200 0 10 198 181 188 0 0 217 61 117 10 58 233 242 161 20 212 28 118
149 245 209 20 236 137 127 59 125 151 0 35 90 149 163 219 189 23 17 127 181 189 60 83 218 153 254 110 130 227 25 241 63 227 150 0 217 83 160 24 168 33 23 210 231 125 35 82 122 101 83 69 169 96 131 58 177 229 147 198 112 0 153 127 8 0 197 19 160 13 114 17 209 223 0 169 0 65 87 198 67 221 177 83 244 134 75 77 170 64 226 56 64 100 17 165 155 181 224
75 5 95 105 51 178 169 58 42 50 1 3 0 75 131 183 59 65 32 56 144 189 165 9 60 246 64 0 0 79 12 88 207 173 0 210 188 254 87 251 114 91 89 225 64 112 200 89 0 223 0 213 231 240 202 104 250 115 91 157 231 40 130 82 119 67 143 87 47 197 237 230 157 127 127 147 36 55 63 91 90 142 224 113 49 14 76 161 130 233 0 44 243 188 189 75 218 154 91
33 94 173 33 21 145 151 231 0 11 100 163 87 32 70 0 134 128 69 4 0 203 216 148 218 131 130 161 154 251 189 22 0 0 185 0 54 236 72 248 23 38 159 126 39 29 247 90 230 58 255 186 148 8 171 48 36 32 211 0 49 149 164 3 25 233 164 78 209 204 6 21 63 51 107 120 8 3 204 158 150 71 123 40 36 23 235 104 48 0 57 95 14 0 212 249 42 0 110
49 41 98 110 78 231 162 36 0 191 39 26 156 247 34 133 116 6 152 0 141 0 43 39 143 21 29 28 0 155 0 222 72 118 64 112 0 43 119 174 137 0 64 0 0 82 9 99 0 55 47 62 179 92 38 37 42 0 168 199 242 139 147 0 168 52 229 15 0 91 223 94 145 73 125 40 205 71 244 79 9 0 70 17 26 0 149 163 223 107 93 203 223 213 0 70 229 207 132
91 32 255 219 111 6 157 81 91 48 250 213 24 94 28 138 36 217 245 252 45 108 207 107 208 135 187 108 1 40 50 0 0 228 186 51 204 68 245 39 0 0 105 0 151 250 186 0 48 149 93 87 43 0 11 115 156 33 229 34 54 55 230 217 155 103 234 198 114 30 186 106 44 247 198 218 68 0 203 234 154 3 233 49 249 129 85 0 77 1 20 231 86 26 11 231 190 26 26
202 0 82 132 157 69 141 0 0 143 114 235 192 63 177 117 172 227 94 228 118 0 109 95 101 65 101 244 65 101 47 12 185 66 112 201 63 143 179 163 240 189 195 226 195 60 0 43 0 116 100 0 250 2 255 92 240 234 43 24 96 108 0 39 160 247 8 8 0 230 147 36 252 154 69 0 169 102 237 254 13 107 111 40 85 32 0 20 76 4 87 170 75 73 14 10 91 84 186
123 33 128 93 95 44 0 116 15 211 208 116 77 100 184 132 255 46 127 71 3 211 178 191 134 110 44 181 38 160 226 2 28 231 229 133 58 209 62 180 216 175 234 0 12 222 65 48 245 105 233 69 214 143 113 159 0 6 0 94 108 209 220 0 171 22 92 0 144 148 82 180 226 136 95 55 221 182 184 222 116 69 50 66 59 19 40 32 9 0 148 96 0 163 233 11 112 74 1
19 0 253 0 22 14 241 0 39 0 3 0 209 254 167 5 181 200 31 74 22 79 239 221 153 64 134 236 57 165 120 7 1 90 23 127 241 241 220 254 7 106 88 72 0 125 70 106 0 46 222 27 14 10 173 29 52 183 160 79 0 17 87 103 31 191 1 1 208 115 34 251 217 0 222 22 129 95 146 193 110 209 0 21 200 0 178 22 69 248 239 83 73 92 174 117 6 30 232
200 86 5 167 3 2 73 19 39 12 15 186 249 205 17 42 234 61 9 107 215 44 231 139 0 196 195 196 0 246 10 90 21 97 48 126 3 48 0 171 7 0 120 95 108 167 96 22 9 213 3 223 122 2 147 11 31 218 142 25 131 0 141 181 246 121 0 84 60 112 194 44 41 170 57 126 11 209 101 99 151 226 223 248 105 42 202 40 105 229 113 75 63 110 208 0 104 52 122
220 163 100 116 243 25 140 12 160 72 171 111 19 50 41 134 222 64 240 44 106 43 188 49 69 196 103 179 227 115 0 22 109 102 38 245 70 98 185 97 48 219 95 233 125 4 21 194 211 22 52 214 0 163 0 248 44 124 170 187 139 127 78 0 109 138 52 16 89 239 101 214 52 0 109 0 116 204 157 48 233 8 39 88 100 12 80 78 177 174 0 92 239 237 0 184 199 3 0
28 0 178 23 102 89 0 28 72 34 115 21 255 87 71 60 102 98 15 63 130 39 123 162 0 236 15 158 205 189 176 217 85 246 165 65 0 72 16 92 38 145 224 5 98 63 126 160 251 175 49 43 250 184 0 0 55 130 202 79 249 173 186 151 210 57 59 57 45 122 19 163 51 19 0 129 45 178 81 64 50 103 115 0 41 70 32 99 249 245 56 18 76 229 52 52 0 103 225
5 98 43 73 38 204 214 223 72 71 107 0 174 19 19 15 34 29 173 162 104 89 255 103 95 236 97 123 51 135 0 234 3 217 0 152 39 3 97 159 56 28 77 37 106 150 0 77 110 73 188 188 167 93 134 202 231 112 34 187 51 108 138 60 250 248 152 232 0 0 0 104 37 64 201 1 194 65 18 113 187 62 58 188 17 23 7 39 9 229 220 191 131 0 0 164 17 251 74
0 196 26 157 91 225 46 222 46 87 221 244 69 0 0 85 212 245 143 241 195 9 27 203 181 0 0 15 78 71 0 129 54 112 202 0 238 96 158 0 35 35 237 71 58 74 106 4 37 71 0 104 90 124 248 192 81 196 66 0 35 164 134 204 222 21 54 89 113 60 238 15 226 88 163 230 231 93 187 19 1 232 132 89 92 198 20 243 147 127 249 225 168 45 123 203 45 103 174
131 251 86 216 114 85 0 29 0 91 54 7 126 85 200 0 113 4 228 175 77 24 21 47 253 130 148 148 13 109 45 174 55 115 240 61 84 188 79 31 158 170 211 103 193 231 68 212 176 135 83 36 67 102 68 137 139 184 61 127 208 41 133 208 79 247 37 151 194 198 196 207 186 136 43 59 119 65 60 62 28 170 70 71 92 235 119 80 192 164 20 249 0 60 254 108 0 64 156
9 95 88 54 155 33 38 217 42 234 76 58 119 174 159 48 60 0 0 96 175 252 187 82 127 68 190 92 129 142 87 90 200 38 65 43 38 75 2 211 188 196 104 252 22 195 79 242 26 209 247 32 223 20 116 110 0 227 221 5 38 70 0 13 0 86 124 27 251 202 176 222 136 66 225 85 55 37 35 52 81 235 219 116 80 12 130 91 0 64 0 149 41 135 193 10 0 61 194
167 121 106 116 249 234 115 85 59 136 157 243 254 104 142 106 173 153 127 63 21 254 180 30 96 142 10 249 115 53 167 77 15 84 74 110 0 120 101 12 214 158 77 0 116 35 237 178 227 0 167 117 207 140 86 40 19 63 96 146 21 71 92 67 250 0 141 213 2 44 77 170 144 0 20 233 1 196 108 134 169 181 92 76 3 208 127 173 219 236 104 71 220 159 98 204 142 118 161
237 48 74 242 13 223 231 181 176 184 127 52 255 72 50 109 0 81 159 132 214 0 98 56 157 160 100 3 229 173 1 51 147 176 0 20 79 0 99 28 47 0 0 0 39 253 43 224 250 138 0 195 49 234 44 195 138 76 158 252 180 250 116 120 112 98 109 118 211 206 41 17 0 46 112 254 212 6 0 243 150 110 184 102 65 191 213 196 83 0 214 203 26 191 249 121 100 98 35
105 200 13 92 112 0 120 98 253 134 114 199 0 0 119 0 101 114 45 129 199 78 62 80 83 121 179 0 244 206 84 228 0 56 174 46 114 41 189 223 0 153 183 74 206 19 232 214 209 0 245 71 0 201 40 155 252 70 199 205 152 179 147 56 196 15 113 29 11 42 177 43 211 2 189 0 229 135 222 170 0 105 101 68 0 15 32 251 189 46 89 255 75 135 120 81 56 220 236
233 186 124 129 0 60 29 197 52 149 241 50 71 5 240 184 11 33 83 187 215 132 210 10 98 237 189 189 6 79 209 101 70 215 158 0 193 228 167 22 12 220 49 115 77 152 182 73 0 81 64 73 245 139 0 71 251 200 217 0 102 44 189 166 93 32 76 78 249 245 133 0 74 148 115 193 90 42 48 46 80 94 133 0 130 5 32 128 46 92 10 182 68 22 22 14 140 175 0
62 138 141 145 186 127 126 231 146 211 185 0 82 38 16 0 84 84 224 0 0 65 255 0 73 117 212 111 129 53 195 137 0 99 106 95 144 252 50 249 125 77 0 41 119 21 2 223 190 236 55 125 155 167 159 161 87 72 82 103 0 27 14 0 64 187 111 232 186 233 58 0 28 208 18 184 78 0 226 49 190 152 128 170 159 255 45 86 225 116 22 185 0 59 113 180 38 81 67
248 176 0 229 98 143 6 27 4 110 40 211 200 167 111 115 29 170 34 232 217 251 250 155 42 26 8 52 215 103 116 91 28 190 246 26 92 169 48 15 18 26 36 118 216 9 158 68 13 233 0 12 81 202 59 50 221 181 125 125 155 118 98 197 29 157 111 155 24 130 20 5 39 0 189 21 177 124 115 50 33 18 115 70 52 24 41 184 25 181 182 17 100 25 115 74 0 106 0
0 210 144 22 50 181 205 8 189 0 240 0 50 159 182 211 60 0 48 203 202 45 159 111 230 20 188 28 127 76 116 251 21 189 44 202 0 2 216 99 230 126 238 66 87 69 62 161 152 23 0 84 44 39 181 166 108 33 162 5 234 0 93 254 111 107 18 175 186 94 209 197 50 184 41 162 125 219 62 195 226 0 155 0 76 142 19 178 36 91 51 32 223 79 102 159 32 116 117
240 34 203 59 132 174 131 144 126 200 122 74 18 174 16 167 26 116 111 135 33 17 66 213 9 98 162 19 56 138 119 129 70 147 0 183 62 130 81 1 23 7 236 12 120 5 147 92 215 0 0 97 112 27 249 205 190 0 219 60 109 63 247 30 238 253 194 0 31 42 0 205 10 127 122 142 199 77 101 108 48 212 189 108 77 180 8 226 165 95 35 174 61 13 193 148 52 32 212
213 64 202 0 0 23 90 37 28 8 218 137 28 228 100 117 245 98 40 18 32 188 70 144 124 0 182 0 217 0 88 0 187 117 125 38 83 0 0 0 37 159 53 167 34 23 205 63 0 89 247 0 7 20 0 159 166 199 123 21 101 222 197 19 28 110 233 57 232 29 106 26 70 91 55 5 125 1 85 163 0 27 0 172 149 10 144 53 211 0 2 167 197 0 232 223 145 144 0