37 9 26 7
11
217 194 174 5 192 132 165 238 87
246 176 51 26 203 198 91 41 253
49 62 165 138 157 199 96 26 171
197 194 19 163 179 222 17 36 114
168 28 32 76 158 215 2 54 19
184 251 235 124 159 163 151 165 173
163 230 160 14 80 38 182 54 30
17 236 170 158 169 48 161 32 151
77 36 23 117 9 57 115 167 1
221 204 158 152 163 152 154 164 47
53 117 57 82 163 96 115 160 30
154 59 198 72 226 26 169 171 208
12 54 159 110 105 186 39 166 122
254 229 163 169 131 16 176 214 109
203 234 160 173 117 84 49 199 197
165 232 227 120 221 83 157 159 204
61 78 33 170 155 203 156 162 64
33 193 153 162 126 136 22 14 47
88 226 111 248 222 170 10 169 12
154 105 161 231 159 154 188 171 108
101 155 157 155 173 163 166 162 170
156 168 189 170 172 162 163 168 167
201 153 92 163 162 157 167 152 171
249 157 164 153 155 152 159 158 164
41 152 163 156 171 160 154 163 167
202 154 160 158 172 169 163 157 163
58 171 166 161 174 152 171 134 170
238 172 163 174 174 164 158 173 159
156 156 158 165 49 154 164 172 162
211 170 164 168 162 159 162 152 156
169 159 173 154 158 163 164 162 242
208 158 152 172 161 159 172 161 192
163 161 167 164 152 169 161 173 164
162 121 71 110 160 40 239 168 217
184 159 86 179 76 57 53 233 49
10 167 162 144 153 242 159 5 24
40 17 154 81 46 44 126 170 174