51 20 23 1
61
245 184 165 148 159 95 96 201 161 255 104 187 94 191 140 128 212 70 20 222
57 38 79 172 255 18 142 32 61 13 255 196 73 148 135 216 253 72 200 14
232 242 247 152 216 157 78 124 202 225 165 225 216 103 255 243 6 139 43 255
247 251 176 255 78 134 210 225 255 255 84 135 213 54 66 128 33 251 252 239
180 1 104 255 157 187 55 255 12 18 255 21 152 255 255 241 143 211 192 198
163 65 167 221 208 1 176 75 255 190 76 75 204 186 195 226 203 204 18 139
162 161 22 219 111 30 189 255 127 246 189 192 27 115 123 160 11 196 29 131
93 253 72 15 246 199 255 208 167 71 141 117 245 231 179 255 209 255 187 73
253 255 253 237 144 100 219 255 121 64 206 173 215 223 234 170 126 255 12 188
70 96 37 190 205 9 221 195 95 161 255 116 236 14 124 114 214 198 50 153
255 114 227 251 98 61 12 201 174 113 212 0 196 53 62 157 163 255 175 187
239 204 237 207 223 54 44 232 176 37 171 169 157 54 136 86 146 6 72 79
28 125 78 169 242 158 95 223 198 44 127 165 255 211 19 175 219 154 248 97
55 145 253 118 242 212 223 248 32 145 132 242 64 174 88 119 132 115 107 217
109 217 194 13 105 190 182 71 5 187 58 193 197 234 198 134 191 17 40 249
99 90 106 192 17 191 196 195 209 238 75 234 236 26 240 236 196 74 15 234
46 130 211 66 115 98 242 129 62 141 225 5 148 249 199 205 39 243 218 29
193 255 238 197 230 255 255 255 229 175 203 181 83 255 245 92 140 52 140 162
216 255 231 255 255 221 255 214 218 161 141 222 188 6 247 76 157 174 238 152
255 225 255 255 204 225 229 218 28 65 119 186 255 63 209 166 95 255 124 48
215 222 195 243 255 192 206 224 167 5 35 223 44 60 33 40 73 195 199 93
80 231 230 255 203 220 255 255 231 45 255 240 215 181 207 111 121 117 15 197
248 255 199 206 255 255 255 255 122 154 208 147 255 43 51 185 227 188 188 255
218 197 214 239 222 129 255 197 82 252 255 164 98 19 10 15 255 120 68 198
191 232 197 203 236 255 255 255 102 26 208 193 70 95 79 70 144 255 137 38
215 255 255 196 190 129 204 219 232 241 255 206 82 56 184 255 74 29 73 30
202 192 246 254 213 210 189 255 128 255 153 148 163 224 249 203 3 204 127 9
255 255 219 255 245 237 255 249 230 209 126 154 246 102 146 255 137 255 236 181
194 255 255 205 255 208 255 255 255 70 69 121 202 175 225 213 118 255 176 46
255 255 223 255 255 210 255 255 245 66 207 44 147 96 58 255 235 151 215 87
195 44 79 119 210 56 48 5 176 12 144 28 112 203 103 173 42 64 16 226
85 84 123 98 237 66 255 246 37 151 32 51 181 213 42 216 164 205 9 68
103 204 240 126 190 30 173 255 106 113 61 197 12 249 16 80 132 39 153 241
139 24 199 152 249 255 164 203 153 239 251 48 110 203 59 43 255 156 246 93
138 235 250 82 227 252 54 193 195 23 101 152 95 11 84 43 108 117 205 225
255 225 237 240 233 30 215 170 128 212 46 203 183 44 247 200 248 38 77 255
206 212 17 111 188 188 91 147 89 157 94 3 165 255 245 29 236 196 143 244
252 106 209 255 164 39 55 143 2 117 117 230 101 212 47 20 34 211 31 39
205 69 211 115 140 255 57 229 163 243 252 4 239 74 224 10 168 122 201 255
214 126 18 233 248 236 160 187 247 255 196 123 82 81 218 227 195 189 43 235
191 46 77 190 48 155 24 170 136 253 255 241 150 183 7 4 30 199 181 238
213 217 240 255 123 14 108 127 77 200 245 125 111 130 236 65 193 57 255 132
63 19 92 255 225 67 59 63 21 232 171 175 89 75 255 165 255 181 237 218
217 212 255 251 140 68 56 64 145 255 77 188 107 178 255 31 76 129 197 104
235 209 238 83 80 229 169 105 77 107 195 28 44 195 124 253 133 41 24 24
206 8 67 255 218 181 169 233 99 203 188 255 234 208 255 168 99 60 212 121
229 252 199 8 255 89 224 80 36 14 37 112 172 78 214 107 255 47 56 243
244 176 207 214 159 55 84 158 159 234 109 11 3 90 255 125 15 217 42 255
214 59 231 255 40 230 248 23 234 216 14 60 150 200 255 115 30 184 106 255
128 124 163 255 255 87 151 5 157 18 112 172 145 255 155 236 203 255 175 28
238 37 66 178 59 33 210 183 199 34 176 255 95 13 173 55 115 110 117 255