77 32 73 26
105
8 151 241 52 109 128 217 43 46 131 19 145 215 70 4 112 173 220 0 241 42 102 97 106 83 160 200 156 229 112 56 176
201 82 181 195 115 147 91 143 221 141 98 46 0 78 77 59 80 114 91 19 253 80 193 231 245 151 193 209 10 0 0 0
85 110 0 136 142 192 113 137 195 48 198 236 217 251 175 0 87 103 37 156 251 173 29 224 191 170 113 139 104 93 151 16
140 0 220 87 127 209 37 100 45 83 150 71 0 251 134 244 0 0 231 0 87 198 5 150 226 215 138 75 58 0 24 77
57 43 164 232 81 199 0 110 115 10 22 51 49 70 0 194 103 215 34 146 184 243 34 240 0 36 63 171 245 208 102 7
225 161 6 0 236 127 161 115 239 0 204 216 223 210 59 107 93 147 185 33 230 114 0 238 204 29 0 112 131 222 105 0
65 245 218 167 212 39 171 197 128 112 70 99 0 21 111 209 65 0 36 108 218 94 162 179 139 86 34 87 40 121 77 58
249 47 180 24 0 36 220 158 133 47 132 29 0 144 0 26 106 52 88 33 0 61 223 23 177 68 197 255 78 130 63 50
148 70 217 89 44 195 246 121 245 186 22 88 36 225 58 59 0 141 73 16 106 222 225 53 162 69 253 162 41 28 27 58
245 252 167 82 108 113 122 88 39 69 128 41 171 27 0 27 181 189 104 188 198 104 5 238 224 235 108 0 18 34 193 6
57 216 234 60 134 61 131 98 235 13 233 55 37 63 141 203 11 164 0 38 112 144 8 34 250 252 83 64 0 115 3 145
48 190 234 131 105 246 0 243 181 211 113 151 83 115 23 212 66 0 100 49 143 72 106 60 0 42 8 184 160 71 96 3
92 203 71 0 110 0 50 66 118 0 63 4 129 123 51 253 112 85 162 129 191 203 22 122 194 94 213 137 30 222 0 163
4 92 197 44 0 83 140 245 0 78 128 0 94 204 181 205 253 51 6 147 191 113 78 29 213 22 194 25 0 75 66 250
0 0 130 109 180 9 246 95 128 182 232 89 190 206 114 249 84 27 252 9 80 253 204 198 167 114 60 5 194 23 196 43
26 152 165 14 236 230 37 144 1 90 116 154 46 185 88 21 35 13 0 58 8 164 187 28 193 0 80 102 0 152 87 130
19 73 105 68 51 194 237 149 14 212 104 29 26 245 0 105 69 22 66 188 99 166 218 241 120 103 250 56 236 80 53 232
53 182 133 79 44 28 3 0 56 118 220 52 61 100 68 24 76 55 144 181 109 183 185 175 0 51 49 79 250 42 46 130
0 170 72 124 34 115 253 43 83 84 136 33 102 209 15 188 0 142 141 2 198 92 0 69 51 197 183 139 113 221 141 196
123 213 0 112 83 84 41 102 26 129 0 46 55 70 83 123 27 165 234 227 29 36 119 0 91 42 37 106 34 150 144 67
90 232 1 105 93 207 27 109 158 158 155 197 122 70 252 177 72 75 242 63 68 119 48 243 221 0 8 204 80 56 236 158
13 110 43 0 126 4 73 102 207 0 66 145 110 198 148 225 71 79 253 20 31 87 149 8 221 14 25 0 178 68 114 92
116 112 14 212 182 193 81 121 226 135 12 30 73 162 192 63 0 158 243 110 68 183 240 147 4 0 123 242 0 156 10 138
186 15 8 245 83 122 22 153 11 34 204 234 96 39 242 208 43 54 190 125 99 201 172 104 222 220 107 92 100 75 187 74
229 180 100 181 193 9 231 49 54 252 116 47 213 0 125 0 64 9 244 55 66 46 25 251 79 155 235 0 156 0 148 136
244 130 176 73 0 116 125 20 84 238 229 184 26 215 148 0 25 130 144 141 194 74 251 26 229 130 0 124 166 240 218 155
139 27 118 62 98 219 0 10 192 59 210 159 9 109 65 59 61 84 73 208 96 219 124 170 211 43 103 29 75 82 57 157
26 0 212 249 235 59 125 152 54 108 81 28 0 117 58 45 6 135 3 131 30 134 193 84 136 34 177 47 27 124 168 58
148 177 20 42 70 228 64 6 179 201 168 153 208 180 25 77 202 151 30 0 213 50 220 149 190 37 0 27 225 33 19 200
171 106 244 205 88 102 99 47 232 40 233 108 83 241 0 177 32 86 239 116 138 21 84 121 4 46 23 195 163 55 177 198
162 243 50 69 62 133 0 43 159 82 32 7 84 11 82 0 100 213 0 135 0 133 233 28 9 184 103 99 102 133 173 18
81 153 140 219 204 187 30 53 37 47 7 126 125 218 164 0 203 65 222 29 62 0 204 65 213 166 233 0 175 72 228 91
4 117 115 110 0 234 124 7 72 224 206 0 218 25 250 149 187 64 236 76 37 116 179 186 8 53 230 121 88 79 72 46
158 220 56 136 0 95 128 13 220 119 39 170 28 248 153 172 56 0 26 36 146 236 0 86 149 24 60 180 189 157 0 150
255 121 0 202 103 150 63 195 0 2 152 55 95 181 28 136 0 13 195 236 31 139 113 42 160 41 42 215 124 9 79 144
8 250 209 73 0 28 250 42 122 146 30 118 231 92 82 32 0 53 177 168 81 82 137 75 187 0 86 152 0 18 199 246
190 109 47 9 65 48 235 248 150 107 59 13 117 0 123 178 191 16 157 33 57 161 172 81 136 0 137 216 0 60 128 92
77 0 104 63 8 91 211 241 196 92 204 36 160 92 242 240 156 34 186 1 246 61 199 74 53 107 203 102 84 181 29 241
75 43 72 1 220 99 68 4 37 126 0 200 187 28 56 222 246 90 97 238 82 82 71 216 78 156 55 208 93 110 208 2
0 194 178 70 230 83 47 240 0 213 204 194 25 156 53 125 41 38 100 123 182 84 26 68 142 92 192 91 199 236 0 0
154 0 0 214 220 46 217 151 0 214 173 15 0 0 102 239 255 130 99 135 235 0 174 103 173 33 236 91 48 38 55 237
104 130 0 188 171 48 90 12 140 81 0 62 92 227 208 4 88 212 209 87 107 223 252 22 124 240 0 221 0 46 1 47
86 0 254 48 5 48 17 130 120 130 58 0 209 150 50 241 36 86 231 0 7 160 139 211 77 233 132 111 124 219 197 112
245 33 183 28 33 169 110 72 0 129 79 200 186 120 12 185 38 151 89 147 91 226 253 0 159 13 39 150 15 89 252 203
226 107 236 167 0 111 156 12 56 54 18 4 21 101 221 101 92 13 111 213 107 7 31 38 119 140 90 92 183 9 0 129
72 87 127 162 127 14 92 0 36 200 192 98 193 30 231 129 207 162 120 99 156 115 41 3 2 0 0 126 90 197 52 0
33 44 0 145 146 52 5 132 240 34 230 13 203 13 161 92 18 255 237 147 148 224 7 186 67 0 0 199 243 16 87 49
215 6 142 136 96 157 147 211 37 66 84 62 234 201 203 248 50 10 10 37 184 156 248 94 0 103 122 107 105 191 0 53
0 146 171 56 151 89 136 0 170 0 126 133 97 197 0 52 249 189 69 222 241 108 66 44 56 37 134 61 70 129 84 37
107 66 0 122 64 148 129 220 128 244 147 0 63 0 82 125 1 91 237 151 128 195 251 66 233 168 0 190 67 76 41 144
245 169 179 183 88 157 191 108 160 0 38 0 61 0 174 46 8 123 6 12 18 140 148 175 63 12 173 56 87 154 179 193
176 1 47 0 243 149 80 76 176 211 71 244 162 21 152 43 106 14 235 45 109 164 58 111 244 0 234 120 61 0 66 18
109 172 0 122 94 102 237 103 66 34 227 154 98 190 195 52 22 140 178 114 232 119 118 99 153 176 50 147 128 230 201 181
188 229 238 58 156 41 28 149 228 222 176 0 193 0 89 231 196 0 54 130 8 239 68 129 120 30 90 16 15 110 107 67
147 144 81 0 251 73 11 252 0 149 151 154 99 40 58 236 100 130 0 220 199 96 198 67 23 232 68 168 78 59 58 74
140 0 149 195 17 250 16 158 0 120 31 0 63 61 68 179 64 98 56 236 116 6 40 224 77 158 255 154 9 72 110 155
100 41 95 77 72 92 0 192 56 125 57 13 225 35 79 109 222 184 171 222 120 53 72 6 0 206 117 82 189 35 252 2
188 66 0 106 65 221 21 159 169 10 110 71 79 10 79 100 5 67 220 181 135 86 55 0 16 139 139 74 212 152 114 130
0 221 145 209 113 2 184 144 154 12 81 7 163 173 30 145 9 116 80 161 192 162 51 7 211 191 206 106 106 125 0 110
103 140 91 183 129 2 203 112 86 4 168 21 23 178 6 191 189 154 223 181 44 202 137 70 88 25 87 36 95 0 255 181
35 61 0 157 50 104 10 77 175 37 130 89 94 0 0 209 52 45 238 107 127 162 84 149 0 70 104 81 158 130 177 242
55 255 213 137 116 0 226 24 116 248 222 12 113 112 6 15 98 135 101 75 255 0 0 17 0 0 29 40 0 64 0 0
92 238 8 55 38 24 88 134 81 81 0 193 212 56 30 168 102 0 0 60 44 0 77 0 0 68 0 0 101 84 114 0
0 254 245 0 0 152 125 122 210 42 161 153 5 96 124 74 117 0 99 117 60 0 3 38 16 0 33 115 48 14 120 99
244 217 0 221 208 246 253 232 254 98 199 210 189 37 158 67 128 10 0 61 105 80 116 40 0 29 76 0 0 68 0 79
237 20 245 24 12 61 81 0 228 199 95 12 132 223 58 0 37 0 19 0 0 187 73 0 91 0 0 13 0 118 130 90
80 96 115 79 2 50 17 255 0 232 68 136 248 249 0 0 67 0 3 77 0 0 64 109 40 0 8 7 122 108 73 9
70 176 133 46 102 113 131 18 205 76 207 0 144 108 110 106 38 0 18 63 113 115 0 99 57 69 82 96 0 81 114 116
0 66 107 196 178 252 90 246 63 153 108 82 17 12 17 24 0 0 0 130 12 0 133 34 23 0 108 0 0 99 26 119
72 2 30 18 0 41 50 39 0 0 227 231 19 88 0 17 5 2 0 49 0 0 0 0 38 33 46 122 88 0 103 124
11 123 59 201 104 41 89 24 109 135 131 162 60 62 0 127 131 0 123 34 0 102 0 95 23 0 58 72 57 102 0 0
80 85 67 0 131 35 226 52 253 205 75 71 0 84 106 0 111 0 8 35 54 52 70 90 184 0 0 19 0 0 0 132
102 175 99 23 217 99 93 89 0 0 117 231 84 99 80 79 216 8 0 0 55 89 0 9 43 29 9 0 110 48 0 92
74 0 232 228 122 99 109 52 149 135 61 160 60 116 56 51 165 42 85 74 0 1 0 65 4 29 0 75 157 167 49 23
83 0 154 251 119 63 217 215 151 245 221 0 127 32 0 79 0 0 0 36 94 52 28 47 46 57 0 0 0 37 133 76
136 0 177 19 171 2 30 249 39 160 227 102 93 67 14 227 29 0 70 109 0 87 33 19 108 86 166 86 0 0 0 34
199 64 26 36 75 155 74 146 137 0 221 0 19 48 0 94 83 58 0 76 33 0 7 0 0 0 128 0 15 0 93 86