24 89 11 66
89
83 193 160 0 37 87 125 137 17 189 242 53 84 158 248 2 15 118 131 162 163 76 220 124 44 231 123 16 185 62 9 235 5 206 138 177 186 125 7 126 143 36 169 194 52 46 45 93 142 90 70 255 251 68 99 162 225 205 174 167 165 139 44 205 164 168 74 133 20 64 1 52 34 4 59 170 160 31 45 59 189 72 110 111 247 132 9 137 240
114 202 176 82 83 144 160 222 67 194 8 11 120 153 30 223 3 183 15 208 195 183 104 79 189 91 40 104 147 139 154 205 184 188 193 213 205 150 199 77 134 124 170 92 6 229 105 160 158 158 42 131 236 234 216 62 129 160 250 130 92 44 38 140 29 35 145 93 100 32 92 133 94 2 214 69 240 182 35 35 85 163 139 214 7 162 122 133 161
196 72 100 252 191 48 167 94 71 123 71 86 99 61 176 99 168 133 248 118 121 198 9 78 160 243 151 105 118 161 195 42 137 226 190 224 179 26 151 245 175 241 107 227 127 210 42 22 8 140 232 63 238 132 118 153 144 210 221 165 89 146 102 250 142 136 132 142 72 3 56 232 110 202 132 182 232 179 93 40 160 201 138 191 16 58 77 143 102
139 110 248 81 60 169 91 138 225 116 95 182 8 200 166 152 30 86 192 198 130 20 175 96 74 118 128 24 9 187 91 125 132 123 70 38 228 152 219 105 187 100 98 192 105 124 143 109 26 36 188 194 153 108 142 63 52 158 190 55 197 217 114 54 79 154 235 102 229 79 145 133 191 228 2 239 7 117 109 189 62 226 231 70 210 160 185 0 106
75 52 131 141 142 44 230 32 33 210 27 125 57 16 84 116 99 0 119 134 150 32 108 194 113 55 65 138 239 110 216 138 146 110 198 230 84 232 100 23 187 79 20 212 93 66 88 124 41 242 87 70 42 12 69 126 214 211 239 194 148 211 120 157 126 172 136 213 179 175 205 80 125 211 122 166 29 50 162 178 246 35 164 196 126 1 206 129 179
84 155 96 210 81 250 229 219 241 91 186 134 213 47 117 22 150 64 98 108 55 175 215 60 238 223 154 132 68 19 122 20 250 57 206 20 34 94 171 197 113 41 168 216 9 35 237 239 95 135 20 150 180 226 250 40 178 87 163 72 57 124 116 167 122 204 142 212 181 46 80 148 89 99 105 105 67 225 124 52 155 123 194 168 189 135 165 234 127
111 124 88 69 201 137 229 27 162 28 152 99 188 211 234 87 30 234 185 46 95 113 161 76 238 68 125 66 49 124 183 116 63 237 13 28 51 119 33 83 248 118 167 51 31 202 239 105 132 109 8 174 145 71 204 55 178 41 201 122 79 133 172 188 183 82 195 88 188 131 245 196 43 120 78 194 78 63 214 88 224 35 229 93 64 183 41 251 245
2 101 204 114 81 193 183 241 94 25 130 210 23 72 78 143 89 131 74 220 220 124 159 80 18 12 155 37 0 64 61 168 104 198 125 96 131 132 223 6 36 111 243 80 104 235 173 255 102 36 78 16 90 62 96 221 185 155 215 203 188 68 108 124 89 121 152 173 169 136 199 142 226 147 27 78 59 125 137 118 79 245 135 31 163 33 227 248 141
135 135 149 44 88 230 79 23 26 52 121 174 102 147 140 108 128 25 55 219 125 133 196 196 58 11 117 227 33 136 192 202 148 73 50 13 241 28 201 102 176 18 62 187 105 226 119 9 155 198 42 80 255 190 198 66 156 65 225 56 179 152 213 154 49 195 152 141 176 149 114 158 151 157 69 32 66 155 88 4 64 35 243 94 114 127 20 60 148
121 57 10 169 76 145 51 178 91 130 217 183 163 39 53 250 208 223 208 101 228 244 67 17 156 200 116 69 197 120 85 116 250 143 105 211 249 52 38 82 47 194 138 89 177 189 63 43 213 111 248 193 88 216 59 157 144 151 105 152 210 185 41 112 77 181 179 66 111 54 111 193 81 44 6 230 236 52 50 43 225 78 40 220 160 70 147 55 184
58 28 51 244 157 103 43 159 215 93 189 20 137 139 237 185 175 210 117 73 227 117 2 145 37 174 159 184 113 14 240 204 119 157 178 104 171 109 100 253 59 15 48 77 179 175 10 227 100 240 234 141 203 86 126 195 187 240 176 130 188 163 75 203 176 124 197 124 111 84 144 212 122 74 240 40 124 101 66 127 185 75 164 75 80 8 119 247 68
106 171 106 16 19 63 114 152 5 19 255 102 204 248 135 98 146 245 114 205 38 122 176 174 154 118 88 16 78 146 235 17 166 26 227 251 144 165 162 50 125 109 135 37 201 14 115 221 114 115 46 171 250 149 170 208 10 231 201 127 210 62 166 196 198 160 176 201 136 182 207 50 209 203 187 198 226 159 93 68 70 61 113 69 14 171 183 26 147
135 1 59 100 80 28 178 191 48 22 10 138 226 203 243 227 50 84 206 232 122 165 125 82 153 50 36 148 160 116 60 168 114 165 131 134 56 91 58 3 159 50 86 139 132 42 250 124 123 82 129 95 113 181 189 246 191 95 151 174 118 127 237 57 176 142 53 203 162 41 107 63 206 129 169 163 40 1 98 244 248 242 154 173 51 57 88 101 113
223 210 178 11 243 130 113 156 126 155 238 102 58 180 2 83 47 219 210 94 149 201 169 121 76 250 204 78 59 39 136 141 150 225 137 151 167 242 62 250 20 51 94 47 77 16 147 88 68 108 62 123 151 109 84 91 68 64 16 113 73 51 154 169 191 202 210 177 137 107 49 38 77 125 11 155 60 156 8 243 156 250 111 65 29 125 194 130 95
170 193 101 199 35 46 249 41 104 48 193 95 150 68 14 108 243 204 218 221 164 134 95 184 75 254 72 232 145 135 197 87 132 83 167 88 139 231 15 179 212 46 238 252 162 104 182 219 174 185 35 85 236 104 120 191 4 11 35 27 45 181 105 128 191 103 40 79 74 139 201 38 231 71 67 106 83 133 145 99 225 80 176 166 43 192 174 103 47
33 111 72 106 177 22 52 70 38 97 102 71 98 58 26 186 113 109 31 61 125 205 64 127 108 186 106 173 0 51 68 65 37 155 191 79 202 184 187 63 213 0 138 135 167 220 252 24 93 83 215 184 78 183 73 213 247 177 192 66 63 140 74 73 56 211 179 196 124 147 120 86 76 172 110 157 174 96 110 155 252 234 111 35 126 141 172 159 255
41 145 235 141 230 54 42 31 60 78 61 134 163 137 125 184 104 111 202 33 198 119 223 155 208 188 183 195 110 78 187 39 32 37 28 82 237 14 44 84 6 30 249 241 60 43 198 173 41 130 90 185 151 46 140 151 131 20 37 142 77 194 50 183 177 104 82 76 174 85 145 154 120 42 148 232 151 55 207 104 148 182 89 255 128 207 63 13 38
189 141 45 220 87 191 18 251 245 242 150 79 91 179 128 157 253 113 146 240 149 208 99 56 52 183 45 250 230 102 95 45 99 248 203 122 177 45 199 173 240 8 199 143 75 186 85 4 114 116 161 65 77 244 32 60 65 188 128 144 87 157 98 65 165 69 59 47 45 154 75 171 64 51 144 58 194 145 95 145 5 225 201 51 56 123 36 249 135
199 81 223 32 231 224 146 39 4 140 141 235 176 23 208 132 224 55 65 183 48 17 165 82 159 216 110 114 200 58 229 98 176 225 115 171 123 244 104 153 67 177 9 146 88 56 183 182 211 117 158 57 81 130 253 252 169 237 104 115 192 144 213 12 92 165 198 126 141 129 134 161 101 36 73 137 239 217 45 240 148 133 22 69 155 154 8 169 69
202 140 166 63 184 10 180 50 51 68 93 47 104 95 19 130 44 84 25 60 93 247 159 56 78 102 160 41 82 30 201 228 164 234 68 123 209 7 59 201 123 126 181 14 205 168 182 46 12 224 167 47 151 185 89 162 4 189 202 34 93 157 113 148 112 120 27 127 221 182 243 138 72 181 51 213 73 51 165 105 7 248 104 109 173 121 84 186 177
53 5 3 165 81 235 19 144 93 21 142 53 44 105 200 176 1 89 53 172 83 26 21 164 130 59 43 66 252 208 56 37 229 119 187 94 138 253 11 228 132 91 232 157 191 87 147 77 104 247 142 35 158 251 217 25 64 69 172 57 244 246 181 230 90 142 130 248 129 230 77 109 232 237 195 26 68 103 4 68 146 92 196 47 233 248 61 170 247
197 2 160 41 127 202 208 218 164 62 181 27 228 105 2 47 235 97 22 208 228 11 113 29 79 109 112 62 40 194 68 174 137 72 192 106 36 77 147 183 250 2 211 86 56 207 201 206 27 65 46 152 8 13 5 105 132 145 90 126 151 73 132 69 54 210 40 94 244 9 119 211 77 48 164 207 205 243 147 75 119 192 96 245 61 9 254 106 148
87 188 52 18 255 228 219 220 102 199 12 71 36 19 245 213 119 60 28 68 209 23 172 6 106 237 91 28 120 26 250 195 75 135 52 110 78 247 127 78 166 18 125 12 145 165 250 187 218 203 197 61 225 19 158 1 73 185 83 60 99 228 114 11 30 193 156 0 165 4 214 17 44 239 248 135 188 44 102 145 64 91 13 118 36 247 229 145 174
7 230 226 155 13 48 72 100 254 78 149 182 148 66 54 68 17 112 135 209 197 187 235 23 50 211 58 39 68 149 168 77 250 202 89 204 227 61 22 59 249 157 14 137 58 89 235 32 226 169 213 86 98 69 112 92 231 95 192 171 119 74 183 236 224 21 105 196 84 180 82 23 32 223 90 146 114 108 124 46 129 194 37 244 155 37 117 38 213