81 24 34 14
38
178 255 31 33 108 255 124 32 51 132 18 35 44 180 249 255 229 107 203 251 110 186 170 34
86 43 60 177 182 1 57 210 181 244 112 76 163 59 22 30 24 169 41 185 255 255 172 121
81 147 20 195 243 131 238 207 177 15 54 227 127 216 171 164 42 205 222 157 17 11 246 93
219 234 44 74 85 255 72 255 80 142 97 7 170 238 255 170 142 67 171 29 254 190 36 122
8 113 78 118 56 63 79 93 157 198 96 223 247 166 246 81 20 8 213 124 132 123 71 55
74 42 61 145 54 182 251 27 241 240 255 180 182 136 44 196 174 159 125 220 230 255 3 105
149 234 255 229 151 153 69 255 164 53 214 36 79 163 116 255 54 40 89 57 157 138 109 218
255 78 218 46 68 119 232 130 222 60 97 168 243 131 247 85 244 116 235 108 99 156 182 240
66 247 36 208 233 185 64 105 74 132 183 231 11 19 90 84 126 237 229 199 11 19 58 82
238 202 133 253 56 250 37 255 72 131 76 65 229 33 245 206 107 99 255 255 178 220 255 240
43 235 255 91 241 61 34 68 255 255 150 121 13 255 162 230 171 239 105 34 187 37 220 226
253 108 224 43 72 40 162 238 0 250 137 32 217 255 255 255 78 19 250 255 105 62 177 59
238 244 248 241 235 255 41 26 161 12 212 36 37 203 201 241 225 247 108 235 46 5 89 106
216 248 82 84 255 157 233 11 122 98 56 63 107 255 114 183 246 40 104 154 242 148 240 216
255 71 245 25 224 118 20 206 245 196 32 192 63 90 216 255 187 245 255 79 96 223 255 195
93 255 181 109 232 45 19 44 244 94 54 114 124 254 199 45 104 233 68 237 255 215 160 252
119 157 92 101 164 248 63 162 150 222 130 190 253 167 252 33 9 236 249 255 255 140 186 205
44 60 241 195 58 213 46 238 235 220 153 161 228 176 255 182 216 160 255 223 63 206 255 255
113 87 78 219 250 239 255 227 164 233 195 169 175 253 233 248 29 135 81 34 67 255 178 224
126 255 77 17 109 255 120 233 172 16 65 158 156 223 60 249 76 192 254 251 139 69 122 15
252 53 151 70 255 68 159 61 232 207 255 69 255 114 250 73 59 53 224 30 189 168 145 56
31 34 49 234 155 27 216 210 188 83 23 59 60 160 85 255 255 166 232 45 197 111 255 15
235 133 245 255 87 182 76 248 9 55 191 212 226 255 11 255 4 241 50 255 181 255 30 255
231 145 146 201 213 247 152 255 128 119 255 83 255 255 41 255 220 255 255 115 21 242 156 254
43 121 255 117 86 255 118 199 230 247 136 183 255 194 182 85 161 15 247 81 245 117 154 155
222 230 107 74 128 255 255 230 84 255 255 255 81 255 194 255 254 255 108 241 223 245 255 255
141 238 140 154 199 216 255 14 246 245 236 255 255 233 255 255 246 255 254 244 255 255 237 241
251 121 28 216 63 255 230 255 220 222 255 255 248 226 255 254 255 255 86 235 236 218 255 227
39 130 163 255 3 246 233 237 216 236 157 89 245 255 238 254 255 255 255 255 255 241 221 234
125 228 89 106 96 255 255 241 255 253 255 238 255 186 255 234 255 242 246 255 240 253 253 227
152 188 131 100 23 255 253 255 249 228 186 223 255 94 220 244 233 253 249 249 255 241 249 255
224 150 64 199 224 255 222 248 254 112 240 250 255 255 255 255 255 255 255 236 223 250 221 235
197 82 213 234 76 255 252 227 243 227 232 222 238 255 217 255 231 255 250 166 255 14 220 255
30 238 30 5 97 255 223 227 217 229 236 219 160 254 17 255 202 255 241 241 255 225 180 255
128 111 21 128 216 181 248 227 235 237 236 255 228 255 244 92 255 238 249 255 255 255 255 221
239 159 190 168 216 255 255 248 243 216 255 221 173 255 240 241 217 233 246 255 234 255 255 242
255 255 242 80 71 252 255 245 255 255 255 255 255 218 76 249 255 251 254 186 217 223 234 143
141 227 135 40 30 76 255 222 237 236 255 255 249 255 254 255 255 255 242 232 235 255 227 255
229 226 255 58 22 253 233 255 255 255 232 255 255 255 255 255 255 255 255 255 247 255 255 234
128 3 139 117 215 255 229 231 225 255 237 255 254 255 255 229 225 224 255 255 224 218 231 255
255 160 121 87 255 248 223 255 254 217 255 221 247 255 248 255 251 255 255 255 240 249 195 236
91 231 150 64 124 255 241 255 255 239 255 255 251 251 255 231 9 255 255 255 255 255 218 228
224 232 119 255 135 231 255 255 222 255 221 198 255 255 227 227 249 238 252 255 240 255 232 218
171 254 204 226 38 179 252 176 230 255 216 255 235 226 255 255 247 255 77 246 255 239 250 255
163 192 71 133 91 242 96 172 181 233 113 83 8 133 25 74 104 45 234 231 242 219 100 212
139 255 137 4 95 62 201 228 75 67 166 30 170 250 104 3 241 245 223 170 68 147 35 87
180 131 227 123 91 250 103 238 7 206 219 158 122 129 94 132 168 4 192 255 255 247 116 12
204 88 40 41 77 245 162 218 62 29 213 255 255 232 255 72 255 163 245 69 255 255 255 127
255 233 231 141 122 251 202 111 44 238 215 95 223 23 35 237 189 28 159 51 146 72 159 171
185 32 116 222 255 251 134 5 154 117 238 146 103 215 60 250 255 127 157 178 73 18 41 255
255 240 106 237 238 0 124 255 204 216 119 251 162 41 55 166 220 39 218 36 70 197 199 236
255 252 167 26 123 171 219 255 212 22 255 202 54 194 239 52 70 255 243 169 175 255 237 41
17 231 176 236 39 255 137 154 228 220 50 98 244 78 217 187 230 238 120 174 169 64 229 255
184 37 92 252 158 255 223 197 239 41 233 255 72 222 43 235 207 93 255 255 90 255 192 3
118 78 188 95 117 60 108 157 190 255 150 132 141 233 173 243 126 41 55 255 175 133 22 149
55 171 183 134 253 191 156 162 244 93 169 183 29 228 209 12 216 255 175 38 3 9 176 122
226 73 255 255 255 58 73 126 6 86 37 217 77 231 83 247 207 126 139 199 159 55 182 221
69 212 253 99 151 103 174 248 30 248 237 255 215 39 244 48 113 30 89 91 110 36 149 17
231 237 99 255 255 134 255 137 165 67 106 94 68 13 51 66 221 14 5 245 255 249 116 129
95 255 255 213 3 157 104 19 225 237 4 255 6 145 198 234 30 150 34 152 153 76 135 148
132 43 250 218 26 249 34 79 91 157 47 187 55 156 248 50 87 154 255 21 159 88 250 4
243 114 242 51 255 120 158 27 237 199 123 56 198 224 54 164 227 127 205 47 91 145 94 126
214 37 255 192 31 153 3 224 94 170 78 190 112 255 125 5 2 23 119 180 84 161 109 53
254 255 158 243 124 255 90 83 94 26 238 228 133 241 219 51 217 187 255 221 91 228 250 255
249 17 172 180 90 43 153 212 61 255 37 255 255 84 72 255 21 169 224 107 142 186 129 232
171 148 136 112 85 68 226 37 162 232 255 16 206 97 87 65 191 149 128 240 239 221 219 223
88 228 190 255 166 62 21 228 246 231 51 135 35 254 206 249 244 206 227 143 255 232 190 255
254 45 255 156 49 255 20 171 86 173 252 114 124 37 208 242 62 70 199 77 236 19 129 153
247 59 246 200 38 139 56 228 250 188 139 219 255 75 188 237 49 82 72 110 239 13 164 219
6 255 121 25 248 81 85 54 37 13 56 97 129 15 162 214 54 31 44 171 46 242 111 255
114 201 245 110 224 173 149 149 2 238 255 67 128 33 234 126 255 223 201 255 37 252 221 66
255 67 40 255 241 187 28 255 2 242 135 180 219 225 6 95 117 214 255 216 198 92 145 185
152 212 255 62 38 226 133 225 255 63 250 29 24 27 220 173 98 237 255 167 88 77 153 244
22 81 110 70 193 153 161 244 242 219 163 10 9 208 124 175 255 139 14 225 244 93 230 53
201 201 222 247 76 117 66 187 176 103 238 255 2 215 205 228 255 147 173 235 203 247 130 5
238 127 196 85 112 224 149 235 9 179 177 255 196 12 173 137 1 194 166 255 252 202 13 202
64 254 34 30 176 219 247 150 136 255 239 141 223 37 155 34 254 244 47 70 37 255 143 97
175 199 250 239 156 6 101 39 155 209 226 253 29 254 249 20 36 103 47 127 79 250 112 173
24 10 214 232 198 137 22 200 210 109 30 202 214 236 147 7 222 38 9 226 242 245 49 7
243 206 168 255 153 103 210 160 254 125 189 1 241 154 23 245 223 229 213 234 90 139 255 173
107 39 41 126 24 224 115 254 212 47 252 204 246 127 255 7 251 195 161 136 243 159 54 67