34 43 7 33
113
255 20 109 225 122 127 214 101 29 159 129 181 30 65 243 179 174 177 138 36 55 189 214 79 73 128 219 191 231 195 72 60 30 19 15 143 13 115 221 26 104 109 194
183 103 223 15 30 62 164 192 194 152 207 240 161 99 240 67 100 191 232 43 165 94 228 101 153 131 158 203 157 120 22 129 158 60 131 42 82 215 49 63 174 95 37
111 136 176 226 107 3 233 46 117 2 38 121 23 226 229 209 14 189 212 71 200 63 99 92 131 190 128 155 88 161 165 200 119 224 88 34 233 58 59 19 152 47 117
243 214 237 144 103 41 12 72 129 2 27 195 108 236 89 153 250 181 238 191 153 210 143 126 143 201 70 171 99 25 152 130 73 81 9 144 35 147 66 131 216 185 194
56 253 128 164 68 94 112 25 204 246 28 43 66 96 243 81 160 186 10 80 82 113 92 156 167 162 58 89 142 230 111 44 146 106 64 108 83 132 36 75 185 217 145
215 14 109 169 21 60 41 227 130 105 252 17 133 237 151 162 48 162 7 17 33 139 54 240 161 32 86 25 121 123 161 212 33 122 106 124 84 21 122 130 87 140 194
93 183 56 248 90 126 167 117 146 229 217 137 12 46 202 72 197 230 215 87 139 178 102 81 190 123 113 214 155 240 25 31 122 124 13 168 184 95 72 193 40 59 129
161 156 85 151 42 10 18 44 83 123 26 52 186 26 45 240 236 173 240 130 152 108 101 139 123 110 101 222 50 10 235 129 181 88 130 106 69 66 207 31 133 128 81
229 68 173 173 230 12 236 127 101 131 9 165 125 185 165 122 46 121 196 30 219 16 110 19 182 148 182 18 41 129 37 177 62 194 246 234 122 37 187 37 192 33 26
29 117 130 223 201 29 146 169 1 179 6 62 209 190 25 101 210 44 213 92 226 51 188 174 96 201 156 17 144 215 20 86 123 168 184 18 95 203 222 101 119 47 157
124 201 98 31 43 106 217 211 146 177 106 21 113 110 164 183 102 172 184 209 31 182 162 21 60 199 188 194 80 214 122 145 203 183 189 34 149 70 152 222 206 198 99
247 17 183 64 198 11 185 100 20 71 211 30 175 69 13 163 182 181 128 224 106 185 191 176 192 207 22 156 36 31 210 156 113 156 47 218 63 125 21 152 16 13 42
59 150 28 75 146 215 105 242 187 66 56 152 35 148 68 181 70 14 203 76 235 37 180 175 235 122 67 78 57 141 78 126 143 173 39 25 73 149 128 21 219 82 115
52 78 183 87 40 211 191 95 166 99 128 158 194 153 236 43 164 70 199 77 80 84 56 95 214 100 121 150 227 211 12 80 46 127 218 229 189 225 211 66 14 206 180
211 164 213 107 243 170 222 172 221 192 43 93 138 52 243 207 51 189 122 167 84 135 19 185 188 26 122 40 197 37 24 106 67 80 66 215 35 23 65 49 226 30 224
76 116 170 192 248 142 232 89 137 192 171 67 57 253 63 217 95 18 114 234 41 24 117 154 127 112 213 161 65 9 74 229 213 212 59 11 205 125 144 146 203 34 99
36 84 203 29 196 117 111 231 56 61 190 178 158 116 113 48 201 225 194 110 139 106 209 178 119 86 210 211 181 99 211 94 57 206 41 34 26 93 50 34 231 95 142
183 65 228 188 111 196 13 90 115 36 123 18 117 148 234 161 167 55 233 230 7 192 164 36 115 113 165 210 215 12 98 136 42 72 4 41 215 42 54 235 188 101 251
193 179 194 1 15 48 146 137 69 151 234 166 94 150 8 220 125 117 137 133 16 144 141 37 100 66 38 32 39 71 197 103 15 132 99 126 72 188 199 14 164 206 159
140 70 83 150 18 189 16 100 204 58 56 201 25 126 234 119 99 209 250 57 169 169 36 234 72 57 119 176 108 32 86 138 185 107 77 144 205 198 138 208 41 129 191
214 24 250 189 61 202 104 75 111 139 71 39 155 123 161 89 168 110 36 156 44 209 13 61 93 19 137 156 69 29 16 54 92 217 227 231 235 184 168 116 152 102 14
152 5 16 77 176 156 154 237 68 114 74 115 32 143 161 58 36 239 96 101 44 171 92 239 32 167 134 81 81 124 82 5 249 102 5 78 91 135 23 241 62 217 87
46 153 156 200 226 242 27 208 22 72 87 227 115 226 210 198 169 205 79 112 157 101 234 130 187 180 227 48 229 83 80 242 11 135 202 104 89 195 73 63 197 239 191
28 84 1 246 18 230 147 46 102 241 244 153 152 77 30 34 94 204 102 116 207 232 225 206 224 139 162 91 165 55 120 15 197 25 52 204 58 154 100 176 225 97 94
52 89 200 8 153 213 13 196 158 10 110 21 252 108 29 186 196 148 63 36 29 224 72 102 70 159 161 30 1 248 28 194 248 218 189 43 94 19 171 188 132 159 147
228 13 52 134 193 59 22 237 77 31 134 35 132 127 184 146 199 87 34 119 187 196 18 242 57 253 61 99 62 152 219 132 172 147 16 206 71 183 185 114 13 161 238
214 185 167 233 216 230 194 97 133 158 64 200 227 97 72 80 35 76 55 118 78 7 232 94 171 250 113 194 103 43 6 5 18 152 46 117 193 189 11 105 146 79 12
180 22 11 78 27 12 8 218 170 163 128 53 94 234 77 165 61 168 238 17 135 109 9 28 20 122 47 137 185 36 31 154 85 93 110 20 189 12 142 129 201 108 156
175 123 135 11 58 49 139 85 73 128 122 207 155 228 235 54 71 35 86 113 140 151 132 247 210 106 43 157 79 115 232 253 229 225 132 185 63 137 85 151 9 78 204
135 40 211 254 46 253 242 219 145 129 150 43 220 123 186 146 191 142 219 110 59 39 71 10 0 113 237 209 127 40 167 227 36 19 72 158 23 31 57 30 190 228 151
59 71 5 30 253 251 160 133 70 165 1 73 80 241 236 190 52 171 156 6 175 59 25 231 59 234 133 110 249 194 184 37 216 214 84 144 147 234 18 191 157 62 173
139 190 2 210 166 2 108 232 18 155 147 170 167 104 206 214 70 85 8 113 55 213 148 199 208 19 127 169 194 34 69 209 120 86 72 105 186 77 248 219 156 182 196
3 64 190 233 34 217 155 32 190 150 230 85 68 216 74 147 101 250 25 94 129 111 89 143 49 29 167 205 14 56 7 74 84 45 40 181 17 41 40 109 169 239 58
177 167 150 207 236 95 246 77 47 18 166 35 170 247 118 144 28 67 55 139 30 157 70 155 178 174 218 226 163 118 70 5 106 103 46 18 247 77 4 16 164 180 161