34 9 17 7
101
1 165 166 246 38 89 31 229 192
33 174 246 197 93 170 48 232 255
191 98 173 20 230 101 32 173 52
244 112 251 109 114 126 17 235 158
82 13 237 108 110 238 232 235 253
255 145 113 231 143 207 254 33 124
26 21 59 72 247 70 5 165 255
75 37 73 37 180 144 166 117 118
153 170 255 252 253 166 143 110 146
184 95 237 255 166 90 194 255 235
131 193 87 131 255 87 93 234 231
214 149 117 90 6 200 228 109 102
109 185 255 170 255 255 241 213 113
252 144 141 96 250 244 211 122 255
90 255 242 255 223 89 242 179 208
255 255 251 175 91 222 255 198 142
200 163 219 149 156 226 188 143 109
163 174 67 227 155 129 169 105 75
230 214 152 231 255 210 187 123 155
172 137 235 125 205 94 190 153 118
246 255 195 221 217 91 161 231 243
201 93 172 179 255 255 160 177 146
172 89 111 194 122 184 208 105 128
89 222 252 174 138 210 255 141 199
105 142 221 255 214 110 237 217 142
124 195 181 234 199 255 255 215 224
142 200 221 255 255 255 101 228 179
249 145 55 236 60 252 107 175 26
214 167 52 70 73 6 143 70 94
121 205 125 58 171 213 15 151 158
94 2 187 140 17 214 201 122 148
199 144 52 197 121 146 157 12 196
159 70 173 32 247 201 88 189 2
8 182 174 237 118 13 162 255 155