25 79 2 55
93
176 48 206 109 139 16 144 215 214 17 17 136 135 16 182 65 110 201 148 18 107 170 184 128 1 224 228 177 226 182 194 228 25 5 221 193 197 130 211 67 32 50 215 197 166 167 195 156 251 243 244 77 204 207 234 123 255 156 111 14 220 200 108 189 209 173 50 81 127 202 81 244 137 158 126 242 100 223 89
154 181 255 175 7 173 202 212 115 187 210 120 230 228 212 238 227 97 178 197 185 254 111 88 6 255 255 241 50 131 142 130 176 157 223 214 28 255 140 68 171 197 22 5 67 237 180 64 228 61 132 152 249 198 204 155 156 177 147 255 205 127 149 150 225 204 65 154 31 223 172 48 208 250 227 249 117 195 2
155 206 247 56 194 255 217 183 59 132 65 128 251 161 45 255 137 110 162 123 26 178 47 255 131 243 126 54 226 160 131 147 113 229 146 218 40 138 99 41 230 81 125 255 228 126 126 255 64 155 137 234 254 138 127 159 204 216 123 16 108 122 12 111 83 145 33 94 138 36 130 143 194 173 121 53 147 76 204
108 92 172 10 253 194 181 107 239 95 55 134 38 238 148 0 134 132 212 52 47 201 135 116 124 189 234 162 143 150 97 94 170 101 212 98 255 255 177 205 124 242 17 157 212 255 141 148 155 157 138 150 239 188 252 116 241 160 255 174 184 53 130 193 126 126 183 125 255 180 255 255 169 160 243 46 150 180 211
79 130 208 194 152 153 49 234 175 166 143 160 242 199 231 247 11 218 152 202 187 146 232 255 101 64 107 154 177 251 125 209 140 241 107 221 51 243 46 148 199 232 190 62 217 154 36 104 208 72 255 130 136 141 111 187 232 212 255 207 219 12 255 177 160 179 145 219 6 20 112 254 255 74 245 225 123 210 103
211 0 144 212 241 85 158 177 113 135 132 215 181 160 12 198 176 253 200 249 217 50 54 255 188 184 190 226 172 118 45 211 29 237 150 127 253 203 192 120 156 124 249 125 206 139 153 170 186 208 231 1 254 245 112 141 192 255 255 249 45 140 66 32 164 64 150 164 125 200 37 64 22 68 113 46 255 222 232
182 123 63 71 188 5 127 244 62 86 158 147 116 188 209 81 122 215 121 19 143 116 203 150 89 129 108 198 206 25 148 78 137 232 162 165 178 89 70 146 74 45 108 133 169 5 126 175 219 248 199 25 115 178 0 68 72 175 49 226 221 240 230 193 139 148 224 216 183 222 234 103 255 118 203 129 126 43 16
218 21 182 90 106 239 3 244 53 66 135 163 50 220 82 142 237 255 41 134 200 161 56 89 128 11 225 222 86 73 13 255 220 249 99 231 230 121 233 66 165 68 20 120 46 23 96 253 223 95 216 235 167 45 215 0 238 233 128 252 181 55 136 135 91 140 103 105 123 226 120 236 42 251 243 215 245 190 63
39 17 213 4 39 154 21 237 18 228 248 0 251 163 117 125 190 142 136 188 194 29 201 102 70 197 209 144 97 95 86 110 138 239 23 173 73 220 252 51 18 237 155 16 181 186 45 219 233 40 209 140 28 43 221 247 162 46 156 125 104 101 7 21 224 251 255 207 255 213 169 249 207 81 106 255 184 63 123
188 133 61 163 144 214 164 216 210 204 185 122 99 90 58 108 101 7 235 91 174 124 233 115 131 28 236 17 15 206 116 17 57 128 177 171 255 124 187 160 217 176 178 101 108 89 137 27 234 132 251 253 109 231 16 158 156 175 188 151 246 255 250 112 186 193 29 88 123 115 85 210 130 183 74 255 216 127 137
243 79 251 212 209 197 5 73 164 227 204 197 57 77 187 45 58 255 86 251 56 190 185 163 172 47 38 238 197 152 88 99 83 73 200 255 100 61 70 166 2 157 255 152 84 145 245 76 255 106 184 212 63 120 168 37 222 24 68 133 202 31 170 170 28 158 231 187 183 91 112 105 6 119 32 163 243 14 175
238 116 198 115 160 150 49 5 209 255 130 170 110 255 255 199 173 57 63 239 126 252 67 27 204 38 159 94 20 145 114 88 126 177 46 136 18 136 175 117 237 184 118 171 16 255 232 81 51 212 156 115 156 168 234 228 174 132 110 255 254 141 141 185 141 215 179 255 191 118 180 100 254 134 36 233 57 182 169
161 173 107 25 46 219 117 190 119 11 70 237 199 203 218 62 218 119 94 156 24 84 119 148 234 95 117 174 229 239 113 145 184 225 9 142 255 255 126 188 154 74 218 108 184 227 82 254 193 182 252 230 54 118 156 236 209 76 2 202 255 182 173 18 255 131 150 191 200 148 239 214 199 168 190 228 5 162 111
153 202 42 136 121 255 84 227 231 75 229 44 150 255 57 84 188 181 116 236 18 37 78 128 255 216 150 223 117 135 208 179 226 239 167 255 215 39 241 229 38 184 93 97 175 255 59 90 245 242 209 44 127 129 122 215 66 255 123 225 129 44 241 142 11 245 2 56 255 245 255 241 168 119 80 213 178 83 255
135 142 255 111 85 25 172 141 98 56 33 209 49 158 62 139 175 7 240 140 179 216 255 131 195 237 201 27 115 232 114 159 234 176 136 136 154 234 124 25 149 204 173 174 1 193 109 255 115 103 56 255 231 123 97 166 231 128 248 45 13 219 223 131 112 9 41 19 251 168 229 244 64 196 194 217 129 192 69
43 145 206 53 154 252 97 230 209 16 21 135 190 157 98 45 63 93 255 158 176 137 184 169 99 144 169 53 55 255 188 106 110 255 174 138 255 235 70 200 197 3 196 102 201 47 133 250 75 178 216 189 62 188 197 216 120 170 204 207 5 36 242 255 101 158 231 105 219 15 207 45 161 254 113 212 255 43 116
146 254 239 219 155 255 229 111 151 30 137 171 126 129 245 171 102 72 39 126 255 24 236 97 30 143 194 124 202 205 120 72 42 132 172 216 53 35 210 142 73 59 156 101 77 139 183 202 71 223 161 202 184 109 85 172 144 253 208 215 194 179 230 193 79 207 99 81 232 32 137 196 177 111 236 205 14 53 229
147 204 53 31 254 13 70 55 254 243 112 127 230 114 196 205 32 194 84 34 212 245 82 210 123 255 124 237 27 165 210 172 255 199 224 224 170 217 164 120 172 65 176 67 203 243 113 23 18 83 213 115 166 69 163 124 77 71 78 85 70 252 76 189 235 255 210 129 184 168 160 191 150 155 147 140 170 93 125
147 255 134 244 120 255 149 166 101 172 89 176 211 162 73 108 32 49 74 6 174 255 226 90 238 218 188 110 49 135 76 157 218 208 251 238 226 17 124 57 52 111 203 94 255 253 52 161 62 242 107 165 44 171 47 19 157 80 187 233 130 148 9 147 149 30 118 209 208 226 75 48 214 193 138 99 93 251 58
41 247 246 7 154 167 222 151 214 181 35 9 143 201 13 232 84 179 217 141 196 255 142 251 138 98 156 82 123 109 202 90 201 144 112 247 189 22 255 178 204 21 72 185 150 136 198 224 226 73 77 229 208 211 254 157 145 142 73 56 137 71 25 157 190 139 16 234 195 210 78 255 53 201 119 150 118 163 255
144 215 194 113 167 224 128 10 159 192 202 119 6 155 252 242 137 216 124 125 67 168 161 71 77 215 180 255 127 144 141 240 40 163 231 40 220 146 108 218 70 39 160 254 220 238 26 191 255 48 192 252 187 200 71 233 129 139 248 148 129 245 0 36 195 226 238 160 122 150 141 249 226 145 39 80 112 77 27
68 11 148 112 16 82 103 28 63 171 1 117 124 175 196 221 238 248 214 177 176 255 58 195 61 237 94 21 232 47 60 199 245 236 52 155 75 170 35 248 195 127 181 221 56 241 89 136 106 196 188 204 209 220 239 193 90 87 255 78 92 87 167 225 229 44 6 218 201 103 166 223 189 124 254 131 116 110 147
255 221 153 226 223 148 204 175 100 250 174 110 255 37 80 255 241 21 200 213 155 204 147 10 231 255 107 172 134 241 8 232 121 159 23 238 123 9 36 103 62 163 229 157 157 224 37 74 184 166 235 244 213 206 255 99 245 27 213 7 0 73 130 151 184 209 83 255 93 197 8 243 184 123 225 124 209 238 71
252 47 46 115 135 124 150 159 97 51 230 69 246 249 224 121 254 224 84 207 205 140 188 117 97 102 231 190 171 136 237 21 158 199 240 234 32 244 254 210 120 182 75 52 146 181 250 229 255 65 174 223 255 115 52 38 84 191 165 10 116 212 58 165 88 28 242 146 186 186 159 182 51 141 218 250 252 230 53
187 42 119 121 11 138 51 13 17 113 120 242 32 170 43 73 251 171 98 108 126 128 99 179 11 96 52 20 242 201 74 23 208 67 91 40 126 59 36 115 148 180 130 215 17 145 249 149 30 100 5 191 89 12 138 228 3 110 241 63 2 134 86 137 247 131 255 208 203 52 222 137 64 115 13 170 102 121 28