98 52 24 6
124
8 47 151 9 170 102 65 50 164 0 169 157 175 25 210 174 22 28 193 35 84 92 231 206 36 117 100 181 201 11 250 60 0 234 228 124 174 69 37 120 12 19 73 148 61 197 60 23 184 213 4 125
243 0 59 95 92 96 205 104 249 82 57 154 172 5 141 196 148 215 13 165 202 202 248 86 97 213 20 207 72 224 167 91 179 65 132 194 45 163 99 142 51 136 67 168 194 86 144 76 30 218 131 249
54 120 39 176 0 164 58 50 236 153 209 108 144 26 157 188 130 165 16 31 238 55 101 104 46 229 39 3 54 10 160 137 67 126 190 154 27 0 143 0 139 130 253 157 115 36 176 187 116 25 77 107
223 199 232 94 12 0 66 16 25 114 231 111 185 41 242 206 121 254 77 105 111 204 188 53 4 37 10 0 102 252 34 97 109 112 79 198 177 203 133 171 204 234 16 38 164 112 54 48 176 17 199 191
115 80 15 167 56 95 4 4 172 136 176 135 46 185 117 195 29 52 204 36 152 157 187 41 250 230 0 13 0 164 177 2 90 4 104 151 161 170 157 229 193 50 184 179 212 250 216 83 136 170 93 114
224 9 18 0 221 206 103 72 86 16 169 14 75 5 77 2 9 220 39 66 38 112 21 72 192 140 98 213 106 163 160 196 250 180 118 228 30 156 187 2 173 112 255 57 243 192 9 206 124 95 88 209
145 72 178 202 238 234 72 13 182 72 17 204 56 195 186 165 95 231 43 149 36 87 213 140 189 17 184 128 105 174 200 144 157 70 57 12 184 255 169 243 164 125 14 78 213 97 223 9 88 202 155 171
0 199 157 250 160 127 4 242 52 154 34 204 41 72 243 215 18 125 85 252 111 155 48 89 117 135 20 234 184 77 100 16 208 140 77 143 192 66 113 66 195 90 8 192 146 239 86 153 103 114 230 47
82 106 60 156 176 108 30 37 194 181 63 108 182 212 93 41 228 0 68 125 101 44 0 148 20 159 254 164 200 115 155 229 211 155 137 174 190 129 77 115 62 86 124 79 30 62 62 127 0 158 185 110
112 182 40 63 160 195 135 236 157 212 13 228 28 243 191 218 241 103 156 235 131 154 220 235 179 81 0 166 25 146 233 43 89 252 69 206 160 229 252 59 21 191 203 152 3 93 108 197 154 70 139 204
3 0 14 35 45 0 9 44 61 92 101 211 58 233 233 12 8 0 50 130 96 32 84 165 232 0 137 246 253 10 40 67 150 250 0 211 205 118 202 130 248 92 181 227 199 208 105 48 49 215 17 164
9 166 237 124 108 189 100 88 124 204 1 74 184 221 194 135 112 46 218 102 70 129 232 53 11 27 3 211 221 181 214 60 250 92 41 198 140 114 113 75 173 161 198 27 42 37 194 190 170 139 188 107
38 154 203 167 189 28 112 89 2 38 51 28 99 64 109 16 70 14 201 40 206 14 214 188 43 213 188 44 89 75 18 138 63 113 0 140 180 5 44 3 82 119 143 208 115 102 242 88 245 184 216 59
132 41 194 0 102 23 46 12 110 234 176 195 26 215 117 8 185 65 132 61 35 86 205 22 210 179 12 10 235 22 205 208 14 139 42 103 188 217 71 154 204 104 39 50 107 190 203 87 22 108 87 158
82 140 136 126 41 5 13 41 232 185 35 152 41 185 8 230 66 30 52 87 46 213 94 73 222 222 172 145 86 116 65 17 174 139 198 17 143 208 171 40 99 158 63 147 143 126 49 214 66 196 218 38
150 244 235 81 61 35 177 4 154 4 85 23 5 11 189 90 197 29 240 17 206 17 160 139 210 211 255 0 109 180 164 251 130 255 173 98 158 95 0 64 0 145 251 154 83 10 224 128 136 94 119 93
184 44 31 25 228 123 36 229 96 55 50 3 11 59 213 77 41 133 117 251 42 211 117 133 129 75 244 98 215 189 40 129 187 189 99 131 191 94 149 217 70 225 30 202 208 54 190 98 248 125 141 116
3 63 0 111 66 218 24 213 72 0 182 161 220 208 74 68 50 172 169 24 217 176 72 222 102 187 173 159 150 15 67 252 195 139 192 83 95 57 129 14 230 118 204 62 81 39 35 154 153 162 246 0
130 192 178 82 186 95 203 207 206 0 140 133 0 172 163 162 177 207 181 137 234 65 49 55 180 220 204 214 40 205 164 149 144 44 2 108 68 124 173 205 108 139 179 1 20 73 172 253 123 52 85 4
201 175 186 196 151 100 203 139 224 97 44 31 0 21 101 167 145 211 252 113 9 188 46 15 4 11 111 15 183 238 117 0 32 194 104 134 25 157 197 41 66 123 19 75 102 187 154 227 127 70 98 181
29 100 114 41 172 158 80 55 173 72 86 0 123 171 132 156 227 47 161 244 153 231 43 201 161 3 198 211 40 26 158 22 105 174 65 152 70 48 231 169 53 7 68 46 107 58 101 78 6 226 104 229
0 46 139 0 26 139 1 133 77 112 96 92 13 199 238 149 1 201 176 235 87 79 196 64 14 101 82 195 110 108 234 46 105 224 106 218 72 196 46 93 19 29 138 150 170 2 99 208 0 0 119 117
179 194 191 211 12 156 148 91 75 221 75 153 64 162 201 161 57 255 27 36 253 10 228 84 129 120 204 35 230 16 156 118 84 183 20 134 6 219 56 70 64 130 99 4 134 58 146 170 69 133 90 149
56 32 0 5 254 100 20 111 59 152 220 223 201 22 214 177 132 121 106 183 196 206 76 115 111 124 178 54 79 220 73 211 82 125 32 73 38 110 148 255 36 172 106 163 29 174 125 101 61 24 209 165
168 171 156 80 169 88 39 0 1 192 124 176 86 60 168 104 166 176 196 95 59 27 3 216 138 119 77 0 13 150 126 170 76 142 243 145 159 35 198 17 0 122 96 200 113 242 5 21 123 127 0 25
135 176 238 0 90 205 63 183 152 184 33 199 202 120 165 153 217 94 160 142 165 118 127 124 140 106 51 68 5 0 145 214 173 198 134 64 29 66 118 244 251 217 204 166 110 243 235 192 38 189 105 3
89 38 121 61 8 205 208 150 75 164 114 127 33 0 217 110 181 178 76 128 53 11 141 0 112 0 221 177 82 184 91 70 138 216 230 94 44 66 137 225 190 149 179 201 82 159 165 246 95 144 252 182
79 165 212 82 199 120 126 211 0 223 191 98 93 89 139 52 76 156 19 85 43 137 21 185 116 170 203 120 184 47 129 105 247 245 206 23 208 253 117 4 22 77 31 237 137 66 43 182 195 213 143 94
165 182 218 23 134 81 193 50 198 195 38 0 0 169 138 183 52 43 60 147 218 114 187 216 162 244 155 168 53 8 3 227 186 146 32 231 0 145 93 51 122 31 127 148 10 197 233 34 49 251 226 82
85 101 35 128 0 182 216 198 213 41 134 180 106 54 253 11 184 180 254 129 56 43 77 149 17 77 160 195 233 189 84 95 161 38 143 77 248 129 254 213 10 255 229 8 39 106 203 0 218 173 65 115
121 27 222 65 187 0 206 119 11 148 131 6 0 0 121 231 237 17 104 103 137 248 180 16 82 48 102 44 171 158 19 26 200 107 226 169 198 108 2 182 109 64 14 209 101 17 97 96 0 54 65 25
57 56 191 136 49 164 151 62 158 201 81 119 195 56 0 2 37 145 155 103 86 61 249 197 233 11 154 226 2 255 125 184 236 199 52 88 69 156 6 125 87 184 223 73 78 145 127 167 94 81 116 131
44 203 241 42 212 206 61 146 106 116 20 180 243 150 116 0 22 104 220 33 122 19 128 219 82 90 241 126 124 48 246 47 39 76 50 104 26 229 36 159 36 158 105 217 116 251 117 19 175 244 59 52
224 191 18 190 171 166 65 164 33 223 200 13 0 27 155 234 148 219 82 184 234 120 205 125 30 69 0 130 156 160 10 180 235 28 80 190 121 201 78 129 192 136 95 88 112 176 74 165 183 240 235 112
124 190 0 241 139 12 224 129 173 0 176 189 184 108 243 181 71 218 126 252 176 13 43 13 161 228 240 206 250 103 106 247 66 146 9 9 26 201 222 223 254 94 121 71 238 194 243 97 7 135 149 221
170 244 79 62 19 118 182 159 137 201 210 157 21 54 20 1 214 0 235 161 3 131 182 18 11 128 0 162 243 20 54 21 80 173 0 207 55 185 90 94 41 25 126 30 146 46 0 32 190 122 75 82
9 104 120 228 122 22 117 113 252 10 39 252 114 167 68 241 129 85 40 239 199 228 227 201 64 20 146 81 5 154 88 150 204 207 2 63 183 172 51 203 76 199 251 17 137 221 214 45 134 52 81 238
109 46 161 13 189 8 159 200 213 175 3 70 161 166 38 222 0 157 17 251 69 247 211 242 109 248 101 225 40 130 6 188 159 55 81 230 249 51 239 63 90 124 31 209 235 156 112 229 82 170 207 210
155 80 173 207 156 174 160 181 192 115 45 15 112 36 48 215 235 81 76 49 226 137 182 187 82 193 11 177 243 37 153 38 213 137 89 94 106 226 208 79 254 219 75 36 40 146 239 168 66 44 251 80
58 210 227 127 140 53 108 254 132 45 184 31 150 2 144 147 252 211 46 55 192 190 132 194 6 147 166 133 141 240 162 34 161 0 178 15 172 155 92 198 238 205 149 195 225 248 140 38 95 225 8 187
6 16 160 82 183 157 39 127 162 31 244 75 134 4 43 244 156 11 106 226 165 40 251 68 162 102 126 181 170 68 129 168 36 46 242 223 26 94 156 217 222 134 2 0 235 144 140 252 43 218 28 241
172 245 60 10 159 48 83 0 0 102 149 14 10 204 169 237 157 133 98 73 79 81 82 18 192 206 129 62 199 94 121 109 94 247 27 43 10 216 154 98 173 230 139 128 23 133 173 217 94 78 182 241
250 41 26 83 162 182 252 80 186 166 193 233 39 195 134 189 178 12 168 4 135 212 145 215 0 168 122 243 211 189 35 249 188 159 34 118 163 103 26 139 15 45 0 190 192 164 147 216 175 0 203 77
69 105 227 185 186 1 68 26 237 218 58 247 41 1 109 105 94 62 130 73 104 144 161 3 0 100 249 171 3 216 39 226 29 84 212 60 46 117 44 63 71 214 21 203 229 53 223 124 23 213 142 133
78 127 127 168 223 65 118 205 14 26 89 55 71 134 50 171 16 43 163 118 178 91 117 66 133 166 19 146 224 43 141 29 0 151 138 31 31 31 136 153 151 33 20 130 53 213 50 15 7 245 143 4
220 241 112 100 171 214 191 28 21 74 205 178 218 39 100 67 81 0 43 205 31 197 4 229 152 106 89 219 5 237 110 9 3 193 192 0 186 0 174 69 101 41 34 166 249 203 138 76 45 187 217 67
44 119 147 72 232 126 170 206 58 65 20 173 89 176 43 246 223 158 135 152 167 43 135 81 246 32 0 103 41 130 193 205 255 71 149 43 178 249 176 28 209 41 203 217 207 240 18 22 76 116 78 13
165 123 134 246 60 32 245 97 201 97 125 32 202 167 167 187 46 121 117 28 91 149 149 239 191 237 32 117 170 141 44 243 255 67 2 152 167 143 206 33 110 66 203 115 10 126 175 79 37 165 188 183
226 203 216 173 210 191 150 178 98 139 230 130 8 89 90 47 94 95 198 187 40 13 144 220 225 49 222 12 104 160 130 68 154 107 201 221 196 133 203 138 92 247 43 243 71 109 246 166 142 26 252 96
163 35 123 40 137 247 93 149 84 206 236 87 98 100 101 3 235 183 126 211 203 254 207 175 250 2 10 99 140 89 62 144 226 89 153 114 140 137 132 195 64 140 89 185 62 205 127 177 209 47 107 238
81 188 91 103 236 84 164 117 77 39 34 206 0 179 142 223 27 82 173 189 185 24 60 190 125 180 102 183 66 73 116 27 164 38 166 62 4 115 194 162 141 81 136 59 97 29 218 225 109 147 122 229
89 107 20 67 218 159 129 115 235 82 85 54 202 135 123 194 207 147 196 78 182 211 5 149 17 207 72 104 51 101 91 43 42 124 120 51 222 164 182 124 106 240 52 83 223 124 218 0 44 221 99 127
29 203 133 183 108 151 102 130 196 76 0 152 183 214 121 117 202 189 149 66 38 85 34 50 233 191 15 239 243 252 163 159 110 122 89 80 34 158 244 122 117 127 107 45 138 39 49 111 193 191 161 192
155 78 62 171 118 83 169 215 164 54 78 116 136 254 71 189 93 184 190 255 85 174 28 159 83 161 189 168 71 42 52 23 27 164 158 3 93 54 232 234 96 230 204 105 48 173 0 129 229 22 24 12
195 164 34 237 203 101 50 155 121 108 92 113 5 239 16 250 179 59 57 252 80 78 176 16 107 190 43 157 77 134 101 249 128 221 72 173 47 66 192 208 6 150 225 124 153 242 247 168 116 92 11 167
85 173 90 199 81 80 109 21 246 121 158 103 219 253 31 144 232 94 106 166 5 108 18 225 164 109 82 45 194 87 158 154 199 87 58 144 168 167 28 252 53 228 233 172 26 45 231 211 252 14 170 87
43 239 236 73 194 133 154 59 222 108 12 76 136 93 198 145 128 239 125 70 188 250 85 233 148 7 164 18 96 31 22 204 67 208 117 149 93 166 233 47 1 209 114 12 0 219 2 218 224 83 44 56
102 45 234 162 94 189 0 244 140 142 114 115 246 158 192 173 174 149 26 236 41 23 197 224 71 114 183 167 157 3 199 176 108 150 18 146 56 8 130 98 148 221 165 45 190 107 162 248 243 43 104 223
144 225 236 198 246 171 155 130 90 90 247 124 173 212 99 165 32 171 220 204 122 185 207 142 40 161 173 70 59 219 213 29 204 84 1 205 214 164 195 36 124 205 113 50 33 144 221 79 117 167 49 197
38 168 2 151 37 5 217 84 81 203 177 215 21 206 30 105 121 252 234 60 104 221 211 194 149 26 225 173 125 128 203 81 144 208 72 91 157 86 85 185 197 0 109 247 13 117 240 193 24 101 206 246
149 192 0 20 41 21 188 18 98 19 58 68 136 95 63 0 31 207 124 29 255 120 9 225 124 15 120 137 201 192 63 78 44 90 28 216 142 194 130 190 130 174 227 130 91 87 104 235 141 73 75 227
161 0 250 239 227 179 154 45 74 28 200 182 224 184 155 56 119 158 122 34 128 224 155 203 129 0 25 114 105 51 32 145 94 234 35 196 210 140 223 19 234 139 166 219 205 57 45 5 197 193 37 56
23 231 70 129 173 158 49 95 228 88 0 213 151 100 246 0 43 19 150 171 59 191 67 250 40 180 0 140 168 151 157 52 224 31 138 239 32 169 241 101 0 163 213 158 149 181 184 63 125 0 74 24
11 112 146 104 213 59 70 9 145 0 91 136 71 139 138 38 43 94 59 10 144 117 225 40 116 0 53 229 5 173 121 75 173 92 199 17 231 29 79 240 149 45 216 47 116 81 207 29 212 4 107 6
102 41 139 4 110 249 208 3 57 144 228 37 97 115 59 198 55 162 180 196 213 111 31 22 13 129 127 93 207 64 62 180 112 75 187 101 49 157 197 77 210 11 172 242 226 189 169 176 183 88 129 204
48 65 72 117 198 146 103 60 43 165 18 64 151 0 56 97 95 107 21 10 196 250 149 122 238 40 41 142 228 25 190 182 80 180 216 231 179 168 129 45 65 124 220 207 167 134 85 179 30 189 144 156
93 187 238 30 239 221 6 155 0 57 193 69 184 10 36 141 92 194 187 251 240 179 138 223 155 167 195 17 117 158 2 127 0 246 176 203 241 11 249 109 137 86 59 195 8 72 123 102 21 93 11 123
228 154 161 126 31 0 228 0 231 245 17 106 247 233 194 14 100 112 131 150 142 122 2 227 150 237 140 56 243 252 235 242 146 138 244 202 43 56 225 147 107 92 124 42 55 179 1 19 46 41 182 145
143 12 75 224 157 36 147 88 190 232 33 191 157 114 105 166 1 16 170 250 133 151 211 141 137 9 208 213 89 4 146 48 41 28 211 66 0 154 195 238 106 0 51 174 66 0 170 56 204 167 225 172
169 26 194 227 101 0 30 106 82 86 73 107 203 120 236 16 81 18 84 249 31 225 132 251 203 210 251 238 210 125 45 113 163 55 208 242 222 96 168 149 88 173 15 71 106 134 184 157 228 132 131 134
225 155 175 227 160 233 239 244 82 148 118 37 15 16 214 179 236 112 235 183 1 72 210 53 202 64 101 254 235 67 98 117 198 153 230 120 38 86 70 154 239 235 94 91 84 77 69 102 94 21 247 61
251 13 208 213 172 95 71 25 0 0 224 90 22 76 56 241 5 36 213 222 202 103 60 90 64 40 108 240 182 128 83 105 3 182 237 1 232 68 213 36 24 88 91 206 16 157 64 153 142 48 78 90
199 147 216 196 171 153 136 250 56 74 81 45 0 51 77 38 16 97 155 129 142 27 162 132 23 132 170 63 134 37 170 49 179 90 14 198 71 142 164 126 20 111 221 212 167 198 254 189 240 190 253 206
33 34 173 145 155 72 196 227 222 83 151 147 179 4 9 168 69 236 116 31 154 83 216 118 48 180 92 208 57 90 99 200 245 66 178 168 232 197 155 50 60 140 251 114 205 216 228 94 221 52 52 127
238 129 48 215 163 182 133 246 101 205 58 63 182 95 9 183 188 11 86 217 80 113 82 58 170 189 157 127 9 155 56 187 132 128 45 115 108 98 169 243 114 143 184 58 190 63 231 209 186 249 116 120
253 250 171 222 116 197 9 153 18 26 217 136 0 4 224 76 152 184 22 212 95 175 225 193 188 2 93 12 194 117 85 44 8 75 115 148 136 99 200 178 98 199 7 2 75 0 154 130 158 42 89 150
0 8 116 57 207 147 78 178 218 27 35 99 84 38 96 215 248 28 250 111 230 57 47 212 178 41 30 10 150 16 63 251 34 196 214 159 185 0 130 31 176 240 157 52 205 188 46 164 32 189 89 217
108 148 51 80 77 21 82 102 206 160 253 255 93 200 6 125 98 231 242 125 247 27 59 237 185 224 16 8 248 0 124 88 186 9 2 191 43 180 188 206 11 223 115 9 209 144 113 143 16 4 38 74
4 162 10 93 43 123 180 52 52 182 80 94 49 80 80 166 61 242 185 107 25 223 194 175 246 174 4 125 194 32 246 173 244 19 181 9 114 159 246 82 0 164 204 145 68 46 0 61 92 6 91 5
39 248 98 95 186 96 60 54 216 250 158 75 185 164 16 58 83 27 133 62 245 255 196 61 190 51 118 116 142 153 71 245 167 37 40 108 246 143 115 206 97 253 216 16 100 225 47 215 84 223 0 211
0 213 10 21 223 19 1 118 49 193 229 22 174 38 86 0 26 132 94 26 129 92 177 9 168 194 155 62 136 88 54 216 7 125 205 109 84 73 94 132 162 15 225 40 88 109 176 202 215 52 0 138
44 217 65 71 47 251 145 140 58 198 120 154 221 123 92 85 4 60 26 121 243 12 45 171 90 93 158 38 18 171 25 17 247 102 225 145 104 32 250 248 196 129 81 208 81 206 216 211 212 159 141 61
18 15 133 72 49 90 124 44 121 180 101 67 172 92 62 96 78 189 81 147 17 12 134 177 30 168 145 62 242 11 22 224 227 164 137 13 145 34 92 56 21 126 255 19 131 38 222 222 0 35 6 39
226 216 202 215 89 0 62 111 0 221 176 36 19 70 97 227 116 142 207 187 14 230 255 29 10 183 154 160 72 195 105 129 56 174 174 0 126 93 119 183 41 186 110 180 82 205 33 201 186 236 217 45
13 59 110 206 219 134 31 156 122 52 178 125 97 199 15 24 8 142 222 245 222 188 5 182 229 152 91 110 21 45 34 67 86 141 131 67 198 59 120 121 86 61 185 79 194 108 101 32 193 121 182 69
169 9 0 247 97 166 150 124 52 139 132 35 152 60 210 136 183 5 191 169 27 247 43 13 208 199 33 220 37 203 132 111 152 6 195 116 245 118 5 185 92 133 24 194 28 47 23 61 84 234 86 72
51 0 70 59 142 116 31 23 28 109 185 224 162 162 210 200 10 190 246 196 239 182 50 11 226 24 63 0 128 228 4 168 220 135 89 155 238 44 203 139 6 172 234 119 155 23 21 67 111 38 122 42
62 251 193 201 108 219 129 63 8 156 233 163 160 167 206 161 99 217 250 136 209 74 112 37 206 32 118 253 28 30 237 85 237 138 128 194 164 115 42 12 131 219 221 234 137 241 59 17 32 205 137 171
72 23 49 155 213 0 198 9 151 68 199 4 68 136 229 54 110 43 192 30 216 22 92 191 13 159 70 130 1 65 140 5 156 109 11 118 36 193 98 46 224 106 177 22 174 254 43 7 114 176 83 81
247 255 202 204 163 50 253 175 128 205 224 139 73 146 65 123 194 240 223 157 244 206 17 226 148 135 94 193 130 237 114 172 216 244 53 95 221 203 191 176 17 120 57 129 201 183 74 251 145 59 244 196
148 61 125 40 148 246 66 125 61 11 191 19 222 218 254 194 152 246 165 118 21 156 226 241 245 158 218 48 245 230 133 59 191 23 50 62 23 18 65 105 243 228 229 243 134 44 90 204 79 0 207 57
203 78 18 134 104 72 31 205 79 118 244 117 20 200 147 138 228 167 56 116 243 165 66 98 151 75 221 47 148 103 164 230 165 123 120 242 250 164 2 35 124 178 154 255 21 148 92 107 235 250 114 117
242 154 202 68 120 54 44 68 245 50 42 236 50 208 178 35 140 28 223 253 23 133 38 151 117 5 144 221 255 139 60 234 138 99 211 26 218 69 50 88 55 154 140 9 113 250 217 215 79 84 59 3
182 103 95 177 247 193 26 8 29 99 219 123 78 6 238 2 191 91 42 19 157 252 32 202 142 27 231 100 127 40 90 12 79 0 76 32 227 65 254 12 124 36 35 104 52 23 98 157 210 124 156 214
46 46 0 162 187 164 14 113 145 246 80 150 87 139 79 6 13 139 22 61 249 56 44 219 10 176 16 141 92 166 180 221 55 116 173 163 141 0 85 72 218 70 122 215 95 111 48 166 175 231 221 177
176 159 105 74 145 174 187 143 224 95 64 103 163 43 107 61 109 6 207 195 76 136 169 136 7 27 119 98 65 234 209 230 173 202 40 56 111 192 2 184 26 246 49 202 161 170 164 122 26 92 223 31
95 102 252 247 74 141 169 14 35 220 168 215 213 155 125 161 170 0 92 59 21 128 212 254 108 174 14 191 114 202 233 63 37 181 252 143 207 46 244 132 235 141 0 52 196 7 156 35 215 137 98 192
12 110 136 137 197 243 75 129 79 163 235 135 90 194 4 199 129 128 223 119 65 139 127 157 12 194 0 180 150 253 33 23 100 235 59 102 145 116 127 218 210 253 183 92 75 25 212 212 60 141 125 163