29 23 29 22
10
59 87 112 174 62 73 216 27 31 221 99 12 226 166 201 80 218 109 59 89 161 135 183
166 13 141 164 175 153 31 127 223 233 4 86 140 213 218 115 178 216 157 48 10 227 209
44 103 227 212 174 140 99 121 201 216 143 168 255 200 220 215 159 128 189 101 211 215 233
23 123 20 142 28 239 58 209 200 62 112 84 49 175 210 227 112 99 170 221 118 34 210
221 120 170 133 39 48 222 227 205 17 58 7 86 155 109 116 178 136 212 136 82 59 122
219 220 227 73 41 253 103 210 226 157 226 111 195 212 169 96 17 199 229 228 211 103 188
162 86 153 78 75 181 76 199 75 221 228 113 105 58 203 209 193 201 95 249 26 45 130
57 162 90 190 38 133 184 173 239 220 157 119 59 206 124 216 174 222 46 54 139 214 124
219 221 98 208 16 255 209 83 54 88 220 215 204 238 122 125 123 164 218 214 85 20 123
192 210 119 193 252 255 211 214 33 53 34 5 100 26 228 142 37 216 141 161 58 225 227
122 223 13 22 0 215 147 183 24 131 149 78 195 241 226 170 221 254 186 116 151 220 104
71 226 17 63 120 171 80 153 208 228 211 50 65 216 44 210 221 74 224 233 217 49 120
211 253 73 229 209 226 106 196 73 129 97 66 194 117 115 43 22 75 138 212 214 170 207
227 81 220 106 87 213 142 149 23 213 67 142 223 106 223 221 223 223 230 202 217 83 164
82 88 54 215 136 171 95 83 4 223 50 174 215 92 93 213 210 217 212 95 226 161 0
219 110 112 96 83 179 189 219 211 136 31 194 180 227 180 209 30 68 213 115 138 158 39
212 22 219 215 28 250 103 8 223 35 204 129 218 196 175 132 25 83 15 212 89 217 41
219 46 224 144 254 106 120 74 173 167 197 40 214 139 130 147 210 228 39 168 222 245 211
219 182 225 78 229 221 6 22 220 119 225 226 214 38 52 224 224 149 215 225 224 216 217
71 187 190 248 229 86 255 192 55 155 223 210 225 213 226 216 214 216 214 13 226 209 219
216 1 140 106 217 51 209 195 112 209 97 227 218 217 223 230 219 211 224 219 227 229 152
209 156 156 145 87 106 75 210 165 161 66 218 226 226 219 223 217 219 227 211 105 214 217
237 166 229 111 233 89 185 215 189 210 116 217 209 225 218 243 224 222 219 209 213 223 221
56 93 229 216 106 111 216 213 48 53 183 214 219 213 213 212 212 218 214 215 215 216 212
199 96 202 68 211 168 202 150 181 56 227 215 211 222 222 218 220 219 223 228 223 88 227
227 218 219 166 210 4 136 26 226 197 47 226 211 51 225 217 218 220 219 216 214 209 215
226 226 180 12 91 121 212 226 138 38 216 211 221 213 215 210 227 216 215 228 214 116 57
219 214 209 225 58 106 218 212 63 70 217 221 247 220 219 223 229 210 229 222 212 215 227
115 145 105 53 214 136 160 20 181 34 224 211 222 229 228 222 216 216 229 227 216 219 210