34 35 12 1
14
127 0 69 27 1 235 76 231 241 5 211 0 119 247 51 44 15 0 69 204 159 210 217 48 93 3 235 186 8 0 215 116 81 24 216
206 9 138 252 115 13 39 245 101 0 106 45 18 69 43 175 22 235 229 103 229 112 188 160 126 166 14 19 17 130 182 62 109 185 128
18 3 231 0 33 216 120 213 184 242 12 252 131 117 42 229 38 108 139 130 205 33 7 147 132 0 178 30 22 67 156 17 80 6 16
151 129 5 217 87 168 56 14 138 146 61 0 185 9 180 127 88 7 65 123 231 204 221 171 93 17 152 96 1 18 2 244 18 139 48
11 4 17 9 1 3 0 12 0 13 9 106 169 8 21 1 233 169 81 38 22 189 250 0 73 118 113 4 46 21 235 98 9 21 19
13 2 19 0 160 19 19 11 0 0 16 15 161 158 128 76 166 0 13 10 19 57 9 118 134 16 145 64 191 224 123 0 10 198 56
5 2 0 0 8 14 17 2 0 6 112 0 159 7 228 209 170 72 30 114 6 18 79 96 203 178 4 13 36 88 14 9 224 72 175
17 0 8 14 12 0 0 0 19 0 193 143 16 40 102 15 3 228 145 244 163 244 44 213 182 159 184 126 148 0 78 80 71 128 167
6 5 0 0 0 71 0 3 15 238 18 236 183 5 0 133 33 253 51 7 16 7 169 58 79 35 0 0 241 89 152 4 0 3 2
0 2 34 2 0 2 4 6 14 5 120 212 10 1 8 250 132 224 77 186 45 226 16 111 31 3 181 199 43 130 47 55 128 178 3
8 152 19 2 0 90 15 0 5 5 75 150 28 49 234 247 250 126 1 0 0 209 2 153 114 95 0 94 202 0 111 62 139 0 57
5 0 9 0 3 5 8 8 0 3 24 126 210 204 24 0 160 252 27 213 126 50 198 5 16 14 5 0 107 207 247 223 145 101 212
3 9 9 19 13 7 2 13 11 0 138 189 157 225 129 17 41 5 184 167 11 50 247 143 204 157 122 11 0 46 16 72 0 40 218
18 19 0 19 18 0 3 14 0 0 25 15 97 173 18 156 212 194 238 2 13 0 15 0 17 179 63 176 29 0 197 160 36 150 63
0 144 13 18 0 0 5 0 5 179 54 196 180 40 243 15 163 8 0 38 43 0 87 156 4 156 198 0 130 237 220 114 113 231 222
7 156 106 0 246 0 4 0 13 16 132 193 219 250 0 8 187 196 140 65 8 247 5 114 97 207 159 53 212 240 209 174 69 178 14
9 0 222 0 14 13 134 0 0 5 190 205 190 160 207 195 194 202 3 23 251 0 187 8 36 102 69 156 5 143 95 64 0 212 182
9 70 15 18 81 15 4 7 18 10 104 55 91 251 197 1 11 29 100 0 11 108 222 10 27 2 5 69 56 150 82 96 210 131 149
18 0 15 8 18 18 8 1 9 8 159 23 141 208 0 231 45 37 0 169 78 111 70 177 147 93 63 159 174 169 47 242 50 23 25
13 10 11 17 7 0 0 3 0 18 112 225 214 179 25 78 135 158 93 211 11 5 97 84 109 122 0 16 0 48 223 72 156 0 12
1 0 74 0 0 0 8 5 5 14 12 120 74 75 157 10 1 161 113 5 187 164 10 189 10 164 244 96 232 55 1 237 13 247 3
200 12 14 137 0 18 114 29 94 115 32 249 5 117 34 26 218 189 4 96 0 93 126 150 183 146 11 15 217 0 169 0 14 200 0
70 210 215 35 77 101 2 2 8 7 59 92 15 8 165 0 109 84 232 17 89 152 65 105 159 36 123 158 116 168 0 87 242 187 2
74 252 241 240 138 8 3 38 234 14 225 65 48 91 219 159 191 116 3 156 138 88 157 11 238 62 99 94 132 148 222 49 5 74 0
86 135 51 6 149 82 21 109 27 196 0 0 137 119 165 40 11 94 10 242 42 208 236 115 96 99 18 124 6 21 25 181 3 161 196
57 5 93 243 11 0 204 215 80 108 6 0 230 191 55 16 99 112 0 136 202 77 215 8 165 5 227 244 85 158 189 129 174 103 46
88 93 148 208 133 230 10 124 62 220 183 11 0 43 211 74 158 65 42 42 0 0 114 212 4 143 47 196 217 9 246 13 41 125 129
14 141 1 134 0 225 163 66 177 11 19 240 75 163 26 14 97 0 148 0 96 2 209 161 93 164 0 238 125 38 54 222 4 58 20
226 141 169 227 85 155 77 89 41 97 187 95 239 201 236 92 17 250 14 80 44 0 207 154 85 251 32 8 150 21 231 17 222 199 19
14 181 109 22 5 8 196 182 19 215 162 217 3 8 214 42 215 178 211 17 14 156 208 42 77 201 232 147 233 183 0 223 160 241 178
16 136 210 199 235 214 0 102 45 19 1 98 243 18 149 143 135 214 196 241 192 95 11 121 229 138 129 0 252 19 82 161 0 135 208
40 52 0 134 178 98 204 191 15 239 105 179 201 0 116 187 150 173 146 248 80 130 221 175 39 99 187 210 116 30 124 96 156 161 5
234 209 162 228 2 143 12 195 164 170 71 24 195 166 0 70 6 17 193 96 129 13 1 33 1 226 194 66 1 7 233 206 118 0 16
31 47 1 6 214 103 224 68 0 58 241 4 96 32 115 215 228 8 182 150 231 0 5 105 239 3 218 15 235 159 213 183 22 164 94