73 40 31 32
25
130 64 150 48 204 189 175 123 5 89 95 214 244 129 2 72 146 108 69 123 95 169 125 117 18 126 187 107 80 187 102 91 98 152 101 29 147 247 250 28
26 95 36 93 113 149 64 202 114 170 107 29 80 160 8 94 139 225 234 251 23 34 195 121 21 98 158 12 94 103 72 83 80 201 121 8 234 99 213 212
78 220 136 106 63 158 155 159 205 135 125 77 248 236 101 119 109 215 93 30 108 163 237 0 67 143 5 253 88 46 162 134 108 142 92 200 165 164 106 105
167 35 42 100 93 31 203 138 255 65 201 104 3 101 88 220 83 18 0 152 192 63 250 86 39 139 194 55 120 156 102 217 55 126 91 36 110 93 96 68
204 203 16 101 242 82 104 93 206 249 155 65 143 129 109 106 126 18 86 99 95 177 250 149 99 132 217 66 112 174 130 140 120 41 88 136 12 108 105 87
153 0 29 101 237 92 105 96 97 59 246 116 34 91 141 52 156 109 227 235 225 155 73 236 246 73 112 118 252 205 163 172 131 140 251 93 57 123 39 127
167 165 26 117 253 171 29 254 111 230 154 121 19 203 126 253 93 133 174 183 171 194 199 91 92 200 153 11 127 137 66 97 103 8 172 81 226 154 132 99
218 90 204 212 205 91 34 99 251 244 107 196 115 246 163 161 177 225 122 13 91 67 193 197 21 246 236 1 19 183 97 197 34 254 122 136 96 104 75 247
137 127 46 37 23 100 58 6 193 128 115 28 135 196 171 129 95 242 171 118 127 36 89 155 45 149 206 206 92 100 191 153 123 99 51 238 99 77 20 242
48 121 0 176 112 174 117 116 112 42 1 209 93 3 127 39 114 86 139 74 26 158 97 52 252 28 111 81 194 40 207 95 113 96 202 235 14 127 91 102
54 96 115 49 5 201 127 188 168 64 253 89 111 180 181 161 25 202 136 253 219 7 161 130 157 132 28 130 98 182 62 155 45 211 191 188 91 40 128 204
77 173 134 255 236 213 100 24 95 163 37 237 102 12 26 171 126 214 249 168 121 106 120 236 2 220 3 195 110 55 113 178 154 60 68 12 96 120 146 231
76 14 94 59 135 237 18 89 117 252 230 99 30 176 97 109 128 242 135 225 247 90 112 169 124 89 196 89 216 25 171 76 153 29 234 11 241 236 168 22
157 196 50 234 197 70 216 73 161 127 26 90 87 111 182 138 20 227 111 8 131 224 133 195 147 126 99 16 114 135 29 115 66 186 188 137 172 34 105 156
121 114 125 91 199 239 128 196 112 251 59 4 119 144 238 228 184 110 244 173 119 125 232 103 195 95 92 137 154 208 244 181 138 46 155 102 95 237 87 108
213 100 51 216 105 87 131 83 9 117 236 100 203 247 209 93 26 55 189 114 108 101 84 115 123 108 110 112 62 242 236 132 13 252 213 255 247 69 118 241
129 30 89 108 190 89 252 3 128 11 156 39 0 150 136 120 192 98 122 247 111 34 41 155 124 102 183 220 56 25 3 106 115 211 179 13 238 186 44 150
146 223 93 199 186 102 83 223 37 223 249 193 42 37 138 96 204 86 188 49 168 139 48 108 139 32 167 189 123 120 79 205 41 153 72 99 147 10 121 130
126 108 106 121 126 0 84 79 242 217 89 168 171 136 53 102 134 120 12 96 123 48 65 144 237 145 132 182 150 95 253 220 25 64 180 71 114 123 14 17
133 181 47 145 137 185 69 100 70 67 139 130 130 23 27 152 208 89 105 44 180 229 108 133 25 214 92 65 168 152 122 138 39 13 119 139 118 48 90 250
84 145 116 249 1 2 141 247 95 1 98 129 105 40 58 197 103 68 17 180 163 246 129 90 122 168 125 48 229 196 68 49 167 217 130 79 27 206 93 54
169 112 141 253 228 54 142 90 122 54 153 77 103 111 33 52 251 216 245 101 134 118 31 88 174 183 229 75 86 121 85 106 240 120 132 207 39 120 209 27
98 114 174 215 230 119 166 48 109 138 122 185 96 127 116 69 114 182 29 206 167 46 100 60 121 91 26 118 231 12 25 139 38 143 87 45 198 105 91 127
253 111 140 110 12 157 98 224 152 18 92 30 142 38 82 36 159 204 221 251 113 60 95 88 124 118 16 128 131 139 113 129 119 138 116 102 135 123 126 129
15 138 108 143 124 37 216 88 22 233 220 173 89 100 130 52 92 248 208 68 99 86 141 79 122 116 112 132 89 130 125 114 119 102 111 116 238 99 134 32
169 92 6 137 121 97 75 221 122 0 122 91 41 130 161 182 119 115 183 190 121 66 210 110 110 111 90 133 101 96 133 129 128 103 121 109 97 135 139 89
49 239 1 120 60 209 31 23 177 188 224 40 183 4 32 42 48 251 241 191 129 170 20 58 125 137 126 96 131 137 121 113 121 94 120 94 100 114 103 108
33 100 66 182 175 239 202 153 128 103 218 19 101 17 133 162 217 152 83 95 252 243 115 252 115 168 108 103 104 127 98 135 98 169 111 116 105 133 89 114
106 14 47 174 215 188 133 63 118 250 121 96 219 241 238 182 138 79 124 22 236 75 118 52 193 103 223 87 121 132 129 118 95 129 88 136 129 121 93 109
100 100 156 80 203 119 22 125 8 96 32 110 1 121 15 225 239 136 220 163 171 168 179 161 127 109 123 139 136 124 131 123 94 132 136 90 109 110 102 126
113 184 104 245 102 140 101 189 188 196 50 234 167 255 138 213 195 225 165 20 140 72 183 2 98 112 91 117 103 89 99 114 38 92 107 93 19 122 183 92
66 152 83 214 187 8 85 136 208 139 112 9 163 117 21 71 153 217 199 156 45 193 158 60 90 117 109 86 94 90 110 116 89 99 110 134 86 119 194 126
133 102 177 129 103 245 227 118 236 32 185 88 168 78 123 35 166 89 222 91 46 48 21 89 131 111 110 108 136 124 129 89 121 134 136 125 96 95 114 135
157 155 11 136 91 37 162 237 127 176 110 91 115 134 213 99 250 100 176 103 99 54 90 103 117 95 86 128 106 114 135 95 133 138 95 90 61 131 104 241
135 96 181 218 88 250 15 82 98 10 25 80 23 111 240 208 225 99 147 110 182 83 207 112 106 122 101 114 118 95 104 92 114 132 128 116 118 108 61 114
26 178 184 151 136 46 38 18 111 14 101 163 83 128 246 166 14 215 164 213 141 75 245 42 137 89 131 102 135 126 107 117 108 108 122 129 117 136 102 126
201 12 59 214 99 21 177 184 86 8 141 10 127 120 141 251 110 48 41 168 83 117 216 25 122 133 90 127 132 129 107 100 119 139 101 124 124 127 131 113
89 107 118 99 33 141 57 107 192 115 84 229 98 31 214 157 149 92 165 4 179 28 33 67 114 110 115 133 91 89 99 114 117 131 108 133 130 104 114 108
48 226 5 125 118 56 64 44 214 183 50 232 39 14 185 100 84 253 117 31 166 55 62 207 244 104 89 106 175 136 115 117 89 99 95 91 100 115 103 121
104 204 40 210 250 178 133 112 226 97 38 229 227 123 254 21 36 115 123 143 42 69 111 15 95 117 89 94 70 110 132 116 121 107 56 94 115 115 133 111
101 105 234 205 238 169 94 240 215 221 140 136 110 129 130 130 61 29 87 90 211 93 114 105 98 112 136 9 117 208 41 108 120 0 66 205 131 23 188 200
126 68 5 132 125 60 114 169 183 91 93 48 83 120 210 66 80 96 243 114 69 82 11 70 16 22 131 126 42 252 153 132 21 137 216 88 91 82 22 33
103 200 178 88 199 104 114 0 90 172 91 95 153 70 61 107 127 154 2 95 102 192 110 90 220 234 241 61 156 232 113 118 20 143 52 28 165 46 32 93
57 112 146 126 37 56 237 14 169 86 63 95 22 180 184 151 85 97 204 154 78 171 132 65 252 96 53 113 68 150 61 113 92 98 208 120 6 194 209 154
173 162 211 42 124 128 240 186 27 45 59 106 142 132 50 128 206 187 28 127 185 99 27 9 171 117 114 75 52 23 124 153 92 197 139 166 115 157 106 239
135 99 15 171 186 97 85 5 15 110 33 12 177 136 214 149 168 67 85 120 98 183 159 89 252 83 114 133 124 25 128 113 61 231 141 230 94 46 6 159
249 113 203 37 15 72 61 66 118 60 79 188 254 136 58 75 108 138 146 115 142 86 77 243 89 123 91 80 125 62 131 56 240 255 210 104 131 149 142 249
135 208 139 126 194 189 53 35 114 170 133 113 130 3 96 227 174 173 108 11 74 189 27 11 97 11 225 32 94 166 235 118 109 201 207 9 128 1 229 157
122 107 216 124 160 243 98 134 15 89 147 181 99 124 196 134 116 92 152 4 89 19 254 154 201 22 101 207 140 184 252 148 245 135 111 211 154 115 21 180
152 7 125 91 35 208 145 8 60 215 186 119 70 231 184 91 123 35 84 53 25 48 119 102 136 247 125 243 241 123 136 164 180 154 9 199 6 156 54 13
119 158 38 115 40 118 149 189 201 97 16 128 118 111 213 169 187 144 84 162 137 59 164 173 99 127 252 116 111 111 169 196 130 103 210 148 203 67 3 128
28 123 204 194 106 110 125 247 86 96 225 127 227 112 94 110 96 110 125 17 137 127 86 26 117 167 63 134 235 100 69 51 224 102 12 65 69 110 130 48
94 109 96 7 229 99 112 194 139 23 97 128 240 163 87 114 50 232 167 152 64 124 110 170 199 29 50 138 218 132 40 163 226 159 243 10 106 7 95 125
137 37 23 83 125 8 104 34 249 98 4 53 107 130 185 144 99 135 135 122 222 98 171 242 109 73 18 75 238 231 77 65 95 131 138 189 8 97 125 232
112 160 208 238 133 13 89 193 113 79 191 44 23 21 101 71 253 234 233 117 94 123 217 113 150 7 176 232 27 219 95 119 139 119 112 103 126 217 231 219
115 104 7 189 54 210 145 38 117 113 222 151 130 127 248 132 226 39 179 137 98 153 62 1 61 107 4 74 222 239 124 80 154 243 22 175 183 86 95 15
101 122 212 109 118 93 77 116 40 200 210 87 224 56 85 123 41 252 119 158 162 103 84 131 151 69 9 43 94 211 21 98 68 94 12 100 214 214 104 228
213 163 230 118 156 101 27 94 180 139 226 224 94 147 103 202 10 133 175 79 135 123 124 24 111 196 125 63 119 46 123 90 118 71 223 137 101 5 31 109
242 81 107 228 16 121 91 182 197 139 88 74 214 58 228 155 237 47 46 182 134 106 77 223 102 237 158 225 84 111 23 138 192 73 103 115 96 4 93 95
23 194 187 229 118 23 89 86 240 11 197 212 114 123 96 104 80 92 227 145 97 118 107 20 46 184 234 52 139 202 74 160 90 163 32 186 63 32 236 132
179 106 103 136 116 96 213 150 95 107 92 14 70 251 76 6 81 53 137 103 120 112 131 164 187 109 101 167 127 48 121 117 46 74 137 81 147 53 65 120
25 117 161 25 174 136 212 24 101 132 94 185 29 234 21 101 219 45 55 40 112 127 41 19 102 7 120 138 217 32 107 3 111 167 233 97 122 27 122 136
249 105 102 193 163 150 243 200 15 126 23 134 115 208 107 33 40 46 19 1 11 251 111 157 33 119 65 41 57 180 107 135 165 244 236 10 227 138 114 57
120 213 160 40 109 49 13 172 66 95 79 11 99 36 142 114 253 176 152 99 106 74 180 213 221 154 241 105 214 133 163 97 47 94 184 237 49 137 189 63
79 112 61 205 137 106 77 83 95 118 121 190 38 207 195 74 221 7 205 115 168 101 72 31 119 34 205 129 239 118 109 6 38 115 211 118 202 214 29 250
12 84 104 151 181 126 122 73 103 98 76 154 173 204 124 175 236 224 158 182 95 104 67 112 91 139 112 179 235 80 76 53 53 135 170 30 120 255 85 224
21 33 102 223 174 93 94 3 118 202 93 138 166 135 125 143 185 19 208 131 216 16 247 167 175 58 89 83 186 194 43 134 27 49 124 214 22 95 40 232
1 254 22 161 97 86 224 174 95 203 98 31 200 164 110 189 227 80 26 195 93 237 120 72 194 16 117 11 61 154 190 248 107 108 176 111 130 240 251 134
139 8 237 219 200 109 27 88 20 95 4 224 102 208 175 50 39 52 93 104 193 30 166 62 38 123 249 173 128 66 189 111 35 82 103 131 204 207 29 114
110 9 52 94 101 97 106 73 93 114 110 172 107 110 39 126 97 103 25 254 225 122 206 55 96 65 25 10 42 28 92 23 127 23 133 31 66 197 213 142
196 247 18 25 156 129 233 28 6 126 54 132 205 93 218 195 157 103 122 89 225 223 211 137 117 7 130 227 138 233 37 200 27 200 113 67 169 121 134 135
11 24 62 131 184 3 115 57 9 165 222 172 104 136 107 216 90 142 97 205 102 205 199 190 79 239 106 105 250 108 138 143 219 219 247 73 203 119 196 255
115 101 22 182 135 36 163 146 253 231 203 83 27 168 18 90 95 235 176 124 178 105 4 134 99 109 21 112 96 34 18 39 49 114 101 96 105 209 66 93