48 27 41 4
16
226 178 89 66 3 68 15 255 157 195 69 75 198 225 100 48 213 33 105 37 188 14 69 12 77 64 70
49 212 210 221 54 67 111 38 218 218 61 66 31 78 161 171 84 166 114 47 205 67 149 122 40 212 115
45 154 233 192 56 124 16 81 10 113 210 116 210 157 174 62 221 36 77 47 106 235 88 82 194 119 191
47 227 216 65 248 25 70 8 72 84 87 84 139 92 254 81 27 31 44 70 201 85 215 187 232 75 234
131 64 82 145 128 210 190 182 57 200 199 27 70 44 69 27 69 34 105 155 161 232 84 252 46 211 5
83 246 98 54 142 13 156 108 49 141 143 74 131 246 165 119 45 252 228 55 130 67 251 248 217 159 134
233 88 110 58 11 64 57 4 74 48 148 67 55 149 188 170 20 164 11 28 47 77 44 72 63 68 25
153 122 106 69 244 93 80 192 207 30 59 70 36 155 45 59 46 186 233 231 129 112 160 164 70 51 240
226 90 182 178 249 142 69 57 185 65 202 47 187 164 75 21 38 196 67 126 143 39 188 84 139 64 36
108 202 122 61 197 202 193 69 232 151 106 74 132 14 110 75 162 219 79 166 12 137 208 113 114 87 18
71 197 11 107 212 59 81 102 170 80 236 240 46 123 41 213 192 180 35 64 70 224 88 73 68 77 150
160 104 57 60 75 190 82 5 237 86 135 163 179 33 70 12 14 242 60 50 74 99 187 185 203 57 237
244 100 65 14 221 89 113 220 82 159 68 9 163 254 73 205 135 80 61 10 122 69 65 77 58 55 77
71 133 214 23 49 232 79 28 57 236 190 153 37 56 133 246 115 190 66 110 244 158 60 74 68 70 74
89 225 77 101 244 42 10 60 166 185 134 221 8 61 232 17 86 220 101 84 75 61 81 135 111 94 126
49 102 141 59 166 107 100 141 131 50 209 247 22 231 15 64 66 82 80 75 73 27 83 75 129 193 182
61 76 177 232 207 191 47 72 137 26 122 84 71 94 241 11 182 80 213 163 99 192 194 15 88 214 254
84 224 189 82 80 207 162 70 86 196 115 147 30 0 85 164 70 204 69 140 195 81 57 9 7 63 38
157 58 71 128 86 23 147 40 247 83 118 25 141 230 101 35 77 69 148 184 225 220 31 152 117 162 244
62 105 40 68 80 134 153 68 78 81 117 73 5 65 57 30 93 85 147 150 187 72 58 214 236 51 58
84 56 87 189 23 255 175 191 52 190 61 224 4 139 76 188 239 81 223 196 13 167 86 170 75 175 236
239 2 66 97 30 246 55 139 62 179 169 202 79 238 45 45 69 75 82 208 165 86 83 69 83 113 137
41 58 127 201 66 208 133 172 245 80 170 73 78 76 23 57 161 253 71 69 58 10 235 231 189 218 68
120 158 71 232 120 127 18 41 90 110 97 131 54 127 54 192 145 208 69 230 72 68 36 73 150 81 83
193 9 236 82 53 55 214 186 49 54 9 81 60 71 57 244 140 255 56 242 73 44 32 76 52 250 156
136 86 106 30 189 4 75 230 98 246 30 60 55 40 197 194 118 227 7 180 249 68 85 182 164 138 254
80 169 50 146 163 76 237 51 98 63 229 72 201 183 203 234 98 1 49 176 97 171 173 203 68 121 151
207 131 49 84 7 39 112 182 242 255 184 216 194 81 63 119 225 83 83 72 82 61 83 61 31 76 181
77 135 112 136 70 163 226 61 86 236 70 213 229 95 60 139 13 42 71 107 75 4 67 130 129 114 158
55 64 72 70 58 63 67 230 94 175 114 33 20 107 75 61 85 188 222 70 109 183 34 86 58 80 174
48 67 132 140 211 134 65 188 148 11 66 77 76 23 157 77 184 248 153 109 61 56 73 112 218 146 242
64 63 82 71 80 57 81 55 74 66 71 57 73 79 65 74 97 81 98 186 125 79 15 124 242 230 51
77 56 66 59 54 61 72 56 80 64 71 80 59 57 60 196 61 101 116 79 78 51 224 32 147 232 157
71 67 77 69 26 73 76 78 77 84 68 73 76 66 64 59 67 176 80 242 119 61 96 163 85 158 28
82 65 60 56 78 77 83 57 71 60 56 78 85 85 80 36 95 30 61 146 84 197 80 166 77 159 223
84 83 71 82 86 76 79 73 77 79 81 56 74 72 75 248 141 57 86 50 182 19 209 1 115 222 75
78 79 77 76 73 192 69 84 54 79 68 73 63 66 56 65 63 225 95 93 237 190 56 138 31 157 73
73 57 72 56 60 79 65 70 56 58 64 76 59 217 85 200 206 153 230 202 114 201 109 60 226 19 58
62 36 85 79 57 68 71 55 83 82 56 225 56 80 72 70 178 113 1 222 239 41 180 81 1 81 27
86 82 72 78 82 63 70 61 61 81 55 66 68 60 81 60 174 153 208 226 214 81 86 207 170 102 128
73 54 86 70 58 82 70 79 72 63 81 57 81 177 69 64 58 118 80 64 178 239 210 64 83 72 75
79 78 86 63 73 54 84 149 61 66 77 68 58 65 243 187 18 73 148 86 99 227 154 185 78 249 231
75 69 71 65 74 70 84 81 59 199 170 81 68 131 54 211 82 21 170 109 162 12 213 114 11 165 75
60 81 70 55 166 83 71 32 86 63 73 58 56 80 70 14 112 31 13 212 119 35 29 152 76 62 104
82 86 73 71 62 67 92 70 70 59 84 63 80 56 68 59 39 106 136 55 131 193 72 39 124 60 69
60 84 86 72 78 74 83 56 56 57 63 70 84 58 70 82 12 253 230 168 14 85 69 57 26 197 167
57 78 62 79 84 74 63 79 70 69 73 59 70 69 55 78 196 132 73 91 56 215 20 70 191 62 129
84 74 80 58 62 54 71 77 70 56 64 79 65 85 63 65 78 9 60 0 78 79 237 22 196 75 88