67 95 41 93
12
128 11 161 215 231 8 203 24 19 209 165 166 142 216 182 187 77 192 136 130 16 194 5 16 47 28 14 19 159 211 184 238 17 154 181 13 21 61 28 214 212 40 159 10 78 119 24 151 5 22 26 10 109 241 76 7 98 155 17 51 170 154 181 11 16 151 62 250 146 138 25 151 197 222 116 94 237 27 16 158 88 85 38 105 9 146 54 43 246 131 13 13 98 109 12
111 42 164 54 86 169 248 5 75 208 123 21 184 49 255 28 132 117 235 96 37 76 5 16 7 253 168 182 5 234 68 23 248 125 158 124 17 116 196 58 229 23 168 5 22 225 12 35 211 4 228 52 16 62 221 104 31 20 148 113 15 219 245 7 12 157 207 98 143 9 14 21 148 161 240 10 183 16 28 213 207 27 11 203 228 14 196 215 187 114 188 10 45 208 19
207 28 11 140 189 218 205 182 103 93 2 0 207 220 26 22 207 9 180 18 106 253 158 56 168 49 28 176 163 38 145 134 4 91 72 236 71 84 5 10 79 88 150 183 13 4 155 179 26 26 84 12 9 21 26 244 8 216 67 78 23 213 61 137 191 18 13 225 197 19 186 41 167 179 193 186 147 114 18 172 16 213 79 161 209 126 204 28 13 124 188 13 13 63 73
113 132 183 162 143 202 16 152 212 16 23 7 86 110 221 164 206 65 252 6 102 248 235 70 104 47 207 7 22 206 26 11 110 189 188 27 110 161 95 142 20 156 72 117 120 27 7 242 228 77 13 12 145 22 62 184 26 232 18 4 10 58 199 168 227 112 132 130 232 12 173 72 12 172 196 214 52 255 10 4 182 196 66 5 7 79 56 249 94 241 69 26 193 205 85
112 250 121 14 179 12 94 19 36 57 125 77 6 43 79 21 142 4 122 118 15 16 53 229 9 126 132 7 43 16 248 193 138 3 162 43 229 11 211 20 8 207 5 239 68 252 4 152 17 6 118 82 34 34 87 215 215 182 10 24 127 120 19 60 118 25 10 191 14 204 5 149 115 162 149 216 205 23 22 220 226 58 0 19 27 35 26 75 169 49 232 17 102 7 229
13 36 22 22 125 92 17 41 8 176 70 214 19 81 146 112 208 83 156 71 18 73 20 106 2 141 16 218 133 183 140 157 16 217 24 88 242 29 170 17 160 21 231 21 188 0 203 118 22 86 147 108 9 130 112 181 137 22 155 85 14 81 245 181 148 156 204 140 215 14 17 27 134 117 16 122 114 148 26 3 170 123 63 202 145 241 21 17 219 37 122 107 97 99 200
101 228 242 16 219 95 10 227 180 42 27 46 145 143 23 239 25 173 128 232 154 35 7 255 25 234 243 14 189 97 113 143 46 178 141 189 187 28 230 18 39 37 107 193 207 243 36 243 134 23 54 15 214 100 5 21 26 175 8 83 27 4 36 86 162 18 41 25 26 23 182 27 16 241 88 11 254 15 23 159 85 133 13 232 2 219 26 12 39 196 56 6 81 33 118
26 38 49 164 27 154 47 8 197 246 170 173 20 243 214 214 5 18 143 192 154 132 153 254 241 82 32 138 104 7 253 104 154 203 191 245 187 25 75 113 25 105 235 161 28 2 100 211 61 25 14 220 79 11 134 199 23 10 96 46 21 157 8 117 252 91 234 14 16 150 125 169 28 33 204 142 22 70 203 172 19 216 151 133 159 16 20 16 17 69 183 104 83 12 185
160 237 235 241 26 191 5 222 160 219 193 191 17 215 61 31 164 235 89 141 205 226 18 215 14 104 161 143 240 127 200 19 90 111 60 19 241 233 16 72 15 6 26 145 234 111 5 106 148 22 220 231 9 209 126 170 16 155 210 209 219 63 34 20 139 15 89 99 9 227 4 241 229 15 121 0 88 242 6 128 67 104 125 163 146 251 136 161 93 253 27 225 57 213 61
57 169 84 69 251 82 194 4 232 249 178 214 79 52 63 203 218 166 118 86 76 0 85 79 4 214 230 110 172 101 149 23 128 63 46 45 148 210 178 130 115 55 64 127 39 75 9 23 175 15 151 152 135 99 72 204 169 23 15 82 220 157 19 5 191 50 19 167 11 172 168 112 136 24 149 64 50 162 172 122 11 245 11 25 13 24 45 215 136 240 189 82 8 17 137
7 12 129 158 7 246 193 249 240 156 112 142 233 242 4 140 146 21 55 0 84 19 205 77 216 130 97 4 60 26 40 144 111 199 155 87 228 30 70 14 226 19 16 22 167 27 74 243 170 5 12 107 9 248 3 173 144 235 218 141 16 241 16 17 171 54 168 5 93 20 182 116 183 20 131 121 167 88 80 95 2 18 6 4 21 21 159 221 191 85 8 181 8 10 80
19 60 16 103 161 171 186 76 19 154 214 46 193 7 16 4 10 152 45 76 12 23 13 209 119 11 25 189 22 216 228 207 156 17 19 112 212 141 6 18 186 43 219 212 164 179 71 125 159 75 131 6 18 89 224 52 61 28 108 199 12 10 16 93 14 230 2 126 18 57 22 214 133 208 9 8 166 26 201 6 154 185 232 21 11 141 33 27 23 59 26 24 167 49 163
9 18 95 12 38 139 120 139 109 10 20 153 9 11 21 185 55 23 58 222 226 129 138 168 189 220 4 230 9 221 243 226 13 185 18 21 209 20 215 90 12 9 24 4 236 8 173 58 104 84 24 49 8 1 109 118 53 18 177 245 167 64 233 19 102 10 204 7 102 210 107 247 236 159 135 51 55 217 28 14 110 15 121 19 38 185 254 6 243 163 16 10 25 201 73
39 67 64 20 76 77 55 18 189 40 44 26 23 7 48 151 81 91 202 15 16 39 142 196 246 93 85 169 118 225 69 20 118 162 120 75 161 184 213 10 73 23 217 13 9 67 58 198 199 251 106 22 21 207 153 136 253 44 93 219 59 31 155 24 246 10 249 127 32 199 10 18 136 173 75 199 231 108 7 12 16 200 242 26 35 198 121 124 231 100 133 13 149 132 42
167 4 14 203 6 119 26 149 180 17 48 170 11 23 121 30 47 4 102 10 183 33 83 231 47 103 204 2 212 62 243 14 56 83 13 116 133 67 3 195 117 28 181 159 128 9 19 170 170 94 120 68 57 144 97 133 83 121 37 220 23 127 129 136 157 255 58 37 233 35 18 20 96 55 28 64 4 124 151 56 13 16 179 220 247 225 9 43 93 4 26 101 193 171 0
5 242 243 180 194 84 3 251 31 129 36 145 5 91 254 40 25 201 82 106 7 19 188 12 163 40 26 179 16 25 120 152 16 12 11 167 90 69 145 226 197 206 39 115 186 22 171 78 81 10 239 99 24 9 25 102 55 88 26 166 253 70 7 45 144 147 232 214 99 229 100 86 2 42 93 61 109 106 162 153 222 23 186 118 90 4 6 208 168 27 38 197 177 131 86
236 167 20 83 56 238 189 16 23 185 169 167 38 227 7 216 96 153 46 49 160 43 19 25 211 25 100 16 94 118 61 183 37 37 167 20 164 233 178 106 8 38 251 123 50 149 20 77 51 46 83 18 121 114 203 24 124 28 12 138 190 200 253 202 164 164 171 22 238 106 32 99 62 213 78 164 51 28 22 255 254 15 51 110 115 28 27 168 54 64 123 77 150 62 10
16 178 130 84 60 99 201 23 141 49 165 192 5 19 6 178 155 181 22 179 92 20 221 87 193 225 173 100 14 176 35 216 211 148 101 173 222 97 102 4 91 165 207 7 140 13 247 19 8 239 134 27 15 16 16 28 188 110 160 134 5 204 31 226 96 179 6 40 142 18 53 50 24 164 8 3 25 114 26 10 255 201 102 134 22 93 38 116 17 188 13 253 192 40 40
193 20 42 5 139 89 200 223 237 194 241 102 231 63 117 202 7 4 247 16 212 188 37 26 105 221 206 11 28 66 235 203 47 141 147 168 241 67 211 168 93 178 15 134 66 14 17 10 41 112 10 66 26 210 96 7 8 146 29 239 67 42 72 49 152 17 76 191 178 161 224 11 126 79 199 102 224 15 142 29 10 245 93 163 76 56 8 38 77 157 136 225 69 188 102
14 154 22 139 77 31 152 91 5 11 143 19 7 111 22 205 23 139 13 59 64 74 95 221 18 180 198 147 185 9 146 189 185 142 216 47 194 137 227 187 211 219 29 154 237 236 24 114 15 19 173 16 205 16 122 113 44 251 16 167 132 234 73 28 133 141 78 82 170 210 249 130 125 113 126 175 15 196 15 175 157 141 157 6 77 25 182 122 25 33 163 85 201 5 183
9 123 147 9 173 114 12 19 14 201 14 16 199 199 76 22 28 170 237 13 57 76 19 148 101 234 69 252 139 151 36 192 37 26 99 251 11 62 209 239 65 158 16 27 16 79 10 16 56 171 73 228 133 134 79 117 21 22 12 20 129 11 120 24 15 179 175 75 244 12 27 11 180 119 164 22 191 237 184 109 13 20 11 178 61 73 69 149 31 25 138 100 180 130 251
20 12 29 161 59 137 182 153 171 10 35 27 224 162 155 238 14 30 246 90 25 246 238 24 231 121 242 197 55 81 142 112 209 254 169 8 170 14 191 85 15 8 91 116 149 128 14 162 102 14 5 108 230 37 215 25 135 20 181 167 249 17 96 157 7 198 135 195 85 203 12 16 195 64 227 223 247 16 135 199 166 35 27 49 30 50 16 225 2 169 217 14 28 1 17
6 10 166 0 140 208 225 176 16 131 185 24 155 138 77 14 80 65 11 61 245 28 106 50 101 235 230 10 144 48 122 34 19 235 24 13 96 161 184 87 228 93 5 11 207 199 152 101 253 76 134 38 180 131 53 15 92 241 199 58 42 238 7 22 7 89 117 170 216 59 247 9 254 130 192 158 25 31 23 147 225 26 90 6 26 102 112 12 73 173 149 111 91 198 166
98 10 37 106 221 156 248 245 141 62 179 239 56 237 153 21 23 205 158 170 189 53 131 164 119 6 106 16 21 20 7 24 22 94 13 2 191 61 9 40 6 14 184 93 105 163 182 45 17 186 13 204 163 21 204 30 209 113 125 24 134 201 128 20 113 230 22 108 170 9 87 5 18 38 162 35 80 211 117 11 39 140 54 17 28 234 11 252 129 220 203 229 241 77 15
30 5 209 210 84 90 108 23 177 150 208 17 216 26 88 234 20 30 17 22 95 235 180 109 187 28 18 141 13 44 137 233 199 20 157 49 53 15 232 142 178 159 20 132 138 40 166 25 12 40 23 16 237 1 17 77 90 41 110 14 193 113 10 66 200 169 233 22 2 144 200 80 76 4 64 28 16 58 183 25 106 24 147 56 51 15 84 55 58 86 204 236 247 26 150
242 18 5 11 49 199 138 12 137 30 205 11 57 146 107 67 240 197 15 62 113 203 207 4 158 4 176 29 12 11 27 25 102 143 190 15 94 202 71 65 9 16 100 4 8 72 234 72 79 191 48 17 28 143 152 144 143 142 19 226 161 230 224 8 25 62 11 168 10 112 90 189 19 109 182 51 201 61 211 178 35 5 22 41 5 102 12 166 158 237 218 58 22 22 28
105 173 127 9 130 6 78 91 192 183 177 19 219 0 57 27 138 208 217 12 75 73 27 171 209 12 129 59 54 22 32 232 205 147 173 180 22 110 24 133 7 168 96 26 27 5 72 233 25 151 217 0 3 232 5 6 64 107 6 221 220 25 74 133 16 110 54 247 16 7 32 19 221 197 8 102 224 7 45 19 156 28 59 107 90 211 26 13 251 135 227 163 27 18 113
217 10 59 26 250 36 213 22 249 136 106 42 138 16 177 7 45 185 250 53 14 135 25 4 143 16 244 13 197 95 206 2 88 27 18 26 190 66 47 121 13 121 20 74 95 178 146 242 223 75 65 126 185 39 245 36 73 236 13 120 12 14 219 255 205 114 83 1 13 8 16 21 155 105 203 134 26 25 168 17 147 95 10 236 143 8 75 43 22 86 231 14 33 231 8
95 182 112 118 118 39 66 121 8 224 221 42 153 133 61 215 81 16 127 81 103 207 4 17 12 96 175 37 101 214 203 10 174 10 129 106 14 137 40 19 146 211 227 240 21 142 140 140 136 83 22 112 245 21 138 118 223 25 249 23 160 4 219 217 135 97 208 237 129 137 121 107 235 195 127 59 194 161 172 106 43 27 166 253 131 49 222 170 10 58 1 16 23 77 17
23 140 174 57 24 6 152 221 152 125 16 49 163 135 212 69 27 147 254 222 219 149 139 16 205 174 146 202 130 6 50 210 77 215 20 16 54 23 8 87 1 214 8 72 151 203 8 148 20 23 229 132 16 180 57 11 27 198 16 165 28 22 16 10 109 168 121 18 41 8 246 92 112 25 45 68 10 194 90 44 122 195 65 19 13 155 23 5 187 198 224 177 24 81 91
107 235 94 78 231 25 222 60 116 60 205 160 94 21 32 100 22 26 158 24 194 79 245 6 8 113 44 16 249 204 62 82 45 158 249 47 146 26 224 44 202 70 26 85 43 160 1 234 230 203 54 79 56 7 60 22 80 8 108 94 24 214 200 234 200 49 101 204 30 248 189 205 77 6 8 15 25 137 198 86 58 203 207 28 220 251 168 78 7 44 172 26 9 254 14
81 77 147 199 15 208 125 175 174 219 66 13 14 128 9 207 253 67 114 7 243 55 118 104 113 185 245 105 8 17 163 198 78 20 229 106 156 32 64 79 15 236 18 42 153 130 54 22 156 43 5 25 39 12 252 227 13 132 3 114 56 16 14 2 23 254 128 5 217 212 38 251 17 183 17 105 206 73 108 188 177 132 156 63 91 144 56 246 124 174 3 216 192 26 49
123 141 26 20 17 249 241 34 6 25 191 113 207 147 152 17 89 173 163 178 36 84 80 102 139 181 14 141 251 135 129 163 234 223 164 39 13 106 128 198 24 83 11 220 1 234 201 7 171 3 97 32 254 16 6 2 14 145 17 10 8 125 136 82 74 12 252 0 124 191 23 186 114 60 136 28 48 94 143 25 19 59 80 183 54 166 21 115 206 25 34 5 181 0 23
145 95 83 205 26 12 27 115 63 114 5 204 191 55 203 146 15 11 236 218 162 17 189 116 128 11 95 130 144 7 183 160 150 35 50 209 198 205 15 97 86 208 209 232 16 186 122 176 62 216 51 137 151 245 5 81 15 157 25 18 208 140 16 42 203 45 19 16 73 5 143 23 19 39 19 69 65 96 5 213 164 4 27 5 42 188 21 10 25 19 28 27 26 23 252
187 180 9 134 10 60 4 127 36 65 84 245 6 135 103 19 23 45 26 111 249 163 28 184 212 249 9 160 137 159 15 223 16 62 16 49 25 67 161 20 15 192 156 4 25 131 103 13 21 186 92 99 166 151 243 6 235 109 87 24 6 188 128 137 149 44 11 18 104 93 10 195 43 21 83 87 224 217 232 81 83 53 214 215 125 25 27 10 17 22 9 16 116 11 28
95 93 133 14 28 74 247 100 7 200 4 181 218 132 232 3 18 51 198 167 13 157 48 80 148 192 18 175 120 154 139 163 55 98 170 6 175 251 2 186 26 69 17 83 144 118 48 200 211 35 15 113 81 23 152 37 181 57 10 214 58 24 14 67 32 179 94 78 211 194 238 133 91 183 83 18 19 19 24 51 111 12 180 33 240 207 13 7 6 8 10 14 5 4 10
59 51 22 76 130 52 94 12 28 195 47 11 5 166 66 215 125 11 37 114 6 80 24 89 232 158 131 173 188 251 195 48 117 19 160 53 78 211 189 20 117 64 253 101 167 77 234 98 142 9 121 134 169 65 17 6 3 57 142 18 83 130 1 45 2 246 84 106 227 146 193 227 160 60 200 16 29 2 19 52 17 9 207 27 233 16 28 47 22 28 19 26 28 8 22
117 5 132 238 227 206 189 14 5 172 171 216 10 20 11 9 215 112 81 13 150 17 101 8 248 116 236 63 207 142 149 92 7 153 86 41 25 1 78 146 74 135 51 8 149 14 208 148 101 18 10 120 250 213 175 55 32 8 236 186 54 28 8 186 102 24 34 47 46 168 137 114 103 11 224 153 192 26 84 10 5 21 52 18 140 18 24 7 7 10 8 8 11 16 19
188 247 101 127 185 147 63 210 240 25 13 60 47 211 23 6 9 26 56 6 99 19 107 18 10 236 252 79 172 154 221 222 159 224 130 127 35 249 101 139 126 103 13 62 3 154 65 174 204 30 20 55 9 23 34 13 25 238 160 62 16 233 185 26 110 220 66 141 15 79 81 151 166 19 30 19 27 14 16 212 235 212 45 21 208 14 13 13 17 12 6 4 19 27 8
197 92 198 18 141 10 167 176 204 68 9 6 21 104 27 110 125 20 160 118 57 53 37 168 40 192 69 22 60 101 218 70 87 177 7 43 7 147 50 194 165 188 141 7 16 204 16 64 47 4 24 13 181 136 136 57 246 174 24 64 143 162 21 161 245 68 233 58 89 68 6 120 40 196 59 115 180 0 50 4 162 248 151 12 90 16 251 16 21 8 27 28 11 8 46
10 203 78 195 238 28 177 5 18 74 24 206 6 123 117 99 9 44 36 15 151 229 142 78 53 152 11 176 187 21 188 28 10 155 16 174 252 9 131 11 166 25 151 9 27 13 169 116 84 8 250 216 11 17 9 15 111 175 25 7 4 156 38 172 115 82 8 173 104 229 222 11 200 105 187 21 250 245 167 113 85 161 238 11 183 6 15 8 24 82 26 4 16 25 9
103 166 16 91 20 214 114 144 41 25 174 241 23 203 20 194 106 22 240 42 132 169 15 14 10 10 14 52 251 33 178 31 139 18 26 169 58 73 148 58 111 6 149 142 6 134 246 229 201 232 142 226 186 18 17 120 8 203 26 16 139 172 20 225 59 240 202 6 224 11 29 228 161 95 228 22 100 127 212 28 63 33 249 132 13 20 25 14 9 19 27 9 27 25 20
16 170 177 76 6 12 124 28 231 74 25 28 196 231 11 135 89 35 117 245 19 24 30 233 10 150 1 7 83 11 44 217 28 158 172 164 226 113 53 15 50 177 18 131 21 112 123 23 95 136 216 5 239 94 5 161 155 223 138 125 172 164 8 151 43 16 123 158 217 228 255 14 102 22 8 38 199 31 127 84 22 62 112 26 99 12 13 8 50 11 14 21 17 10 16
179 154 116 212 1 8 97 182 168 23 114 2 72 180 34 14 8 82 91 22 40 113 255 6 56 62 1 18 29 177 131 232 209 24 18 55 167 241 163 255 23 116 32 4 166 246 8 12 45 124 203 231 92 17 166 5 39 161 71 170 236 225 127 205 255 67 36 22 35 23 26 19 167 30 163 226 148 13 13 5 55 10 117 200 119 6 23 16 4 10 9 10 4 27 8
181 61 205 91 85 159 84 177 6 219 54 179 7 54 98 7 26 78 54 174 36 90 32 158 21 197 81 244 70 96 136 67 237 109 13 153 251 120 194 212 164 146 53 72 5 209 62 225 150 27 25 219 157 185 32 205 67 241 38 14 23 16 4 148 4 90 30 147 207 9 170 179 126 255 23 229 39 254 149 204 135 252 116 220 11 25 24 8 18 16 28 14 127 6 4
44 11 228 127 199 244 141 125 170 57 33 96 84 158 211 72 15 19 50 7 61 14 225 44 27 140 214 203 81 48 135 224 34 41 158 221 29 106 20 71 249 221 190 119 34 4 113 179 97 144 106 18 26 73 155 26 65 4 233 4 198 209 237 157 181 199 250 52 173 211 67 218 19 57 23 111 181 95 134 147 121 13 105 1 67 28 23 8 94 23 13 25 7 22 17
24 199 228 24 41 232 134 96 157 126 215 214 72 149 166 83 16 187 53 42 207 245 98 41 18 126 23 199 13 58 178 254 19 7 38 218 36 167 9 156 54 124 201 90 248 102 15 24 68 243 147 249 7 14 202 173 128 16 63 146 183 65 10 24 23 4 240 152 55 65 105 242 43 48 6 122 21 117 109 99 187 89 6 89 52 19 19 8 16 22 14 19 24 10 18
139 86 240 57 119 30 54 137 60 40 104 131 126 10 214 92 141 82 58 10 61 67 188 244 235 16 9 154 241 166 97 213 4 17 13 136 99 67 140 19 172 85 14 26 8 145 97 30 91 17 25 1 25 12 12 17 200 198 55 178 117 7 167 55 93 77 211 23 161 31 118 174 38 14 193 172 212 229 113 141 32 174 4 4 76 19 14 4 62 20 56 16 5 28 28
204 64 208 11 82 81 82 7 180 241 210 16 161 226 9 94 186 39 94 18 42 133 228 153 226 94 213 28 113 1 14 100 16 12 10 13 83 19 43 28 12 11 225 136 98 21 71 73 26 7 106 8 29 23 164 92 102 107 104 25 98 8 226 226 161 116 2 5 44 125 12 12 172 11 14 197 98 12 127 1 4 20 11 77 151 7 11 16 25 13 5 9 23 31 17
183 24 117 218 219 21 152 31 149 32 151 122 230 88 200 182 60 153 230 173 173 46 199 25 65 16 200 5 163 214 101 84 189 149 76 0 202 17 28 143 228 35 134 23 46 153 184 155 27 195 7 133 227 80 32 167 160 224 28 18 127 55 94 234 125 43 162 16 28 7 218 197 202 104 195 16 87 244 128 51 159 191 49 50 6 19 7 26 23 27 12 18 13 56 28
181 124 177 5 143 101 224 22 2 89 85 13 140 1 20 150 3 4 17 53 206 97 119 12 117 157 92 128 251 226 212 228 85 87 114 165 9 195 23 63 243 45 135 193 216 22 168 21 108 170 9 11 121 166 1 155 158 150 16 3 23 123 72 8 174 16 216 78 10 12 60 26 67 247 219 239 36 26 5 221 231 160 144 176 18 156 76 132 71 163 109 123 28 249 83
211 217 16 86 111 66 34 159 14 196 246 14 16 22 56 84 9 73 209 27 176 184 14 36 85 228 25 97 225 171 148 139 24 151 9 236 249 239 4 174 154 183 118 251 76 77 79 26 17 79 127 230 25 189 197 9 132 114 49 146 240 106 35 5 5 54 19 58 170 154 78 82 19 149 37 214 144 102 95 5 24 54 246 117 15 212 29 193 14 46 140 15 248 136 205
107 25 8 70 127 130 35 36 21 37 225 168 173 61 23 27 86 144 127 0 10 98 228 234 223 53 200 16 141 175 234 219 26 32 232 154 4 231 18 161 147 12 217 45 47 214 24 153 158 220 104 34 190 156 18 31 120 12 10 84 207 91 24 35 24 21 224 198 17 93 1 33 13 136 36 21 153 230 152 41 200 36 215 149 122 146 20 73 220 138 22 17 9 25 152
140 245 118 104 27 130 16 16 191 215 16 229 5 132 89 4 34 127 116 115 223 56 6 151 231 58 158 158 213 174 153 184 63 244 161 11 240 171 203 111 16 58 21 252 132 242 141 10 143 12 231 16 190 120 6 21 16 234 167 44 155 89 42 24 94 5 77 139 24 136 211 120 4 23 237 76 11 130 160 64 11 164 184 28 76 25 209 39 100 126 124 219 146 73 28
6 98 208 194 33 38 25 129 222 10 42 36 33 19 164 188 10 21 182 115 209 16 26 76 212 38 233 17 14 250 15 4 200 162 52 153 149 12 210 183 3 219 59 7 163 75 202 142 13 7 208 116 218 18 26 107 179 5 7 95 29 199 76 26 152 147 213 119 35 142 213 105 70 159 89 235 75 12 219 138 241 80 166 112 235 183 214 54 238 82 242 56 44 230 2
150 4 82 141 24 9 92 95 76 140 103 29 8 123 77 26 11 54 54 201 191 197 207 71 19 130 16 30 78 148 115 136 165 229 13 221 63 19 200 76 97 15 99 121 24 171 114 145 182 189 149 211 226 22 13 226 246 202 35 2 150 15 58 124 242 74 23 36 7 48 27 246 102 26 26 24 96 14 88 53 6 26 97 182 46 24 4 73 164 143 254 163 209 19 9
239 27 19 5 245 9 16 130 241 5 16 220 146 208 27 240 10 86 180 64 19 170 16 87 79 148 195 14 245 224 4 132 92 183 13 21 92 16 229 203 71 179 42 14 86 16 55 204 22 77 16 16 8 137 12 154 196 57 7 33 208 124 5 84 6 164 72 216 13 20 18 41 33 69 115 136 177 23 39 93 63 124 247 77 168 159 6 179 113 145 179 206 228 4 213
135 17 29 21 184 11 47 183 13 28 37 19 22 22 189 4 245 243 189 245 20 20 246 23 18 8 39 123 152 7 56 172 164 99 24 253 14 254 238 41 167 227 217 9 226 88 238 254 254 102 153 57 226 183 99 170 78 201 150 76 96 6 135 139 25 216 182 236 244 160 232 252 206 60 246 1 154 242 30 39 8 113 237 98 176 12 11 133 9 230 87 82 222 106 120
51 146 130 116 32 147 107 11 239 199 215 149 102 12 4 223 43 174 27 161 37 238 171 128 110 229 55 252 197 34 86 15 12 17 21 197 12 78 151 31 1 30 108 223 171 85 216 175 20 18 161 178 194 7 13 27 25 169 87 17 149 23 21 97 20 10 20 175 28 255 26 238 96 184 100 117 18 59 103 18 97 3 10 30 28 144 70 196 28 180 158 254 155 210 244
25 96 155 193 16 19 42 213 38 178 17 25 72 11 114 33 247 168 173 132 130 189 45 127 87 26 184 182 82 253 157 240 217 28 48 4 63 7 242 6 101 75 173 33 131 162 254 19 99 186 57 7 46 238 10 126 158 213 3 17 114 113 69 245 22 11 179 143 14 97 206 217 15 101 97 239 16 117 92 89 85 57 7 223 104 22 114 81 24 228 19 251 19 20 28
40 65 133 168 149 17 13 16 225 178 23 239 91 51 144 15 2 68 120 100 17 69 14 49 170 177 165 249 10 71 144 127 25 140 137 163 107 27 103 202 8 120 185 29 138 103 6 57 7 61 206 83 106 232 163 35 51 21 143 11 2 96 12 63 74 22 0 28 48 23 114 96 151 32 107 157 5 112 22 179 10 27 8 196 24 76 82 176 39 113 29 64 116 176 233
84 190 124 35 111 21 77 133 42 157 155 247 15 164 6 106 18 28 72 13 41 11 21 12 68 107 18 41 191 10 26 35 6 68 13 245 165 128 39 43 79 255 47 134 254 185 207 235 74 7 6 143 244 109 20 221 212 123 22 71 154 22 128 165 61 24 15 148 23 109 120 73 177 93 30 249 81 236 15 88 129 1 27 73 47 189 24 115 13 13 24 115 43 231 132
4 4 89 22 251 43 17 141 106 18 23 87 84 15 175 193 55 230 200 223 49 37 12 128 173 23 163 44 169 6 252 246 154 27 217 10 151 108 160 159 23 169 96 51 26 2 233 113 176 213 11 165 12 226 161 6 230 205 34 200 12 62 26 102 118 156 55 18 72 15 170 122 18 6 189 75 82 51 36 143 20 253 168 25 20 5 189 9 16 221 24 8 238 67 73
226 5 221 163 16 8 147 20 79 191 147 161 5 65 135 73 25 239 219 206 106 140 68 170 10 249 80 115 9 16 106 113 73 108 49 15 103 4 27 24 29 26 13 184 204 238 237 25 146 91 55 167 97 5 6 46 116 78 28 5 168 138 85 54 142 8 140 63 22 253 5 188 119 197 142 216 97 28 203 18 190 174 158 190 236 128 145 100 202 126 23 20 128 216 105
254 174 25 16 203 55 110 23 54 39 12 71 43 138 31 196 192 24 27 67 28 27 137 168 101 186 146 14 238 239 223 20 14 196 27 138 16 23 80 55 80 96 106 134 203 206 242 209 133 141 8 86 26 13 160 201 220 58 246 126 17 4 252 18 23 13 42 7 27 9 6 168 196 145 253 74 135 58 223 34 132 14 246 229 242 57 34 37 169 176 17 20 14 7 63
23 147 132 138 110 5 173 36 67 169 113 25 64 151 74 41 31 32 163 229 161 183 15 21 12 60 22 167 205 234 27 208 11 57 206 114 27 138 155 229 1 40 193 43 131 150 91 215 90 86 26 178 252 232 19 206 117 29 141 106 24 117 250 33 70 129 201 101 43 239 239 20 76 81 15 8 139 47 7 247 35 10 166 233 148 100 51 17 121 144 66 4 24 190 220
236 22 141 9 16 80 6 241 141 72 202 55 16 192 248 250 219 113 163 82 77 16 177 18 60 114 202 128 16 231 4 72 31 38 214 149 10 186 14 162 247 169 201 221 4 92 220 47 59 166 24 201 197 48 203 14 182 157 24 241 125 107 179 201 18 69 21 21 10 7 43 242 28 12 8 61 84 179 244 28 124 163 27 55 208 95 27 27 14 23 8 234 95 248 136