30 91 7 23
117
206 195 60 156 78 119 196 147 115 134 128 137 138 80 72 172 184 169 150 135 78 75 162 88 164 64 0 106 170 228 205 69 38 176 255 118 59 199 87 152 103 74 222 164 0 5 245 137 28 65 74 225 8 35 147 30 151 94 134 24 11 152 94 31 73 155 248 125 218 151 71 133 0 230 77 57 136 0 120 166 120 123 17 207 188 140 74 62 207 48 113
92 41 88 160 93 207 199 20 109 67 0 184 121 121 132 165 110 56 90 100 77 160 144 24 32 145 172 203 140 0 160 167 41 172 91 63 28 105 209 44 8 166 145 161 250 38 30 144 62 136 46 10 20 236 50 46 236 76 142 61 158 108 25 14 72 25 238 49 4 243 250 0 206 158 0 178 104 229 22 101 160 213 29 180 28 69 128 91 203 85 39
59 176 230 251 155 223 1 20 245 59 39 112 130 116 142 149 98 144 41 112 0 204 0 55 190 106 87 241 117 55 180 2 199 193 214 142 125 169 182 92 106 67 33 64 146 244 199 235 204 173 229 198 166 218 33 244 212 218 32 36 0 222 238 30 247 103 47 200 191 159 0 38 171 204 22 78 108 191 154 72 219 224 155 12 0 172 72 44 96 161 0
238 95 230 2 235 48 61 161 119 23 170 31 102 71 7 85 143 163 82 108 94 162 0 60 112 15 99 148 130 45 97 208 149 98 54 136 6 76 176 4 205 123 75 16 174 205 181 194 138 170 131 30 103 20 180 84 46 137 181 203 89 228 152 159 105 254 52 246 93 84 223 80 253 157 206 218 158 131 200 156 14 154 131 172 158 89 97 184 189 70 46
122 44 253 137 77 74 91 160 35 73 169 60 39 209 14 98 91 158 0 9 77 189 127 0 1 95 43 0 91 0 0 71 163 12 28 190 107 131 237 134 213 245 88 125 57 163 29 72 74 149 125 33 79 65 121 93 216 206 50 104 1 245 52 116 204 163 85 155 13 240 71 69 106 44 250 163 189 125 180 25 134 157 224 87 155 16 31 2 203 177 222
204 44 121 204 127 9 109 67 120 61 204 175 213 183 130 156 57 27 29 176 93 122 203 13 151 96 115 101 70 88 66 6 46 71 39 79 78 9 154 98 31 70 164 197 200 213 253 252 178 84 159 30 246 37 51 162 0 71 113 147 191 19 0 125 177 151 213 168 226 34 85 4 161 189 196 73 150 75 252 131 142 118 163 165 111 43 191 105 165 2 139
210 147 0 143 145 76 164 100 121 42 16 154 51 115 96 180 137 245 145 106 36 31 98 0 130 174 56 34 70 142 116 108 3 0 71 162 125 0 234 70 59 253 60 172 228 29 92 143 235 241 50 111 200 68 26 1 183 81 110 156 0 173 73 189 67 64 73 171 129 166 216 209 16 7 224 88 42 6 0 68 21 141 30 120 178 58 53 42 154 164 169
71 128 89 44 209 118 46 4 47 116 82 37 120 129 18 154 127 70 123 88 179 0 0 39 212 178 143 132 9 0 124 113 199 158 96 60 43 99 141 50 115 188 253 204 133 14 20 99 170 246 63 34 0 175 34 87 20 119 78 167 72 102 65 61 36 39 188 10 13 142 31 102 224 147 74 125 191 23 242 62 43 10 230 27 24 117 158 217 239 3 255
171 47 146 6 45 254 55 27 223 7 243 126 84 190 67 208 147 2 137 95 128 78 181 44 84 189 105 173 107 5 125 112 16 193 17 131 0 85 200 118 125 102 210 84 33 115 4 185 182 13 241 20 27 15 94 1 17 102 109 65 110 53 49 35 188 1 107 246 48 117 179 138 159 36 13 189 211 239 137 87 52 144 134 184 141 75 255 39 146 121 224
17 190 97 154 184 17 80 207 215 80 0 197 183 125 82 137 131 7 162 45 160 202 194 109 114 56 21 58 135 21 6 118 2 116 108 8 85 124 59 23 14 64 79 0 48 136 160 247 145 65 67 125 120 11 126 141 118 66 220 206 106 225 235 172 129 77 40 43 103 183 21 60 173 244 220 252 192 10 7 229 113 180 123 164 195 210 53 23 131 227 233
177 149 156 230 68 140 223 159 172 48 89 143 143 11 124 14 140 0 177 123 54 175 168 103 222 21 39 251 190 189 223 108 8 132 81 197 45 45 145 106 11 125 176 155 158 39 7 7 144 148 58 221 37 96 162 120 100 74 174 9 148 156 142 39 112 147 0 151 209 22 99 82 47 92 170 154 118 159 201 10 80 108 241 160 114 99 205 83 91 71 200
149 108 19 52 117 193 197 4 138 104 74 4 142 54 2 0 161 195 93 124 98 98 9 74 22 21 165 119 97 164 32 148 122 89 122 83 26 197 145 85 131 214 113 199 42 59 60 206 98 1 196 138 66 28 58 38 6 46 201 135 141 247 61 255 117 12 167 122 181 99 69 25 254 184 200 162 185 16 238 59 148 0 163 145 70 155 82 33 197 82 232
131 63 7 159 23 192 162 100 84 34 196 21 69 77 0 51 88 11 84 153 146 157 204 143 160 18 6 116 195 89 115 39 202 82 2 60 57 51 117 180 160 227 131 247 125 95 226 9 65 136 164 86 153 96 96 231 142 208 89 15 173 92 115 140 25 34 219 14 103 157 239 223 40 192 49 194 213 148 101 3 189 58 17 105 180 75 52 125 118 229 250
84 54 42 13 11 0 181 3 210 94 91 0 47 213 2 175 14 250 193 99 126 176 39 179 202 186 197 106 164 215 67 148 169 151 89 0 144 103 111 91 25 244 188 238 205 184 90 16 108 251 200 107 63 0 41 198 39 82 23 62 50 107 127 172 158 126 22 89 226 84 44 202 175 102 29 2 90 125 0 78 115 51 53 88 93 0 134 184 70 75 4
43 14 113 87 62 205 87 250 206 124 20 2 97 62 15 76 59 11 0 26 63 202 0 120 71 14 152 96 221 50 7 167 134 175 204 202 102 205 88 132 39 215 201 117 69 158 44 184 159 175 247 19 245 236 8 153 32 238 23 167 70 36 198 22 205 92 85 67 31 164 56 37 200 119 221 87 160 104 205 136 99 70 144 67 55 191 170 188 39 160 0
175 234 120 84 141 184 254 35 141 96 153 132 123 62 0 29 73 122 213 5 152 153 210 30 120 124 207 58 106 212 136 0 57 5 148 85 20 143 124 35 42 184 66 212 131 204 195 31 196 47 212 227 99 172 207 161 97 116 170 145 122 143 49 169 187 60 99 89 243 36 70 67 160 96 32 71 187 192 166 207 87 48 253 46 159 122 51 145 237 160 194
168 210 139 217 114 134 253 46 158 79 176 152 135 119 185 0 26 80 163 38 78 80 208 0 192 0 107 89 73 135 196 87 131 108 142 141 0 60 82 144 120 86 128 252 73 225 98 133 9 43 90 214 196 5 18 34 154 122 222 162 221 238 134 171 148 69 39 135 238 100 20 227 164 150 139 140 104 248 216 41 219 45 164 162 170 54 67 41 181 42 183
109 217 76 87 110 101 157 20 243 134 0 143 195 163 22 215 96 158 145 78 79 4 92 74 161 170 24 168 102 98 61 41 92 13 190 53 54 139 77 205 236 166 73 179 147 83 157 112 242 186 166 217 219 249 233 68 190 103 52 189 22 0 134 200 153 93 20 215 42 231 14 33 77 207 244 197 80 0 33 175 214 80 143 244 125 195 210 5 226 66 56
79 94 247 208 123 85 23 126 49 193 99 177 131 0 19 32 175 58 249 0 20 44 78 69 49 96 17 120 21 68 127 103 59 121 32 153 5 177 94 164 65 25 181 87 51 192 199 193 91 16 121 75 152 103 250 158 28 25 10 82 102 212 238 217 185 17 203 215 64 182 64 205 148 15 46 99 244 185 65 114 33 175 196 47 156 75 69 227 90 149 34
57 78 143 125 189 188 133 130 155 188 71 68 27 92 197 181 68 153 1 194 109 154 116 142 65 82 0 55 213 172 0 14 43 0 33 0 96 189 101 37 48 59 14 178 45 108 185 83 161 5 26 26 6 131 213 206 19 251 82 26 0 16 208 71 239 62 115 210 69 225 6 79 0 78 144 223 42 141 6 131 227 16 136 105 209 218 93 187 124 50 196
49 54 209 131 108 212 36 159 75 108 76 0 119 30 39 0 169 22 28 1 64 171 194 58 0 3 158 78 196 162 142 150 211 112 210 0 28 19 80 179 107 28 57 28 117 75 66 61 44 187 162 212 195 191 212 212 252 7 0 11 33 204 151 146 138 39 157 108 217 216 83 185 242 195 138 20 104 236 235 142 43 113 122 16 9 19 80 247 142 49 253
85 80 166 36 27 163 96 37 234 95 118 206 85 86 169 34 223 0 142 180 226 188 22 158 146 61 59 168 213 0 111 139 102 149 45 34 46 0 181 63 47 0 70 101 102 62 12 137 201 59 2 232 8 0 100 92 110 173 156 28 82 164 99 55 139 118 104 42 87 67 0 129 105 224 173 115 138 210 108 57 138 25 28 49 64 57 26 5 149 234 208
197 179 73 61 47 0 136 7 139 100 102 189 20 230 90 128 75 41 184 141 94 76 214 23 22 211 254 177 172 187 149 29 178 27 130 100 16 66 80 176 250 40 172 90 148 185 156 139 116 17 0 135 191 16 92 0 112 127 73 40 228 105 3 129 201 197 107 80 75 56 85 106 207 145 138 69 175 165 19 1 41 42 186 53 207 156 46 8 156 42 32
195 26 109 85 34 175 212 187 135 10 73 43 119 155 90 21 148 101 138 228 70 101 190 63 220 185 90 247 171 79 14 180 150 173 215 221 58 131 166 32 83 22 135 12 15 48 63 210 142 175 94 181 187 217 132 38 40 180 11 149 110 198 237 189 97 79 0 145 162 132 201 26 227 199 87 51 237 0 28 135 129 191 161 34 79 119 130 228 36 137 87
0 163 186 205 6 190 238 25 169 88 10 74 3 139 0 24 24 220 30 216 95 0 109 157 150 19 78 117 67 81 131 80 98 127 6 126 13 9 144 2 96 30 37 112 245 131 130 197 194 123 145 185 22 23 62 101 127 227 148 149 174 16 138 194 17 84 28 53 143 57 252 148 41 206 10 179 201 87 65 148 191 212 169 20 202 65 24 74 195 40 215
230 201 58 191 117 86 28 135 248 131 146 229 49 82 228 152 205 214 13 209 133 62 18 11 139 218 92 23 90 166 15 132 113 59 199 192 149 28 162 126 171 43 199 12 207 194 76 135 31 223 70 99 226 1 0 46 100 186 91 147 6 170 5 146 171 170 15 109 206 7 29 3 25 145 121 91 175 107 53 55 22 161 120 67 241 233 0 34 240 103 82
17 131 53 228 240 157 255 184 220 132 93 100 94 6 176 73 178 206 218 253 189 9 16 192 143 186 202 65 189 177 141 119 227 3 95 235 210 249 71 174 154 189 188 175 79 171 123 97 179 200 214 167 52 101 75 18 71 0 111 25 12 124 124 56 69 143 49 7 226 23 13 56 224 64 208 226 14 41 214 66 5 186 242 196 124 84 66 23 95 176 102
87 237 69 192 80 92 163 252 149 227 173 69 64 163 185 222 196 218 154 109 139 219 175 94 75 12 160 213 71 111 52 172 19 177 159 28 0 90 235 8 46 244 1 32 60 203 145 20 121 41 206 48 224 247 62 92 72 133 229 236 206 83 140 96 137 60 214 207 39 96 150 0 244 56 216 183 218 90 71 169 148 247 180 25 245 197 33 243 27 21 171
7 191 10 200 199 255 68 84 48 25 246 112 158 18 195 25 245 20 0 17 27 233 240 226 37 32 61 237 34 224 80 79 149 73 9 247 30 128 78 199 128 28 0 5 23 55 164 59 72 38 83 17 48 236 194 119 60 174 116 72 13 244 66 54 3 87 31 33 215 192 145 145 120 78 175 138 19 116 215 131 139 66 0 57 178 70 253 95 209 104 85
19 88 81 20 213 74 6 199 175 64 207 130 234 85 197 1 1 15 47 215 158 153 4 147 199 211 147 251 62 41 185 63 206 102 64 143 160 115 68 0 89 89 56 68 241 252 135 153 119 88 180 9 164 44 5 82 0 185 182 15 0 180 179 254 70 8 98 135 26 198 186 53 180 64 246 120 67 240 130 197 233 157 80 113 109 245 250 92 113 216 14