73 86 23 53
50
239 118 107 253 62 36 203 2 103 137 123 101 174 208 2 228 141 5 60 175 139 107 133 117 104 242 144 155 98 28 166 154 152 188 151 171 201 53 16 68 123 251 13 108 54 244 117 177 25 251 63 228 232 40 151 92 214 234 53 185 32 46 94 114 125 118 170 159 237 70 51 197 102 156 165 221 228 119 41 176 109 243 131 115 20 207
234 27 110 96 99 29 114 44 125 134 160 109 188 215 69 229 233 194 138 166 106 119 207 211 112 53 137 130 227 111 8 128 101 226 127 209 141 12 5 182 68 10 209 172 7 0 172 118 87 132 121 110 190 129 233 116 238 186 84 216 109 138 181 141 61 16 48 129 100 111 20 17 153 160 162 187 46 123 169 12 91 174 112 101 116 92
134 172 7 112 176 164 108 137 25 116 165 129 208 87 125 39 28 35 49 48 101 125 131 88 107 8 49 109 93 118 63 7 186 126 53 74 172 163 251 83 181 91 157 83 187 86 100 154 134 128 137 45 107 209 35 18 126 65 5 6 89 6 98 119 133 102 146 86 213 162 141 201 248 31 174 177 32 230 200 209 91 53 155 94 187 136
106 173 10 201 117 213 29 89 7 214 166 105 207 24 137 9 114 76 139 161 250 230 111 87 76 75 149 164 118 238 72 119 100 191 187 182 3 129 115 101 40 70 102 180 178 68 229 186 190 111 122 25 141 241 164 141 75 137 213 158 91 153 13 111 162 172 141 189 250 52 18 122 109 35 105 231 196 57 133 16 153 102 73 248 107 58
153 149 139 68 104 235 108 178 223 113 93 2 13 180 109 206 10 21 116 107 56 91 162 241 220 140 187 246 56 105 203 134 211 149 169 176 189 124 21 125 124 56 237 133 170 231 5 106 245 146 131 46 223 216 138 164 226 177 142 145 190 11 246 43 184 137 182 189 234 247 177 115 23 142 229 200 155 190 176 141 229 201 196 105 125 228
151 32 177 142 90 13 230 124 18 7 251 134 7 12 84 202 158 94 29 207 241 143 185 167 193 227 60 180 229 157 61 137 134 186 21 194 174 172 247 94 237 9 103 49 108 81 177 226 201 234 29 115 41 81 114 160 92 50 224 238 122 156 188 39 21 184 145 231 91 85 20 163 13 108 162 109 117 116 176 224 45 132 203 174 116 105
117 234 82 251 169 160 69 64 248 54 160 130 242 22 22 87 82 216 138 7 179 243 156 185 122 138 47 169 77 165 170 178 213 149 6 27 83 182 124 98 66 170 76 135 69 228 234 133 130 231 45 186 171 6 161 162 33 174 81 130 96 8 124 235 8 140 138 230 24 74 136 246 194 146 30 147 153 169 136 213 215 134 75 252 144 32
174 228 39 226 53 94 171 9 226 197 148 60 144 72 97 181 211 148 117 134 150 66 10 242 68 122 124 83 144 91 95 169 223 248 115 67 216 46 146 161 163 134 249 135 251 192 232 2 49 168 221 41 121 195 23 149 91 104 120 146 84 131 119 137 146 91 205 172 164 236 163 255 10 168 46 110 2 234 153 220 67 245 108 11 148 83
165 141 184 140 21 207 240 179 108 67 206 129 60 230 43 88 140 208 237 248 133 210 114 180 35 33 14 201 106 120 168 139 60 172 209 3 147 186 203 250 205 46 239 53 9 151 197 136 87 141 173 4 118 138 154 229 92 129 205 214 211 71 162 243 134 146 232 175 131 160 183 60 129 255 81 110 174 137 72 135 147 16 133 175 137 177
199 99 201 58 119 135 115 124 137 3 195 123 204 48 231 169 220 30 8 149 168 230 14 43 116 203 70 128 201 197 157 98 226 168 184 217 114 92 126 112 70 18 97 110 192 29 245 109 35 156 112 98 176 179 208 95 73 87 105 240 97 213 121 73 235 12 116 95 71 183 131 111 21 29 96 242 114 141 163 91 124 93 230 163 85 113
145 67 159 187 100 68 139 248 99 14 190 179 99 135 165 18 50 111 249 142 230 25 135 217 90 115 178 227 209 227 125 169 76 28 203 143 202 232 46 59 28 95 75 41 232 124 217 35 96 229 249 142 171 213 182 200 170 125 158 109 248 15 147 142 185 116 56 183 43 168 150 113 103 39 149 109 76 121 97 74 184 45 77 97 226 31
134 5 221 21 17 106 104 101 60 61 241 84 228 145 254 107 121 140 42 129 147 185 225 183 205 179 177 132 103 56 169 145 21 114 176 151 90 184 181 147 110 189 199 49 200 183 238 46 113 131 15 145 144 181 121 246 216 239 113 122 54 63 216 104 77 73 45 54 158 104 60 206 42 53 91 12 228 243 204 232 185 206 238 48 133 89
71 17 50 249 148 105 214 192 96 126 16 31 24 120 106 25 21 225 164 203 98 48 146 82 142 153 185 65 110 210 38 71 67 119 162 221 168 6 77 94 0 166 152 23 63 201 114 240 202 16 196 147 233 247 106 214 67 117 243 253 207 58 169 200 158 117 116 33 99 86 63 173 153 138 164 133 79 9 101 20 63 100 40 142 3 17
175 124 31 178 95 31 93 33 47 131 114 222 150 92 96 39 23 166 43 148 176 98 187 164 2 91 176 155 123 80 39 172 4 240 108 253 52 134 129 59 249 101 74 84 145 155 165 89 101 105 133 203 249 194 14 22 69 192 115 108 123 36 103 130 180 203 101 117 27 78 223 134 189 97 79 150 95 145 23 127 154 69 131 238 68 100
113 143 149 110 105 154 224 145 27 103 212 210 151 61 227 157 8 35 54 156 98 29 17 239 165 192 35 207 114 177 61 19 33 244 94 86 201 41 106 226 111 226 148 8 201 172 89 146 182 40 134 251 173 3 26 142 67 118 50 140 217 11 114 13 65 229 247 40 7 128 94 210 126 225 237 240 34 46 164 32 93 192 24 168 104 87
123 212 138 128 177 46 238 185 25 56 159 227 109 179 234 166 211 169 196 159 144 241 244 255 139 105 152 14 158 128 195 168 3 151 240 213 91 146 117 189 143 170 75 176 15 132 196 23 43 118 98 49 43 219 154 8 13 118 117 49 176 213 31 179 132 175 9 230 125 69 97 124 46 239 104 15 128 207 206 86 135 92 171 108 167 248
95 9 133 123 81 4 186 40 190 106 147 64 103 253 80 220 123 84 11 61 162 212 210 24 202 130 152 197 119 23 41 141 92 181 67 93 160 106 6 11 131 124 93 19 172 112 99 174 70 66 17 146 169 59 139 167 77 110 5 212 141 157 81 238 139 247 170 105 39 143 84 232 39 158 18 178 152 216 0 164 172 97 94 160 253 50
218 248 114 121 138 170 5 251 165 66 135 58 93 169 105 82 230 89 126 124 140 16 130 167 2 97 111 41 173 135 108 129 107 194 249 38 32 123 156 216 99 103 62 167 214 230 183 30 94 251 100 167 150 144 106 26 44 65 222 93 179 33 166 21 232 10 109 23 136 17 236 178 23 183 123 10 23 100 227 203 63 126 156 93 227 165
57 201 183 16 31 156 199 44 149 164 15 107 0 251 224 118 94 179 69 26 229 213 75 175 204 185 242 128 229 159 112 139 117 183 52 95 83 182 243 252 100 227 206 11 254 129 98 251 106 122 171 223 218 153 173 59 210 223 86 83 113 17 106 129 114 214 151 1 23 108 21 72 65 157 212 11 55 99 140 143 94 226 167 168 140 244
45 69 167 89 203 88 90 135 226 127 19 88 167 42 181 174 118 137 104 144 243 7 7 1 78 97 252 223 248 172 152 15 108 124 231 23 255 25 66 91 87 225 141 158 77 158 106 22 18 132 120 170 115 146 22 122 91 136 101 116 174 172 55 85 54 170 82 208 201 179 168 152 159 160 232 169 58 132 133 60 67 62 146 139 249 214
228 130 233 8 27 163 12 190 70 200 129 55 42 148 52 106 126 69 138 142 132 171 141 234 86 132 152 114 132 81 13 233 17 252 168 6 127 175 166 148 219 181 119 153 165 157 172 130 114 118 168 130 178 65 172 170 142 155 79 186 183 15 178 250 247 110 5 87 181 127 232 38 245 21 83 242 142 23 129 116 198 129 132 49 88 126
197 249 187 38 0 204 59 200 234 224 79 134 164 166 99 156 17 35 225 128 69 139 10 117 13 235 160 161 81 174 28 44 115 133 156 72 251 175 117 121 200 171 119 150 175 190 250 83 115 88 106 108 91 175 164 140 142 137 84 82 210 207 17 91 174 147 134 12 47 128 195 148 116 115 191 158 219 240 150 114 184 28 179 44 83 48
255 86 61 105 151 150 113 84 254 156 129 110 57 91 61 123 30 152 0 127 159 171 115 0 137 102 208 76 239 49 144 135 176 180 84 103 51 49 99 73 252 126 164 3 197 18 8 47 130 133 158 118 133 135 97 120 161 166 85 106 102 127 115 70 23 59 247 61 205 100 164 109 84 90 114 143 159 105 22 174 75 110 112 121 131 47
152 80 150 152 200 216 100 148 19 82 181 93 96 167 115 176 171 68 126 80 178 146 143 67 92 162 120 123 56 85 133 133 153 149 4 136 213 73 170 48 201 116 91 125 141 22 76 114 101 229 128 121 164 100 89 171 118 159 226 187 121 143 24 9 223 227 101 170 184 130 142 97 10 55 138 88 115 172 22 68 109 248 19 94 168 121
134 174 84 18 77 132 190 240 110 143 83 116 136 22 29 214 130 118 108 88 152 225 71 32 79 125 123 104 18 199 171 32 89 242 88 98 180 174 129 21 180 151 121 21 170 86 44 107 245 167 168 117 171 133 100 143 183 163 190 84 130 127 155 240 134 37 42 218 173 234 250 13 189 146 182 238 55 73 16 99 48 158 39 22 194 225
169 146 172 178 69 63 175 166 11 87 154 137 106 154 227 106 116 182 44 167 188 126 153 200 58 108 193 30 112 111 207 132 0 142 196 18 98 154 178 28 93 171 253 53 137 57 77 15 220 143 77 39 157 156 154 196 121 130 34 144 121 199 133 219 110 110 98 179 170 39 154 142 233 128 140 179 173 156 51 184 28 0 206 120 19 111
124 41 144 148 247 149 106 173 139 11 255 202 202 98 89 174 32 184 99 34 175 182 129 199 232 38 140 113 238 188 52 107 83 213 140 198 224 129 128 246 145 139 48 136 119 32 201 220 202 140 131 148 88 89 83 168 135 101 149 38 101 155 13 114 203 13 250 242 87 138 189 150 206 132 89 130 227 188 190 235 25 199 74 121 167 102
29 5 89 130 148 96 187 171 164 80 176 28 179 70 74 255 105 0 173 30 3 33 103 134 152 58 23 172 140 171 205 112 111 224 105 13 148 140 84 24 95 217 162 135 95 172 75 214 234 94 137 122 149 83 142 105 166 140 152 142 204 111 63 175 62 131 218 99 120 172 105 193 137 244 161 55 210 216 229 236 200 116 242 114 171 173
131 180 112 14 208 79 8 19 163 112 88 129 132 159 196 151 168 89 67 168 45 33 235 164 146 186 158 27 159 157 233 126 252 158 209 113 89 149 144 90 157 96 20 34 179 201 119 243 164 92 7 204 246 132 32 146 214 196 190 160 156 164 129 136 103 125 159 86 139 131 165 100 172 169 65 146 151 7 238 45 147 140 84 54 164 102
112 124 90 115 240 144 130 232 92 27 193 131 105 210 238 135 175 228 100 206 17 106 128 95 39 85 45 151 131 222 98 134 187 171 175 131 99 195 229 171 231 188 204 28 86 73 201 253 106 150 228 201 62 50 135 101 104 137 255 167 188 113 156 16 228 171 14 61 89 135 218 37 90 57 84 97 119 98 113 155 176 159 129 73 9 100
187 82 205 226 40 30 136 180 126 107 65 123 161 116 253 105 87 227 108 63 130 73 58 151 116 118 41 112 154 61 171 105 217 55 103 43 129 110 178 206 147 205 185 160 151 122 182 5 33 172 157 132 9 205 203 178 185 117 64 88 148 155 38 35 158 192 63 187 89 91 214 5 179 184 118 145 178 118 107 92 74 112 243 175 250 117
102 177 173 91 36 183 135 58 129 52 133 253 122 168 131 128 67 42 15 123 86 108 105 224 115 68 88 168 112 136 168 235 138 187 143 52 137 94 183 158 16 8 89 217 225 226 179 37 163 102 107 94 84 153 45 147 78 113 9 39 235 77 102 119 176 20 18 177 184 243 42 115 73 232 2 64 50 131 216 64 183 166 46 126 81 44
122 224 174 203 71 47 211 14 234 136 127 86 62 185 64 241 87 114 56 138 100 153 29 134 180 111 171 156 13 140 218 232 132 157 123 97 31 149 96 75 86 241 247 49 19 97 102 99 100 164 205 85 13 106 76 76 149 82 80 159 78 211 216 101 56 116 32 112 96 201 210 127 137 101 0 12 67 7 225 72 128 111 198 38 28 73
166 81 98 127 20 168 52 95 4 155 2 51 96 107 8 138 40 42 118 126 48 150 231 96 236 205 84 50 211 164 84 24 160 152 177 186 34 96 108 132 169 153 244 117 59 135 160 185 187 236 121 56 214 211 141 19 164 37 24 137 192 211 225 134 60 162 172 43 172 77 74 176 239 126 133 17 156 27 145 116 139 65 70 129 125 60
151 54 176 143 88 113 164 227 73 196 245 117 105 127 85 13 126 15 105 112 135 172 119 237 160 167 55 107 170 101 164 183 111 169 189 140 146 130 246 210 189 114 163 215 122 122 85 106 127 108 230 119 17 156 147 39 117 247 114 7 243 90 113 65 54 177 142 4 3 185 162 69 131 242 124 209 136 20 212 133 167 138 91 247 90 93
255 108 7 56 242 39 34 144 181 120 151 232 139 173 124 143 42 71 20 228 48 212 80 6 22 156 8 10 52 93 70 133 182 233 240 115 136 185 85 114 66 160 209 173 185 89 146 213 186 199 37 84 144 112 145 158 150 29 26 208 174 222 91 67 119 105 177 243 171 101 199 92 134 148 124 7 168 250 17 90 152 143 204 84 100 118
60 147 173 100 69 154 24 136 102 81 205 128 126 178 62 35 49 174 39 203 242 132 131 120 153 155 246 118 30 234 117 61 81 255 193 176 130 134 226 224 37 109 189 26 169 129 198 252 100 40 14 232 194 145 118 241 196 97 105 96 157 186 57 138 243 44 53 147 99 78 173 213 125 129 45 159 60 135 164 241 169 183 205 193 98 113
93 255 188 121 59 250 146 76 112 125 126 252 9 97 69 136 8 245 232 157 128 49 34 96 230 71 143 89 121 28 162 148 154 73 146 72 68 49 88 239 70 160 98 132 127 114 165 202 65 67 171 224 40 101 66 198 42 134 179 140 179 91 98 86 170 173 110 96 173 128 246 242 195 144 224 170 195 114 50 8 163 247 142 79 115 143
184 176 173 177 177 225 94 64 128 247 42 91 158 166 70 71 224 143 171 147 115 125 93 231 128 111 109 11 27 6 124 185 74 221 209 55 249 1 108 87 34 69 250 122 159 248 76 126 127 216 158 36 83 159 235 32 46 226 7 127 44 19 179 139 42 4 238 117 52 71 172 109 79 84 138 76 243 25 135 65 163 194 203 171 22 151
7 33 88 100 77 166 139 25 127 106 141 20 8 171 167 124 42 197 153 125 152 183 49 197 133 152 142 179 130 132 210 140 203 32 154 167 122 197 93 139 91 161 112 28 110 146 204 179 129 136 102 239 71 212 105 225 103 40 41 73 147 135 198 163 81 8 200 162 99 137 194 207 177 191 199 229 142 133 197 47 251 156 116 41 195 19
127 91 101 148 57 124 9 153 124 228 3 90 167 183 124 179 147 130 134 157 174 192 14 230 155 212 125 178 162 167 248 62 185 110 85 91 155 70 231 203 134 73 45 133 245 153 144 71 110 61 177 211 81 133 122 75 154 211 108 125 14 195 127 52 85 113 22 206 158 234 117 17 58 212 45 224 237 176 208 56 176 114 46 125 249 26
43 108 76 202 87 193 215 108 104 202 133 236 244 182 159 149 102 228 4 6 156 75 181 73 18 204 105 226 74 43 121 168 253 227 89 73 24 144 172 160 222 234 127 128 151 23 100 204 91 175 63 159 14 51 30 136 21 204 225 214 236 47 134 187 97 221 140 195 1 86 181 93 233 243 124 218 114 241 169 187 203 31 31 122 68 124
153 35 163 82 39 210 207 105 209 181 229 109 217 123 6 112 126 129 191 56 219 75 96 230 72 158 109 87 137 163 82 255 115 183 3 89 215 129 50 117 91 164 170 53 87 6 118 183 182 166 223 106 92 196 103 151 139 123 129 107 151 187 0 241 100 55 142 112 127 169 62 63 133 231 72 143 228 136 170 93 133 107 100 137 129 239
30 159 216 139 240 9 137 10 109 51 239 133 243 178 89 252 123 250 102 107 244 226 149 78 138 117 180 179 181 245 176 126 29 253 235 173 131 111 193 223 138 254 15 180 201 96 188 32 57 216 155 180 212 144 114 110 179 169 188 206 133 125 140 189 252 134 25 30 164 226 141 179 183 97 154 135 129 96 83 126 53 132 255 244 15 151
83 155 133 191 68 143 104 179 22 28 110 8 145 179 113 192 127 63 240 101 47 113 238 188 73 88 252 215 55 81 129 218 50 65 228 197 152 28 133 206 135 227 115 28 85 245 100 84 152 100 182 122 235 224 232 164 56 73 28 76 88 177 17 126 40 103 207 167 235 183 27 156 77 47 154 205 232 76 200 86 137 27 115 153 199 244
213 192 46 106 98 177 91 238 208 239 86 10 59 211 208 99 93 176 124 0 212 162 7 136 113 135 76 31 189 247 33 99 104 213 121 201 75 194 75 248 227 233 226 196 96 195 59 189 168 121 51 149 247 53 172 187 96 174 149 128 63 133 172 203 74 194 183 91 205 189 15 84 42 159 83 143 241 165 164 160 201 91 7 65 54 204
192 135 190 213 136 138 213 97 198 176 152 224 25 107 120 119 47 253 168 147 126 232 234 131 225 159 179 128 97 144 232 43 215 237 196 167 111 147 34 106 108 48 185 115 167 5 105 246 35 188 192 245 62 21 209 61 69 141 151 11 227 12 117 26 185 83 87 170 244 89 154 172 229 205 109 53 178 104 153 29 217 9 168 81 7 74
183 84 223 87 192 213 115 88 85 42 119 155 160 118 163 150 167 210 16 40 196 148 23 197 56 20 139 26 137 149 92 116 163 106 95 250 201 144 51 89 223 144 80 106 97 184 153 80 127 72 191 131 208 112 68 24 161 252 121 123 158 175 130 169 42 113 116 183 1 133 231 250 162 238 222 168 128 174 160 181 162 182 44 121 48 118
164 95 211 196 160 209 41 110 119 115 106 184 228 125 15 70 127 97 12 104 198 80 191 195 18 126 100 19 240 13 194 122 10 141 133 109 116 65 16 138 107 41 91 93 248 129 65 141 24 26 114 165 188 105 57 1 164 30 141 227 174 36 15 180 210 133 62 29 134 45 112 61 86 133 190 140 169 179 128 67 37 131 160 116 220 95
33 115 214 230 87 88 146 58 98 150 171 137 98 58 135 152 4 164 217 63 227 145 43 95 222 189 16 114 83 133 125 163 85 94 158 170 43 233 224 168 134 44 137 119 183 52 126 133 193 59 253 130 8 80 158 158 243 176 139 232 227 53 93 149 85 97 157 148 121 138 205 36 186 108 189 221 135 100 13 98 157 90 62 114 176 254
87 13 65 170 149 38 133 69 124 167 163 56 8 85 134 107 174 252 44 45 70 245 61 52 222 105 127 129 169 102 11 71 102 169 156 94 35 9 43 42 25 25 42 139 213 238 142 157 54 180 48 113 217 225 242 76 229 106 158 162 228 55 122 39 168 247 137 106 235 147 103 94 36 237 145 169 63 171 189 36 80 58 174 101 20 51
55 140 137 83 155 146 97 183 147 114 171 151 196 218 83 130 144 166 133 203 64 53 170 104 97 242 176 128 135 23 187 92 102 182 122 105 17 101 132 106 114 108 127 190 16 87 156 55 178 163 201 16 27 206 252 129 143 122 43 45 205 22 169 111 162 80 228 122 52 164 60 124 218 161 106 173 123 201 160 99 148 198 140 34 52 103
232 178 55 243 88 46 156 107 183 94 146 73 126 132 26 175 45 240 5 62 163 76 126 98 199 137 69 172 153 138 120 174 134 126 119 249 100 118 168 216 216 123 179 203 154 84 91 137 108 27 109 152 94 41 101 224 80 167 207 203 147 166 15 244 203 174 146 64 101 92 255 120 180 69 211 217 27 77 76 94 192 74 138 124 113 216
0 9 168 126 195 71 158 144 104 30 142 26 94 206 164 248 194 251 163 73 51 91 58 173 84 166 97 119 105 225 26 146 181 1 161 65 142 174 154 147 244 78 31 87 166 143 232 133 145 80 35 10 219 126 6 79 85 105 172 178 86 170 193 233 104 198 38 222 47 234 167 196 11 158 199 230 225 107 123 144 215 121 93 234 71 198
91 8 35 248 92 118 227 172 107 103 244 36 223 54 100 177 16 210 60 35 115 173 128 204 24 192 159 212 244 217 13 52 149 86 79 117 181 235 232 70 190 86 230 32 117 162 28 231 213 110 226 205 149 205 119 166 1 122 149 99 105 153 180 154 72 24 155 241 28 239 23 107 158 157 211 233 42 245 138 144 37 111 190 227 210 187
105 154 35 87 88 230 148 212 143 157 16 99 124 117 32 96 83 68 169 160 231 218 230 139 164 160 155 129 116 191 122 187 136 18 117 113 211 162 34 62 146 227 235 196 106 200 69 86 224 109 23 19 122 154 1 27 105 158 187 191 130 207 98 106 106 55 80 4 110 153 231 35 42 97 52 222 166 11 122 110 141 171 13 149 102 171
251 4 248 134 177 212 170 178 98 151 218 128 226 192 22 208 105 20 30 163 169 106 59 31 172 75 208 224 54 85 224 130 118 101 187 49 253 68 139 80 99 135 180 201 118 97 34 116 96 194 198 114 122 99 182 49 35 87 160 169 5 62 174 12 80 71 172 96 228 220 172 141 72 3 40 28 84 90 32 101 132 88 152 104 6 177
116 193 159 94 157 181 46 112 111 0 144 246 248 71 27 87 180 76 13 12 128 76 237 143 234 202 248 189 79 130 24 137 189 114 15 52 99 171 154 215 206 217 127 158 37 134 53 68 194 148 125 130 127 40 141 26 169 41 2 209 4 153 130 169 13 123 162 59 52 62 61 251 56 128 249 218 108 115 255 215 155 61 121 7 50 187
158 143 133 6 129 209 38 119 25 88 165 94 125 184 54 85 173 130 38 248 36 163 113 181 207 108 116 95 192 137 113 115 67 233 114 112 183 87 233 232 155 86 172 128 190 252 163 113 110 192 151 100 172 62 81 74 85 20 98 120 152 123 151 145 90 102 166 180 230 27 18 113 202 186 156 2 215 220 198 250 73 87 242 150 114 11
220 104 138 152 81 175 33 233 219 47 1 252 11 96 101 114 92 136 150 247 126 136 109 115 106 241 205 59 23 34 175 179 113 69 45 167 241 20 106 152 5 57 136 33 36 155 133 174 245 72 245 78 196 170 4 184 6 132 131 206 90 106 150 72 140 233 157 40 77 183 218 167 164 84 71 219 141 178 27 16 235 153 228 26 74 209
144 245 212 90 249 233 123 219 66 200 112 242 105 181 201 130 166 107 21 36 203 225 201 89 44 91 166 58 66 226 225 231 85 157 7 143 154 213 121 118 13 90 98 169 0 165 74 79 150 27 186 162 130 52 226 149 203 178 126 29 224 103 109 232 124 50 86 189 215 239 86 133 98 194 96 49 177 214 27 57 116 105 170 38 153 162
141 227 154 153 123 69 253 41 217 60 54 91 25 90 96 148 105 175 231 202 137 179 37 142 102 125 150 150 138 103 73 217 202 179 5 12 203 21 129 232 178 89 235 242 103 127 95 113 97 85 1 243 36 115 12 86 23 36 187 235 160 40 194 108 120 247 12 195 186 16 193 249 170 225 128 91 247 89 121 242 242 82 19 66 108 184
82 78 38 111 182 148 105 130 191 135 125 183 178 34 196 16 3 135 228 91 179 89 157 201 220 205 104 226 178 144 6 102 70 97 231 182 98 174 97 133 3 171 153 156 68 5 149 51 162 128 52 194 224 138 131 106 113 117 100 134 196 165 107 198 241 165 233 32 251 86 122 133 57 72 205 112 133 50 186 98 168 130 111 44 103 235
112 90 156 130 113 89 112 9 83 71 76 97 147 174 112 206 141 39 33 90 26 26 125 175 100 182 123 125 94 124 144 175 22 214 173 161 101 98 37 25 191 39 232 182 165 232 203 224 88 191 24 242 146 160 121 57 42 105 224 209 205 228 186 241 30 171 231 143 27 166 47 189 182 11 143 239 114 164 9 148 132 144 112 152 46 239
219 223 129 107 192 34 81 98 126 63 182 107 117 199 143 4 144 171 178 9 43 161 175 187 111 247 200 62 132 129 146 174 134 133 153 11 189 122 157 114 68 179 173 199 92 171 233 153 157 167 152 38 193 160 106 38 165 133 39 220 96 182 206 202 28 142 211 181 140 138 73 103 147 223 95 246 97 223 119 157 226 171 36 156 212 119
172 46 163 96 86 227 94 136 136 118 148 28 55 87 167 99 222 137 37 213 48 107 43 174 199 14 71 25 149 229 114 90 173 151 185 78 29 86 35 106 189 39 94 101 148 133 229 23 159 99 2 226 233 38 77 50 186 100 13 3 73 191 122 189 220 174 98 107 101 52 86 191 80 82 106 225 208 87 178 166 187 94 140 207 202 99
210 78 119 59 30 130 168 52 2 207 15 183 242 158 247 175 179 169 143 204 33 178 216 140 82 223 155 32 6 191 144 145 216 102 118 68 86 142 123 99 39 117 156 114 119 170 21 184 99 212 85 147 164 70 156 104 122 89 115 198 46 243 140 192 61 107 218 0 111 120 125 203 30 24 71 36 114 92 159 46 124 114 85 135 125 156
69 245 39 24 181 86 74 205 17 107 84 100 135 210 6 93 132 167 170 238 125 24 93 177 93 252 132 21 100 55 85 46 158 32 222 150 233 153 32 167 107 131 93 68 118 143 249 158 172 209 72 250 176 15 101 110 103 208 108 100 44 84 32 144 215 132 71 117 95 216 134 174 253 166 152 223 159 115 185 188 202 249 195 133 210 16
123 24 138 130 43 202 189 145 239 189 172 156 210 115 147 163 51 223 27 185 177 93 155 60 191 87 116 209 105 115 18 102 244 187 87 104 66 149 132 174 160 165 27 217 136 227 220 52 245 23 119 90 224 171 62 120 180 101 1 184 72 113 14 101 153 73 181 93 56 131 120 129 226 176 127 84 204 107 48 162 80 103 240 60 114 119
90 44 146 115 94 152 117 92 211 25 105 149 73 240 184 79 97 209 113 182 82 101 112 36 94 104 234 93 87 175 248 80 118 194 18 137 242 134 1 159 2 198 111 144 172 3 198 118 19 103 61 227 134 110 43 43 109 157 83 89 115 184 162 156 98 141 74 27 153 221 224 4 90 155 132 104 138 35 119 187 56 47 254 22 176 126
249 12 118 199 87 40 138 13 232 206 141 48 205 141 33 242 218 93 171 177 151 40 118 113 92 124 195 143 156 74 202 209 101 103 108 124 173 27 138 222 158 232 226 153 249 146 30 161 143 128 155 229 182 36 119 187 56 144 195 151 152 95 218 153 36 51 7 213 119 72 248 9 50 13 189 120 81 175 26 250 167 126 227 116 90 95
222 8 176 62 93 5 157 85 128 146 183 165 94 1 255 155 120 134 184 234 163 112 218 65 183 131 39 139 30 75 120 200 209 166 192 212 143 82 0 92 11 172 63 159 54 135 139 65 161 223 247 148 109 164 175 104 162 133 0 27 66 170 103 108 66 180 117 190 231 149 100 127 200 90 131 154 148 94 196 219 16 94 157 54 212 170
103 136 137 3 8 186 126 131 55 49 210 247 52 156 151 235 223 244 144 126 173 90 115 177 221 27 123 114 51 178 47 204 170 132 114 138 98 92 60 179 143 112 166 140 152 117 15 146 138 156 38 18 217 242 83 102 67 167 107 1 112 99 85 232 137 70 167 98 169 117 142 108 122 96 168 174 137 213 12 135 73 152 192 137 37 56