83 42 64 41
54
86 100 159 8 166 179 141 19 70 50 93 251 45 31 152 124 162 115 7 138 113 186 40 195 57 185 110 29 62 80 192 246 39 246 80 124 212 131 255 180 119 115
111 77 78 92 57 128 203 184 90 106 147 205 166 117 164 204 31 152 169 23 111 3 224 227 181 148 17 41 92 91 120 90 208 198 128 224 174 125 168 218 153 191
133 145 69 50 53 221 219 28 6 14 126 137 175 39 107 173 149 84 176 90 165 2 128 95 168 126 83 86 49 235 105 135 72 174 184 194 186 193 154 88 111 144
145 108 89 48 85 199 171 168 63 225 162 105 252 10 186 82 61 165 140 157 230 145 59 76 115 63 107 14 90 253 247 155 107 138 180 176 142 143 196 49 157 157
205 172 200 158 197 245 216 241 144 130 148 129 82 66 219 100 149 179 249 108 25 167 79 136 147 156 241 27 124 96 184 97 164 49 242 176 82 182 157 35 198 151
147 158 191 152 207 8 6 175 128 131 149 216 249 169 132 158 106 154 67 79 83 7 71 189 244 2 150 131 242 142 19 128 123 48 228 151 95 71 169 24 219 137
212 190 204 71 71 212 185 50 148 25 95 183 91 148 76 13 120 151 75 224 44 157 115 132 113 82 242 178 89 24 234 80 107 97 65 137 237 67 125 112 171 171
53 164 48 119 14 156 17 6 187 132 121 219 134 69 136 133 212 145 95 238 5 103 163 78 195 219 88 203 152 106 149 162 116 90 175 160 205 212 93 177 232 155
255 150 93 52 98 161 42 146 143 157 255 93 148 45 163 24 73 209 121 184 216 22 2 238 111 129 82 27 231 92 229 91 164 203 92 183 235 192 214 95 53 93
168 137 35 210 249 186 96 108 231 99 185 95 106 161 112 252 254 239 2 72 91 228 147 204 76 20 142 80 203 176 213 188 249 138 158 137 117 32 198 186 126 229
184 115 171 254 129 70 248 188 117 30 212 122 248 240 254 0 235 104 213 179 66 189 138 124 30 221 67 96 213 84 193 122 85 70 134 133 114 108 148 164 151 59
6 111 82 235 2 216 255 225 72 194 253 104 111 135 25 178 87 139 110 1 238 219 200 174 138 185 175 200 218 41 131 70 167 95 70 114 173 114 109 110 221 91
205 50 46 41 75 100 170 124 124 229 51 62 166 179 138 89 29 154 71 239 80 160 104 59 65 126 85 55 204 107 98 142 127 188 251 51 4 184 255 167 151 119
79 145 204 117 186 17 117 239 120 243 97 130 121 148 89 110 182 254 23 199 120 132 110 167 189 174 116 242 173 43 99 112 0 97 150 166 16 145 159 104 210 88
196 175 98 135 0 178 70 222 111 129 94 196 37 34 146 127 141 242 121 247 237 243 128 137 100 77 73 245 109 129 70 113 95 122 31 100 19 144 209 90 218 92
224 59 74 122 158 135 80 134 201 134 183 86 60 37 108 107 31 239 88 177 238 147 109 174 91 249 145 90 90 89 175 178 66 62 45 228 92 46 36 75 173 188
207 130 81 181 241 100 83 120 98 124 48 8 140 144 9 32 228 155 108 99 157 10 85 88 148 148 34 221 206 154 97 89 158 14 34 156 133 191 115 77 35 52
80 122 249 133 246 173 150 113 197 105 249 79 221 89 247 215 217 65 59 81 167 213 209 37 226 33 183 212 242 59 87 185 19 234 198 67 114 44 253 42 2 92
85 135 223 30 98 171 246 210 56 87 113 238 28 125 3 102 57 242 254 166 197 221 125 209 90 38 40 33 213 85 239 249 166 28 9 183 26 65 129 103 82 209
228 160 152 113 152 232 76 132 24 153 30 66 236 142 120 78 215 97 94 157 227 194 63 110 120 185 27 141 82 0 23 119 187 171 89 86 210 56 130 60 98 165
78 128 71 184 232 73 104 156 209 159 113 6 40 97 201 98 113 167 90 175 20 63 202 86 59 164 163 11 110 222 210 94 96 140 221 255 249 109 107 122 73 146
92 119 134 60 195 238 95 82 156 26 165 127 130 139 244 164 38 145 169 84 101 13 93 174 178 125 8 176 199 120 44 246 243 21 94 174 147 132 184 137 219 53
52 105 251 194 107 105 56 128 95 91 142 50 194 235 69 26 83 87 0 227 185 113 106 110 168 209 243 84 174 240 99 210 120 99 237 188 104 164 132 3 124 70
38 135 93 61 42 167 32 99 227 5 17 88 229 17 13 218 18 161 223 90 139 90 13 100 193 159 173 33 84 89 163 133 48 188 107 66 95 101 29 26 60 194
91 85 147 87 107 135 70 195 149 70 80 112 118 158 150 40 143 232 42 158 207 242 195 69 61 146 188 178 123 48 10 122 101 161 175 90 142 223 223 81 255 91
26 162 91 168 236 102 89 152 158 141 91 175 140 174 196 25 159 218 33 182 94 59 55 50 62 101 228 134 158 34 160 235 143 75 239 97 149 138 174 87 96 130
167 55 107 108 132 92 56 85 177 33 217 225 246 136 208 205 155 253 128 228 95 19 75 22 114 173 135 85 241 252 165 250 8 41 161 69 146 214 157 53 186 38
101 122 102 95 35 137 247 119 208 151 98 106 205 33 134 82 7 30 129 99 98 162 103 155 11 223 135 98 236 108 165 117 107 6 142 255 129 174 17 168 153 154
23 0 0 74 174 81 158 15 24 26 146 222 159 74 250 234 124 245 251 149 22 81 187 160 124 90 85 156 11 230 123 97 81 10 226 184 131 33 11 198 242 24
104 13 56 113 50 214 37 80 125 252 148 31 41 201 111 65 160 150 197 165 161 194 107 80 103 23 29 233 111 24 85 216 127 12 197 132 161 110 104 209 32 99
211 28 84 113 61 87 176 236 149 115 160 133 235 206 157 90 156 152 102 232 238 198 57 168 222 126 252 144 181 55 125 134 38 102 71 107 152 176 21 98 104 62
186 134 245 171 100 176 18 155 109 11 250 197 3 167 146 154 62 140 175 107 170 120 31 99 50 97 98 196 231 68 43 192 117 139 152 180 162 199 109 153 34 57
99 238 130 176 34 116 44 166 127 152 59 253 147 97 85 17 142 123 30 249 51 156 127 119 225 43 133 169 204 130 235 86 180 108 153 17 234 84 105 172 243 110
186 136 94 94 190 220 13 189 170 248 254 185 34 23 84 111 171 135 67 195 238 56 176 175 163 172 94 144 4 201 132 155 170 154 188 143 236 119 180 80 47 164
110 34 186 215 20 52 140 198 147 253 176 157 106 163 88 81 125 230 174 94 237 151 88 18 204 62 109 184 112 92 83 2 43 211 201 144 226 229 231 108 184 231
88 185 155 186 53 166 143 17 134 166 239 43 123 34 117 95 196 198 162 79 249 13 176 126 198 88 177 110 157 120 250 96 11 54 82 150 86 110 182 90 124 88
181 172 13 240 81 139 209 136 33 56 196 156 102 40 99 141 189 172 8 141 180 61 240 47 141 146 146 7 218 1 5 125 125 141 180 2 203 92 38 141 202 78
181 63 133 82 85 83 126 198 195 155 148 46 168 54 134 220 215 254 164 48 86 198 170 171 175 168 84 239 49 246 243 37 165 10 141 47 120 98 54 223 122 246
118 45 243 45 122 158 23 13 7 109 93 52 239 30 197 100 167 64 183 161 63 246 117 161 220 81 103 231 168 33 137 157 220 39 159 116 204 141 104 166 90 254
60 116 59 202 135 252 66 152 108 139 252 7 142 112 135 130 4 112 97 36 178 154 147 210 60 71 186 132 37 147 74 119 114 50 98 183 92 139 119 83 92 10
74 9 3 154 126 146 168 224 161 185 103 191 112 221 88 127 150 61 81 158 61 173 76 220 127 155 168 162 234 183 167 128 159 174 244 188 115 16 92 72 185 81
133 151 169 62 54 114 232 237 228 146 224 124 214 169 18 242 187 52 16 110 164 89 173 238 238 232 16 97 250 218 3 17 154 152 39 223 183 96 159 93 232 241
150 28 194 65 247 187 138 61 170 166 149 90 9 233 243 28 22 195 14 5 93 138 187 164 243 255 213 109 7 226 186 103 91 180 239 88 97 110 129 181 228 82
128 34 87 194 160 58 7 20 148 174 61 199 197 241 168 15 142 40 32 48 241 231 172 114 198 155 154 121 228 54 102 185 183 183 155 177 48 132 7 232 193 18
10 232 133 14 111 79 39 172 13 157 189 115 103 116 206 154 20 20 115 37 163 213 78 100 168 254 29 170 134 187 172 4 17 41 38 183 80 81 145 30 38 91
43 173 236 101 105 7 156 158 4 108 158 15 205 191 90 143 92 61 198 187 177 21 160 235 2 165 160 169 129 22 192 75 116 165 200 84 71 146 153 15 17 146
169 186 158 165 67 50 1 24 174 160 185 51 18 116 13 218 84 166 181 69 105 53 119 2 253 167 166 60 137 199 53 154 121 96 164 40 150 187 81 187 89 187
62 178 232 170 188 179 232 138 40 188 101 56 43 31 41 148 179 103 159 21 131 192 243 64 1 243 143 183 159 156 1 50 88 132 37 150 17 138 202 137 111 37
10 113 235 57 212 130 218 65 56 8 119 81 124 141 249 129 118 56 125 232 74 181 173 146 118 176 72 79 206 193 193 116 27 113 123 250 184 20 149 26 42 248
6 177 53 30 13 144 70 78 157 183 162 167 110 117 145 102 175 91 27 185 146 188 194 136 114 1 177 184 128 186 71 200 254 169 101 242 164 161 44 170 168 159
169 32 179 117 87 229 134 137 43 24 155 59 105 56 226 169 13 86 114 76 178 70 229 206 175 50 88 3 135 9 142 200 149 171 180 108 62 114 98 242 230 31
0 226 154 24 122 153 84 101 114 67 24 213 153 73 239 169 138 25 107 49 28 54 35 69 10 51 25 143 100 229 112 253 179 123 167 143 248 197 61 113 239 136
9 221 205 138 126 164 1 33 110 100 174 29 130 113 188 239 113 169 248 101 85 229 6 215 149 183 170 196 225 181 189 217 143 115 157 172 186 129 148 225 139 168
207 2 60 190 17 141 154 192 166 174 35 145 30 217 225 119 67 86 130 0 83 101 47 141 253 197 129 158 111 216 102 186 185 47 113 83 158 31 135 177 230 4
59 83 252 84 149 130 47 131 186 238 13 164 144 42 240 245 135 221 80 90 26 106 23 228 44 170 193 57 185 221 158 57 228 155 173 60 64 240 23 167 86 127
11 9 85 227 102 53 210 150 206 97 29 99 119 81 184 11 233 0 13 94 101 254 140 179 37 230 125 181 123 201 137 210 169 202 110 10 169 56 224 167 155 32
91 143 239 249 111 116 179 133 83 158 81 188 143 233 42 104 245 131 82 223 134 236 173 41 146 180 167 92 230 31 181 87 226 81 123 133 155 147 151 123 100 156
210 151 103 43 220 189 16 81 185 245 105 170 51 159 107 78 69 146 252 92 133 123 77 57 106 216 202 137 177 90 239 28 198 106 83 175 87 153 171 167 121 85
197 140 97 15 88 98 132 139 251 105 151 102 57 87 97 173 84 124 6 199 92 43 143 132 105 84 86 113 211 82 13 152 118 132 178 142 136 150 168 159 198 81
159 39 89 150 181 241 142 88 225 130 138 135 161 216 185 178 105 99 228 205 62 91 107 187 129 155 148 130 162 65 170 63 65 115 86 114 162 175 131 183 175 139
162 128 165 134 126 30 228 130 252 81 223 132 198 169 155 172 168 199 31 51 180 187 121 77 123 61 142 183 241 3 212 251 11 118 158 111 164 175 185 113 105 221
214 171 162 89 90 227 79 158 202 79 99 21 108 177 119 96 223 119 132 39 236 152 249 80 75 20 31 204 174 130 136 196 147 142 142 138 143 88 176 95 151 91
144 140 135 142 159 154 238 225 254 201 106 211 145 98 223 17 222 39 170 149 120 166 203 165 94 202 81 35 184 42 149 168 131 162 100 186 157 111 165 97 87 83
201 201 222 183 187 32 119 48 73 23 150 85 217 244 59 77 35 67 23 65 133 123 115 203 233 63 201 144 183 28 92 247 62 172 84 91 158 132 113 86 133 137
50 100 159 56 184 234 126 70 57 232 207 176 89 168 81 23 125 249 138 143 153 249 60 205 66 102 142 116 155 108 168 227 176 128 98 180 133 99 100 110 146 130
178 70 159 1 118 207 62 17 169 79 153 220 162 74 57 242 172 227 160 195 167 234 143 114 68 230 228 95 107 107 102 113 39 112 153 85 117 119 97 116 87 97
156 0 180 154 33 169 211 52 122 115 136 127 113 48 246 140 122 207 155 239 179 44 135 130 255 177 239 93 92 243 254 206 251 106 157 161 112 86 182 124 155 187
109 1 59 128 189 18 121 2 132 238 174 158 244 84 121 100 61 6 221 110 104 42 27 54 66 101 83 107 243 99 129 244 224 152 105 95 55 96 136 146 108 181
156 49 17 72 148 129 128 88 40 65 243 219 35 183 191 224 138 175 112 114 8 117 91 76 229 118 17 91 32 221 241 116 149 94 69 184 87 0 133 152 248 102
118 93 172 81 101 175 60 137 117 148 152 154 104 216 134 254 141 17 70 218 121 66 191 162 151 100 144 117 226 116 229 109 156 145 105 138 171 178 179 102 92 83
49 248 114 176 242 109 188 81 209 164 6 203 120 93 128 159 218 242 145 108 170 252 254 208 112 145 119 241 172 173 239 50 134 158 128 117 186 185 96 102 161 173
95 22 43 49 126 175 230 172 178 123 49 118 207 112 232 171 101 204 37 140 149 175 156 103 3 240 203 45 159 111 185 37 144 124 133 171 133 128 185 101 176 103
99 118 192 66 55 125 84 252 31 54 222 170 72 149 123 19 32 111 37 180 147 37 32 105 155 146 69 179 185 119 133 39 100 140 85 69 127 141 183 208 137 99
75 242 72 143 0 150 51 109 184 173 45 192 238 51 232 130 143 90 34 64 176 12 102 218 84 126 46 66 91 247 240 58 79 212 136 229 101 157 164 229 206 107
29 162 95 139 115 38 252 243 225 59 142 139 164 161 103 69 47 64 187 144 125 73 12 245 93 42 170 148 119 190 106 102 151 140 213 117 168 100 128 183 71 19
177 31 30 111 189 181 209 222 156 153 85 112 46 109 155 120 12 89 115 133 117 102 62 133 13 195 58 127 53 230 77 4 5 88 186 12 131 165 152 191 210 144
6 184 191 196 162 108 144 49 185 229 99 198 125 87 130 142 126 15 13 41 103 164 186 181 124 202 137 246 101 217 235 224 176 18 81 82 6 131 13 56 114 201
100 10 113 89 80 255 125 10 36 104 130 16 32 142 4 147 85 236 93 165 198 200 101 156 208 37 152 95 116 101 143 205 254 88 162 153 126 136 123 140 137 83
24 184 160 106 115 42 181 46 83 150 132 133 40 253 141 112 225 47 71 210 183 56 20 137 146 202 178 109 93 148 67 89 240 209 92 249 160 203 158 223 217 200
108 236 118 206 137 69 250 191 105 12 246 226 15 203 1 135 66 238 199 112 154 243 190 184 136 147 186 101 145 171 128 127 196 113 20 234 210 239 90 72 142 209
82 6 160 167 137 19 85 110 243 83 110 116 223 193 214 152 105 176 213 149 169 168 213 182 144 94 242 218 162 26 54 133 24 80 119 33 230 99 137 254 131 161
100 89 242 122 86 132 115 163 166 252 186 76 3 2 146 238 154 165 93 131 182 217 83 206 175 94 117 128 134 76 42 157 96 40 90 173 79 149 144 64 187 28
165 195 13 130 166 242 57 219 126 132 136 141 115 175 80 41 134 185 154 2 230 62 76 147 116 6 165 54 15 179 165 114 83 162 128 165 196 105 211 136 8 193