93 37 6 19
112
149 139 184 231 17 255 198 255 255 255 255 255 255 255 255 178 255 142 255 233 233 173 255 255 235 255 225 255 255 177 184 255 255 255 249 108 145
53 210 13 255 176 239 255 17 156 172 241 255 255 224 159 255 255 255 255 11 255 251 255 255 255 255 255 52 177 231 81 186 206 145 111 255 148
196 153 190 236 138 220 242 255 255 255 228 255 255 145 255 255 145 255 244 71 196 211 174 255 252 255 229 236 236 255 255 209 255 184 67 222 13
255 183 200 245 209 206 255 190 66 255 192 229 255 142 189 182 255 255 157 187 255 255 233 255 250 230 255 249 255 255 152 255 174 184 255 255 19
121 27 36 249 149 186 93 153 211 223 183 255 144 203 114 255 223 255 255 178 255 149 156 255 255 255 255 153 211 255 255 255 141 253 113 138 213
245 111 166 102 151 255 66 233 247 255 255 255 255 152 255 218 249 255 249 255 255 244 141 255 188 255 213 156 248 248 187 148 150 255 47 255 138
75 14 3 205 126 255 255 255 255 255 255 253 149 255 255 255 62 216 255 255 161 205 255 255 221 249 254 239 156 199 255 255 255 193 61 150 152
129 227 81 20 255 195 255 255 255 205 174 181 255 139 255 255 255 255 179 255 255 255 255 191 255 255 158 255 241 255 238 243 183 255 157 166 189
215 166 23 240 58 192 159 167 213 255 255 239 137 194 255 255 230 222 142 255 235 238 204 255 226 255 255 255 255 236 33 255 203 255 70 157 255
161 169 98 90 229 182 255 181 255 240 254 255 255 255 178 255 255 150 254 255 190 200 255 152 255 154 137 161 255 193 176 255 155 250 87 151 249
119 248 103 157 137 138 224 247 255 255 133 56 255 255 201 213 204 255 255 156 230 255 169 153 159 174 195 255 255 223 255 255 255 255 251 107 148
187 70 71 135 187 195 255 141 227 246 146 209 255 216 255 255 157 255 255 231 238 32 188 255 39 181 255 255 111 7 161 212 180 249 228 164 214
5 11 43 160 61 255 207 137 175 255 247 249 255 140 255 211 231 255 202 142 255 55 241 255 176 255 255 237 255 218 81 169 227 144 232 172 86
255 128 245 153 231 255 178 255 255 44 157 255 237 255 250 255 139 255 234 180 206 255 255 178 207 141 255 176 252 216 196 237 255 255 35 66 117
153 130 117 132 106 191 219 255 198 255 255 248 190 211 255 253 249 249 255 243 255 230 168 188 255 255 197 201 235 255 219 255 164 255 249 227 41
230 234 24 41 9 255 255 255 255 246 255 227 184 255 255 137 85 157 255 175 188 255 12 255 255 138 59 255 88 255 248 255 181 250 48 60 65
174 215 255 255 255 138 217 249 163 255 255 255 255 255 169 255 255 172 242 197 162 227 255 233 191 203 141 255 230 255 168 143 255 255 216 10 177
141 226 190 21 39 211 255 255 188 197 220 175 72 255 255 255 157 255 167 255 255 206 255 255 255 255 201 255 173 189 255 255 155 255 172 137 70
48 115 102 244 37 142 232 255 246 255 255 255 255 255 113 180 146 224 255 255 161 157 167 103 255 190 255 227 255 224 250 255 142 161 162 31 231
171 17 249 153 121 250 249 231 206 255 203 246 255 255 255 215 255 255 255 44 160 255 163 39 216 158 232 254 212 255 177 255 197 243 250 177 215
101 124 174 20 48 249 255 255 239 255 255 255 237 252 208 224 255 140 195 255 236 164 178 147 255 255 255 213 255 204 206 206 255 210 239 71 33
255 41 183 179 144 181 94 213 6 159 255 224 229 1 103 255 77 252 44 236 24 162 209 255 204 139 201 0 182 183 134 145 235 52 168 241 64
77 118 78 25 98 1 101 211 3 213 228 149 176 85 167 192 11 142 84 255 81 115 197 108 73 242 181 123 227 196 90 145 74 76 14 62 73
157 255 44 110 202 129 34 73 209 96 16 255 249 255 105 44 166 11 254 39 86 72 26 222 129 253 181 255 146 168 181 197 106 11 246 178 93
67 240 15 130 137 45 134 108 62 223 215 182 148 193 255 114 157 38 185 226 176 115 255 218 31 163 24 225 71 44 45 103 188 222 61 241 85
255 164 20 143 17 255 165 73 126 235 77 225 89 125 229 158 255 201 253 114 128 255 166 169 175 47 166 140 178 16 123 234 25 82 170 148 69
186 253 153 121 174 153 233 186 127 36 179 96 179 136 189 195 160 182 170 58 177 81 252 182 126 71 106 255 183 201 9 184 242 139 65 196 69
104 31 255 234 255 31 232 227 223 243 255 72 165 196 165 237 255 255 244 228 82 101 120 255 103 186 209 62 56 65 119 23 22 255 40 224 211
255 128 87 146 217 35 255 43 85 130 63 250 58 100 218 30 131 107 72 223 124 190 230 80 14 219 236 117 1 35 202 238 40 233 69 129 198
137 178 214 54 214 207 212 162 152 206 146 217 210 81 229 203 35 255 198 77 44 170 214 98 126 66 149 18 122 36 30 48 165 232 142 29 237
237 212 45 35 66 198 150 218 120 146 38 255 161 119 255 196 113 140 25 134 204 173 77 13 22 164 84 150 219 63 172 6 36 171 57 153 127
149 255 178 166 179 166 47 10 255 114 255 255 138 254 97 93 130 28 213 108 243 211 159 178 11 8 7 221 167 78 110 116 245 235 98 4 255
255 83 56 162 145 10 152 162 209 235 47 165 250 240 247 145 118 238 159 67 123 44 236 172 62 202 239 158 153 240 214 166 22 223 130 9 204
211 77 153 22 105 140 199 33 74 163 108 8 117 255 155 57 62 68 233 255 29 255 179 139 28 248 255 223 204 133 255 255 179 231 191 62 250
175 146 202 76 108 242 250 83 22 120 2 163 218 226 32 48 227 170 244 42 211 50 187 253 102 197 146 24 209 152 141 146 86 30 180 125 255
224 57 194 255 113 36 195 72 11 214 135 67 6 149 152 54 255 58 178 130 254 167 111 241 83 223 255 34 0 127 255 255 140 255 127 38 219
209 151 42 29 255 201 184 30 215 73 103 235 144 95 157 255 118 128 228 64 178 203 31 182 24 176 132 82 189 200 188 206 144 89 136 205 134
39 143 234 243 182 56 156 40 226 96 167 255 211 24 181 101 23 255 48 36 176 212 255 69 234 50 141 137 97 160 206 242 205 8 102 102 3
244 76 128 24 41 208 79 102 255 67 161 205 163 220 29 167 128 218 163 220 20 255 206 253 47 255 0 207 32 77 245 178 195 20 149 216 95
255 251 77 108 134 183 87 255 9 255 40 185 26 237 6 189 210 175 181 122 120 209 181 17 98 11 158 54 163 191 121 22 223 54 138 216 36
112 178 183 210 101 201 17 202 209 178 160 255 67 241 226 167 103 23 193 255 221 65 255 141 215 225 174 122 96 255 148 183 130 173 43 193 172
135 37 171 34 239 9 170 249 255 21 255 86 239 214 107 255 207 105 214 182 167 70 203 154 104 141 239 231 147 251 168 15 226 185 65 215 60
216 61 200 122 166 117 133 148 9 90 84 151 211 181 74 211 237 129 178 242 118 45 226 248 152 251 159 255 153 133 255 222 255 8 4 169 115
185 235 255 57 169 33 32 198 254 255 49 154 14 208 216 99 139 211 231 84 23 195 227 71 203 248 62 183 32 50 181 241 218 197 248 255 211
110 255 248 111 141 68 191 231 19 56 15 255 255 212 21 224 160 178 207 179 69 52 217 153 152 18 6 50 235 162 128 167 59 75 164 90 110
202 255 38 28 123 129 118 48 255 175 175 209 79 159 80 210 213 237 166 213 180 199 91 228 255 163 255 20 94 109 220 225 250 217 238 107 193
1 140 247 255 5 81 116 181 170 182 56 255 136 110 143 160 255 186 140 171 255 54 119 105 250 151 10 109 239 157 193 180 103 166 255 201 20
39 78 16 158 47 231 24 255 248 93 46 51 170 250 112 255 255 255 44 178 20 255 124 189 198 161 213 177 127 147 240 161 181 206 175 237 138
254 36 197 28 142 214 149 252 20 191 139 202 37 223 242 234 7 150 67 255 201 241 4 140 206 252 90 9 20 200 153 43 27 195 205 48 102
53 249 255 254 244 84 216 78 208 220 51 23 69 245 116 164 77 121 187 21 10 148 34 250 178 225 195 255 164 6 21 27 56 141 230 51 207
119 145 178 174 210 201 255 247 165 109 149 122 175 19 233 255 246 3 190 255 167 183 40 240 109 209 46 111 246 252 243 218 103 17 136 194 91
201 194 1 255 181 46 186 190 179 233 253 28 202 206 134 255 198 183 128 17 143 255 255 81 6 188 119 247 110 49 246 215 246 139 30 144 194
255 132 80 179 246 26 255 255 50 227 49 131 210 184 255 151 196 30 11 183 187 150 180 69 255 139 174 41 119 221 158 249 85 255 21 255 226
161 127 90 200 55 217 239 255 44 160 193 13 215 36 219 195 41 223 255 147 152 218 235 255 34 7 60 100 127 149 207 184 54 75 255 212 125
31 249 255 173 65 203 148 72 105 188 133 122 255 146 213 81 52 72 24 146 254 44 9 4 51 255 192 201 0 52 108 78 206 8 255 230 94
136 191 130 51 229 209 245 66 165 140 202 180 4 233 120 246 255 239 95 71 4 65 14 222 72 45 88 67 60 50 233 145 194 244 142 255 120
227 14 255 5 205 216 85 207 255 141 68 214 75 133 255 255 58 157 169 131 233 65 243 191 215 255 187 134 68 154 157 199 227 72 255 177 201
53 195 51 64 116 255 35 89 97 243 54 249 132 159 57 164 237 201 94 135 219 197 47 38 42 28 57 50 151 73 22 111 57 255 180 76 214
153 56 248 89 109 47 126 96 246 90 60 53 224 36 255 169 158 40 18 240 131 206 219 102 142 255 145 29 147 87 255 164 160 59 241 213 58
255 2 199 159 232 178 57 141 249 231 173 60 197 91 213 248 249 56 126 251 176 202 192 78 207 105 28 161 142 96 57 170 57 246 245 255 25
199 255 159 62 76 228 255 68 143 23 39 108 138 211 193 255 114 205 78 17 6 191 230 239 181 215 211 214 71 15 152 139 137 8 255 157 214
6 232 255 82 219 216 21 28 46 138 194 160 212 212 83 255 134 190 241 6 121 202 255 19 154 125 210 100 253 225 65 230 56 139 211 81 115
133 140 87 190 255 143 151 187 255 183 192 33 153 240 232 248 146 251 202 33 48 255 214 70 255 158 240 141 120 232 48 252 156 115 179 17 109
158 137 78 136 17 232 101 255 213 174 255 255 46 152 246 187 222 155 237 229 179 50 255 168 50 137 48 33 255 222 154 255 163 242 228 250 59
147 212 16 255 97 175 226 204 178 173 245 221 88 183 230 250 239 190 211 241 32 255 97 45 147 8 61 170 173 97 245 142 216 2 255 215 214
199 255 7 149 31 197 255 255 238 237 149 255 255 172 255 196 181 255 168 207 235 12 0 154 154 255 255 86 206 169 194 255 97 66 6 224 87
232 55 163 152 120 12 58 19 155 34 189 16 88 72 255 49 52 255 194 85 213 59 187 55 255 7 127 188 235 41 24 117 187 13 144 152 155
113 1 70 231 255 9 137 255 85 70 174 97 234 164 250 107 23 253 42 38 215 248 255 9 176 118 173 0 86 22 130 255 30 222 68 59 23
109 143 1 229 255 91 50 119 142 175 46 153 255 137 171 73 69 207 8 47 238 170 159 216 91 132 250 175 168 67 158 101 255 229 202 9 48
180 121 111 61 61 17 56 223 244 91 145 63 117 210 246 106 104 39 209 242 44 54 205 134 66 238 121 197 58 160 35 255 160 202 255 36 142
57 104 70 255 96 68 121 196 255 250 177 219 63 195 171 124 104 26 249 239 137 160 150 44 172 56 49 20 59 209 168 255 211 69 103 160 63
80 35 18 166 193 139 95 149 255 247 133 62 22 255 153 90 200 139 86 230 184 250 52 88 248 135 207 202 80 164 149 12 23 57 5 255 153
89 255 73 58 161 161 203 158 27 72 145 249 39 45 244 10 122 118 212 129 123 164 232 155 255 255 2 207 117 255 32 59 234 18 192 11 218
137 209 218 255 22 114 62 129 91 234 102 76 156 187 28 229 228 255 71 35 189 188 46 19 231 243 225 128 156 12 185 121 1 28 119 255 113
130 206 24 216 73 90 120 124 255 130 230 109 146 255 161 105 83 92 221 48 151 32 41 78 55 255 52 87 255 188 33 244 162 213 44 248 246
49 180 122 241 242 226 124 197 11 226 181 137 203 234 136 253 71 90 219 69 108 255 169 94 175 255 204 134 195 110 40 57 203 243 231 162 236
172 141 7 253 223 50 165 255 186 164 84 255 91 155 143 122 255 166 230 95 231 118 124 205 159 37 239 174 59 176 186 255 169 16 176 255 159
30 247 139 129 74 237 64 225 27 228 168 209 112 94 133 153 59 217 172 101 170 255 255 163 255 246 32 120 205 232 20 36 255 143 255 222 251
173 99 195 151 144 125 242 177 255 255 204 31 144 102 248 239 158 179 255 239 185 84 158 102 132 243 196 93 84 197 135 26 37 87 69 190 23
88 207 40 166 235 244 179 128 181 197 73 149 163 94 102 255 207 210 105 40 177 197 216 158 20 251 143 113 255 69 63 105 35 18 86 10 162
58 109 53 143 50 211 71 116 73 253 255 4 207 23 1 67 122 159 205 255 208 77 29 80 234 17 130 70 255 250 84 174 175 181 31 190 40
83 231 9 170 21 71 96 177 140 204 227 195 120 43 6 192 252 255 192 203 149 201 8 255 203 166 26 232 115 47 224 251 232 216 169 130 81
197 145 138 255 174 67 219 83 40 127 3 221 24 184 97 222 249 182 169 64 34 41 178 112 232 18 129 104 128 233 72 56 13 248 74 104 142
184 114 240 200 5 189 152 105 122 124 223 15 178 106 225 146 255 87 101 183 58 136 3 15 174 136 89 243 234 191 14 210 72 255 142 8 204
197 16 251 192 251 28 55 150 120 162 23 151 20 234 228 255 171 117 39 206 55 255 194 167 255 49 157 255 132 145 252 113 171 30 93 74 255
151 51 229 77 8 178 157 180 181 188 170 151 5 255 255 209 224 251 165 138 202 120 255 51 114 235 37 191 79 195 165 255 16 237 154 178 255
251 131 120 255 87 255 23 182 246 38 185 34 255 21 229 87 65 20 253 141 125 180 212 227 255 255 16 255 89 24 180 230 204 124 181 190 220
1 255 245 192 9 131 67 145 135 204 66 255 110 168 153 232 248 71 208 142 88 232 39 174 199 255 255 255 139 33 60 255 48 255 171 234 213
181 255 206 255 97 158 49 22 187 61 7 230 255 21 255 67 48 199 5 179 67 25 108 119 138 218 252 163 245 11 123 178 61 236 18 237 225
58 93 212 179 60 220 97 218 255 255 174 255 255 94 163 240 86 243 169 87 153 242 30 6 212 236 17 19 147 209 245 138 195 122 27 196 255
186 157 143 35 95 29 255 255 184 61 11 51 35 99 23 154 5 9 89 124 90 86 140 255 26 160 24 249 244 223 208 105 77 186 160 144 231
254 142 136 4 74 195 110 255 7 183 20 10 6 147 243 120 227 52 122 255 122 162 61 252 112 28 255 24 12 51 69 137 87 96 106 205 227
99 196 143 189 251 188 255 20 58 178 13 202 79 135 230 168 151 146 14 57 255 51 42 130 219 156 67 23 1 255 161 248 224 192 44 197 77