26 99 4 49
63
105 143 39 176 182 81 239 214 125 202 224 214 4 11 200 106 188 139 95 87 96 109 125 251 55 8 150 139 157 49 29 153 229 125 48 200 205 157 57 21 128 233 154 13 173 202 155 227 129 110 218 127 224 215 84 183 157 231 171 227 183 184 224 106 137 254 161 122 216 32 44 174 138 176 136 30 120 132 210 147 168 68 65 7 5 192 145 240 104 63 121 46 166 249 66 161 20 210 189
219 214 175 207 67 197 149 64 204 131 197 105 150 189 209 106 149 246 84 17 153 138 207 13 135 255 70 232 151 82 77 43 139 216 206 173 195 230 69 205 61 23 47 96 228 163 212 107 186 14 113 128 126 215 193 216 32 203 179 207 184 226 16 4 61 173 244 245 195 162 59 113 128 35 27 142 9 146 97 186 222 106 6 107 77 179 99 119 149 2 194 189 246 107 191 160 202 139 11
90 231 175 241 180 138 105 98 64 239 131 211 193 218 225 209 71 78 113 19 8 209 236 86 204 191 9 142 63 12 24 255 111 88 186 218 86 62 0 222 34 130 200 121 96 166 152 178 223 226 127 193 139 163 182 167 122 242 120 166 239 131 110 47 185 113 183 157 29 31 54 191 84 227 92 31 171 102 133 89 133 191 246 181 199 231 19 71 115 172 131 22 92 213 72 191 107 147 167
47 27 83 11 157 104 163 46 237 55 196 146 245 101 116 169 200 68 80 157 198 247 168 200 147 207 37 105 205 138 205 146 120 244 88 189 137 8 166 223 169 185 54 210 222 186 195 154 166 179 172 175 153 166 130 125 189 141 48 239 106 114 192 140 88 69 67 116 232 215 210 156 172 40 28 56 164 91 9 210 197 201 189 221 120 197 33 244 223 37 219 115 157 140 167 127 181 38 204
124 50 89 230 197 96 177 254 185 187 191 29 102 110 211 97 10 25 255 154 226 21 219 80 173 131 70 71 132 121 169 107 208 36 92 124 197 168 173 122 134 188 61 19 95 142 65 139 178 148 221 220 124 118 64 183 99 124 144 63 10 43 53 18 20 107 153 10 190 125 35 32 195 4 6 134 121 155 119 67 184 89 136 39 132 77 101 144 126 19 135 155 232 138 213 56 3 214 35
179 120 139 130 192 51 49 161 195 252 207 137 205 253 35 253 191 222 122 213 124 126 209 178 133 102 86 219 183 183 71 179 51 203 230 117 152 193 19 243 28 62 184 49 46 190 117 224 147 117 125 173 119 139 205 220 185 166 225 129 45 84 124 45 167 111 190 74 162 248 241 144 192 200 199 44 147 218 151 165 114 131 182 233 156 167 164 74 116 15 100 121 134 202 49 230 173 37 123
56 128 109 130 133 155 115 209 140 190 149 72 191 140 254 58 145 149 160 195 87 205 106 211 146 89 143 20 120 87 248 251 29 200 243 82 227 239 113 122 216 103 103 247 138 225 151 155 108 170 124 103 215 141 7 207 121 196 148 71 82 198 121 53 35 83 19 132 118 111 3 249 96 75 24 248 231 38 23 26 200 54 148 158 20 232 117 218 79 112 100 68 185 212 54 155 251 170 70
206 127 113 104 188 211 29 252 214 61 9 115 79 235 170 143 211 60 203 119 22 95 75 150 103 179 212 114 57 185 219 161 74 92 226 150 50 117 73 213 15 11 140 231 22 156 71 140 172 122 134 156 131 112 213 234 192 51 215 187 178 25 47 100 5 59 18 135 45 79 234 1 47 156 59 101 131 134 90 167 226 192 137 30 155 74 84 199 112 97 95 56 138 40 156 241 61 141 42
195 244 58 82 83 245 191 0 50 91 229 143 188 106 183 232 60 199 173 191 57 58 178 103 171 20 60 72 192 127 70 214 129 41 204 49 208 82 63 100 109 234 192 114 167 105 127 179 206 136 104 154 170 151 197 20 131 62 32 165 125 137 190 183 172 219 158 202 173 245 191 199 123 84 73 160 22 137 223 136 150 160 113 226 253 146 196 225 83 133 35 188 155 76 143 113 130 23 185
226 22 126 194 166 179 215 120 15 62 203 6 236 72 87 112 244 172 121 254 39 39 190 129 80 2 145 181 117 98 136 199 107 251 177 207 131 33 6 179 141 4 202 174 95 25 118 214 240 195 147 227 71 108 68 88 21 112 114 157 64 178 245 92 114 106 210 139 46 65 231 185 143 250 188 141 170 246 150 18 196 195 113 120 161 232 186 80 130 182 110 183 230 40 20 222 154 71 11
238 187 102 191 220 7 148 227 107 185 39 17 82 221 252 72 167 183 60 148 233 219 163 237 59 183 160 223 16 202 0 247 112 220 251 79 123 225 164 49 182 154 196 174 52 123 212 88 185 155 41 119 160 130 22 58 161 156 155 119 160 62 244 136 58 150 146 135 153 24 15 242 26 133 115 239 82 206 2 57 88 46 104 7 184 248 226 116 138 34 232 112 150 84 230 119 201 74 218
40 120 184 202 144 126 92 204 46 159 197 79 108 50 204 87 229 210 118 149 220 155 160 24 178 31 75 163 42 138 207 200 8 41 96 92 21 130 185 170 114 170 218 8 163 171 57 64 174 65 146 131 228 222 91 78 173 18 254 80 124 171 128 172 149 42 12 22 111 100 148 34 222 150 16 251 178 171 122 205 195 229 105 40 44 52 170 95 119 250 254 46 59 255 53 179 141 138 118
153 61 150 230 99 53 151 44 70 225 249 116 106 211 172 104 193 134 249 192 219 186 150 161 239 193 207 54 190 52 45 154 71 244 15 169 115 207 70 131 108 55 157 172 223 3 41 172 52 55 242 58 97 81 236 149 241 87 153 197 247 240 235 233 219 175 238 149 74 89 195 210 212 184 239 200 237 216 146 147 192 216 163 181 97 132 185 162 176 11 237 108 150 44 130 196 138 168 187
244 152 16 145 76 200 32 222 77 202 223 197 183 39 129 173 139 3 212 114 255 16 228 0 148 170 107 9 204 22 130 231 231 110 101 71 247 233 129 152 62 67 134 161 163 178 216 127 151 241 109 102 253 141 75 85 79 214 141 191 40 30 240 87 2 113 230 227 191 232 200 74 172 218 153 212 38 171 173 18 133 106 64 38 115 147 122 136 218 179 205 198 0 11 188 233 56 143 168
183 212 114 151 207 150 218 52 156 111 129 71 80 177 204 6 134 124 134 57 135 41 230 25 190 79 86 239 66 239 36 112 195 128 218 192 175 90 235 155 121 74 208 252 220 41 11 186 177 181 232 244 210 164 237 192 58 151 170 133 20 212 162 107 147 220 134 76 93 248 200 169 109 249 221 181 97 185 254 134 1 75 235 94 155 144 201 150 162 42 246 199 249 253 1 119 115 20 163
160 250 90 198 118 181 165 203 106 116 199 239 169 34 141 85 128 116 49 43 110 8 134 85 91 164 16 128 117 32 189 181 68 145 20 22 233 221 118 28 51 205 170 7 178 129 49 28 74 85 101 63 103 71 23 110 19 131 209 86 120 162 41 225 157 120 17 226 184 30 207 192 107 232 60 158 143 87 220 236 242 40 188 242 25 198 191 155 175 133 169 154 76 147 130 244 105 28 217
118 181 191 16 135 2 197 111 52 119 209 32 154 107 193 236 223 37 161 139 163 156 254 119 218 215 44 47 184 123 134 121 135 61 62 203 159 130 221 176 168 119 163 128 127 62 111 110 168 217 0 240 5 211 137 151 201 120 12 243 173 108 2 219 142 200 112 57 126 140 131 53 63 113 196 162 212 84 127 82 248 155 182 48 194 55 184 206 252 160 208 175 62 34 92 2 120 171 174
44 242 40 180 66 101 80 36 229 124 208 17 117 226 250 87 167 9 222 67 182 11 62 193 73 211 249 120 119 189 46 235 158 194 35 8 65 125 10 252 210 131 38 211 35 156 65 117 203 29 123 178 64 231 111 67 182 200 35 227 21 98 223 135 233 152 137 205 75 176 196 58 168 15 192 143 27 4 121 60 113 214 236 107 60 72 219 104 68 238 37 216 95 162 198 155 107 220 107
228 66 233 170 33 135 125 238 24 200 210 184 212 193 131 66 117 89 159 155 228 240 162 61 180 218 243 219 187 103 174 171 119 231 43 66 164 195 160 123 225 142 166 147 67 106 122 67 136 25 146 58 144 208 222 207 81 115 158 204 219 8 144 42 250 0 39 105 101 174 227 4 142 79 199 53 111 14 3 95 185 10 82 121 65 26 205 148 25 31 39 162 253 74 161 184 63 85 215
139 31 78 7 72 104 69 148 238 45 161 163 136 222 222 213 87 139 6 174 117 8 195 136 85 64 178 91 77 30 231 90 22 107 84 12 87 233 34 98 107 90 212 30 144 109 94 25 225 255 3 164 120 60 65 244 49 214 185 81 165 59 46 175 110 161 162 97 165 231 195 164 124 193 203 85 255 59 72 208 230 164 186 103 173 140 143 124 189 199 96 70 87 2 46 152 17 192 165
57 52 199 164 70 9 3 68 235 18 238 153 217 70 245 56 126 16 149 21 208 46 28 194 19 212 188 8 17 27 159 255 48 244 157 14 105 172 131 111 112 178 49 8 214 1 175 197 163 136 213 155 215 218 188 45 182 192 145 44 247 141 12 175 81 209 33 161 109 201 66 205 232 17 17 193 80 71 211 161 252 252 246 190 221 120 12 120 53 77 184 85 37 164 110 206 17 202 165
40 207 172 216 74 249 27 99 228 62 255 207 182 83 82 136 200 149 29 221 199 26 146 64 80 67 73 245 46 174 217 134 37 206 29 111 149 201 71 236 28 71 254 47 234 138 169 223 14 227 102 48 79 134 48 26 74 75 216 122 154 145 44 147 61 190 185 198 242 150 129 225 132 19 246 129 7 29 94 209 81 255 111 218 48 234 143 29 27 70 48 112 182 117 187 250 145 72 97
72 163 99 27 165 184 34 58 52 45 98 109 229 182 220 50 21 114 16 162 136 172 187 194 7 0 162 160 188 219 188 79 57 40 207 177 138 215 246 201 232 4 234 53 114 228 241 170 183 44 108 235 71 227 145 198 223 68 136 86 160 30 122 30 142 141 171 150 146 230 215 111 147 246 56 111 43 240 27 187 75 136 125 34 79 57 161 159 150 225 12 70 242 96 218 240 204 235 216
227 25 131 145 16 216 193 157 129 101 34 233 26 77 31 139 167 30 3 160 159 97 219 0 84 222 84 11 242 97 167 221 97 68 11 87 205 16 136 22 78 128 234 83 201 207 245 221 35 177 9 118 106 37 126 211 0 124 228 22 86 110 45 32 201 185 166 94 121 7 16 167 136 227 126 135 13 206 143 156 97 181 34 167 209 35 241 161 227 175 229 75 185 242 59 6 26 179 210
160 245 103 73 168 224 77 52 222 136 80 123 64 210 15 228 93 226 49 161 132 231 201 166 122 109 34 191 84 93 130 221 212 187 80 76 111 152 132 114 86 156 19 49 155 113 142 71 138 24 241 95 204 78 73 166 182 166 17 162 209 237 44 167 228 247 140 174 34 190 198 116 56 42 48 119 247 49 8 180 215 172 50 163 12 172 121 155 39 42 153 100 83 168 159 42 181 130 59
15 138 111 246 163 219 71 47 175 200 198 34 82 57 122 46 28 213 113 253 2 23 102 49 32 56 7 1 245 189 171 149 162 217 225 204 224 237 197 246 213 228 245 8 51 59 175 174 180 251 171 233 141 77 31 224 91 5 24 0 223 222 193 81 145 217 177 137 145 253 138 44 127 187 172 45 168 121 164 173 117 22 6 173 55 115 141 236 185 253 110 150 103 184 248 142 7 203 79