99 5 14 4
113
156 254 224 255 217
255 221 220 255 255
255 195 141 255 255
255 171 224 255 246
194 138 255 208 255
179 255 255 255 255
223 255 255 109 202
156 173 255 193 206
255 255 243 246 255
166 221 60 158 221
255 255 255 255 238
255 255 203 251 153
58 146 234 255 255
150 224 169 248 188
255 206 255 255 255
237 8 181 255 145
255 148 255 223 173
178 255 255 255 255
137 180 180 174 255
251 234 219 51 218
105 255 234 143 160
228 225 255 255 255
255 240 154 234 255
234 124 165 255 223
227 207 23 156 144
255 212 255 167 219
200 255 255 255 158
236 255 255 245 85
255 166 204 174 255
165 156 255 208 197
255 130 173 252 36
136 16 74 255 255
187 107 255 103 135
13 206 102 248 247
107 126 19 100 112
145 255 236 186 190
25 73 180 83 209
159 164 200 166 243
0 3 233 188 9
255 244 84 129 221
255 97 198 174 255
18 51 75 219 64
255 255 92 151 181
148 97 155 40 141
65 13 156 71 236
43 201 153 145 52
141 70 123 191 109
199 143 183 216 35
246 88 182 228 20
230 61 194 152 181
109 222 31 255 58
243 11 209 30 145
30 160 112 249 152
200 40 208 104 86
129 79 96 163 138
15 31 150 141 87
136 60 160 194 133
246 11 158 139 21
156 255 209 104 109
54 234 215 80 218
54 237 239 215 86
195 122 75 234 231
252 125 217 177 205
149 236 136 247 255
84 19 2 181 255
255 143 66 186 4
255 58 199 240 98
241 255 253 147 204
124 110 187 28 211
255 82 189 148 160
173 250 250 208 175
130 105 136 194 152
253 231 31 252 254
176 84 216 255 41
71 145 34 32 203
63 147 62 238 166
171 130 207 182 186
197 142 102 34 221
97 193 29 160 40
255 63 139 101 3
60 138 26 173 66
177 255 249 95 255
239 71 212 255 53
165 20 224 142 11
204 104 213 41 68
244 77 122 41 140
236 217 49 179 255
233 9 14 241 223
222 46 59 33 213
246 158 197 255 29
72 216 144 118 34
229 138 238 145 1
255 244 98 149 155
31 56 98 255 59
66 15 207 255 193
135 219 114 116 108
103 138 231 90 174
255 171 9 154 153
134 23 36 128 166