32 16 8 4
57
230 164 80 120 249 34 203 174 58 70 86 39 61 255 8 218
6 12 126 98 91 208 70 166 249 92 112 204 240 115 249 126
199 144 167 174 190 180 200 229 109 187 28 227 47 238 71 204
179 60 155 151 65 255 88 46 21 255 192 87 158 17 28 29
51 17 239 97 229 192 247 41 207 2 186 30 124 25 126 255
12 34 252 233 229 45 163 171 214 225 116 54 131 96 221 48
203 252 255 247 220 162 172 211 193 96 234 232 253 235 157 172
85 232 9 213 191 228 255 164 251 231 255 30 165 156 126 206
107 232 213 163 174 164 234 202 81 236 111 178 187 251 68 152
111 230 193 226 223 245 204 245 159 156 64 255 47 24 70 78
230 211 234 249 208 37 156 235 114 69 255 108 30 128 87 214
187 238 183 241 211 229 160 237 72 120 239 141 48 29 185 15
41 116 193 13 121 209 72 153 176 38 185 243 157 54 3 142
19 73 43 250 158 152 200 58 148 91 186 154 181 57 23 247
211 188 86 244 242 67 177 138 213 36 113 203 188 219 255 207
123 101 232 255 251 182 227 191 192 182 232 23 143 125 11 58
136 235 83 207 184 118 184 136 70 246 77 31 220 248 139 66
18 227 237 197 63 157 150 108 179 44 169 198 17 172 189 160
204 15 174 222 226 217 40 143 246 174 196 156 16 64 24 53
65 129 214 156 175 39 157 234 179 255 31 46 31 73 142 45
35 244 193 127 236 227 76 43 34 123 153 10 223 177 175 97
54 4 203 71 242 167 30 255 54 174 212 1 72 57 201 138
5 106 15 32 207 220 200 242 22 53 192 236 193 139 45 85
107 118 208 46 177 204 1 44 186 192 206 173 171 25 196 37
41 199 213 179 122 205 189 255 238 127 255 114 159 118 160 187
153 179 13 216 203 115 195 151 225 18 19 192 64 242 87 113
170 222 24 160 118 158 95 114 111 172 92 82 170 213 213 156
173 5 27 112 240 79 182 85 169 206 67 14 129 69 20 18
118 67 15 12 95 18 108 177 220 60 137 79 182 47 169 252
192 91 235 204 239 171 161 208 213 191 170 34 25 75 206 232
13 221 197 17 250 172 142 227 251 158 73 125 226 205 246 218
161 154 20 238 204 171 208 216 224 192 98 246 158 165 248 179