12 16 3 11
69
10 232 158 190 110 7 220 129 205 137 207 147 127 153 204 160
177 186 161 121 106 196 147 103 100 190 229 127 212 180 98 99
104 156 111 127 111 156 177 107 140 170 166 98 120 98 144 126
193 167 185 172 108 30 187 156 229 120 186 227 126 229 164 103
164 153 206 134 185 156 129 223 120 154 170 164 198 208 31 152
176 115 101 135 112 125 216 90 184 211 184 160 118 144 180 137
107 226 234 128 46 187 128 188 228 230 108 150 105 138 68 213
153 203 51 124 168 213 166 154 143 235 220 117 159 193 170 193
202 231 208 60 136 196 141 196 158 102 101 220 210 122 104 224
109 34 135 152 137 194 143 180 216 107 174 203 147 119 166 233
219 183 52 108 137 178 110 124 185 209 102 185 114 166 99 167
14 132 141 144 1 212 231 104 151 202 200 192 215 104 227 112