78 97 23 65
53
161 56 0 103 124 67 110 57 54 206 95 71 225 44 156 74 100 191 116 160 171 147 17 92 232 84 84 168 91 250 211 160 111 60 132 126 166 237 196 100 174 114 134 229 163 253 30 120 139 24 208 142 101 174 136 196 228 192 26 236 96 61 229 105 116 240 134 224 60 118 109 135 185 195 232 217 99 179 116 115 194 126 129 188 227 76 199 184 43 160 124 13 169 77 151 111 241
174 129 141 145 201 67 108 201 120 249 61 85 50 44 128 64 162 91 228 137 116 224 22 103 117 188 114 109 72 239 144 18 209 44 36 49 39 204 103 153 109 138 38 147 87 185 116 61 40 50 63 54 200 19 227 150 151 79 85 202 212 175 123 77 37 95 38 238 199 48 37 7 51 100 221 136 62 74 138 47 129 91 66 94 198 156 32 97 109 140 89 119 0 215 82 78 54
157 116 80 193 97 105 165 173 161 179 189 177 59 103 193 119 112 225 37 157 176 248 126 16 59 46 98 50 128 143 144 130 58 171 31 128 117 43 239 203 139 114 41 43 125 114 44 82 168 55 124 53 183 62 162 200 238 100 217 6 108 160 44 242 161 42 77 55 12 200 184 120 48 74 240 82 87 207 110 238 252 235 113 125 180 10 206 77 116 9 246 237 34 68 71 79 30
148 157 231 185 219 216 222 39 73 81 132 4 88 197 129 138 199 126 71 136 133 139 118 50 144 31 144 51 189 202 9 123 137 73 129 117 12 219 248 86 53 153 109 193 252 182 131 214 60 58 73 4 219 138 164 13 120 34 64 253 192 236 70 74 155 61 250 118 57 124 102 5 218 132 111 44 248 24 111 163 224 102 181 235 0 71 94 13 248 85 206 140 15 91 77 34 144
204 55 161 138 226 143 158 52 53 45 221 141 223 28 46 88 233 15 124 78 159 63 116 196 108 91 92 85 41 206 59 161 136 138 238 102 188 25 84 64 56 39 234 223 204 175 205 72 221 249 96 23 149 125 0 49 243 55 91 130 100 123 16 32 7 196 145 251 225 149 60 56 38 224 80 186 173 45 101 174 90 41 53 80 85 9 193 247 202 7 64 19 241 111 47 13 25
79 39 139 3 61 4 131 45 109 198 11 73 101 120 84 128 50 140 255 141 144 105 76 232 93 81 241 31 169 133 189 38 104 174 2 81 172 152 141 154 151 184 172 80 159 129 126 118 159 204 105 111 99 144 232 139 59 140 4 152 103 92 22 87 125 84 230 87 87 119 3 50 139 11 150 233 81 76 67 181 90 13 49 111 66 81 20 88 38 108 105 211 57 140 138 221 57
244 30 78 182 86 83 8 47 252 180 39 200 91 41 209 151 8 221 32 153 107 52 180 118 91 41 153 87 179 151 247 44 90 191 161 24 221 164 32 81 6 51 50 109 230 147 196 138 105 184 32 163 164 72 126 209 169 146 122 72 131 150 78 161 212 10 2 16 42 234 49 121 7 132 56 251 27 139 41 112 67 34 46 138 48 24 115 44 136 88 175 109 248 185 72 42 102
32 51 70 231 232 103 124 175 221 195 4 55 97 252 128 56 38 185 37 147 161 144 98 87 16 99 169 37 84 174 64 22 23 18 93 59 34 40 67 133 140 185 201 250 101 98 204 44 238 30 142 198 147 221 48 190 137 39 83 11 88 212 20 205 139 114 140 43 131 1 60 214 46 47 255 254 139 31 47 237 17 92 75 59 187 129 181 172 78 78 163 35 78 54 120 205 125
47 29 137 25 206 86 43 38 102 49 246 47 99 250 251 123 116 33 118 56 63 45 176 84 111 235 6 227 67 54 110 49 149 2 177 83 123 2 213 133 187 225 88 11 112 29 13 225 21 240 125 43 154 97 16 127 129 128 188 76 138 213 251 75 126 111 56 72 74 219 18 104 155 1 52 172 130 77 56 42 133 60 134 20 9 191 107 66 82 79 178 151 82 137 119 121 70
161 74 220 87 183 12 137 62 170 253 31 243 178 0 45 239 24 230 159 167 170 141 191 182 120 168 1 0 130 119 201 41 190 53 61 110 12 202 174 29 81 125 127 157 87 219 36 132 165 81 91 141 209 176 115 101 76 215 233 108 130 43 76 105 224 110 155 248 244 8 7 23 102 63 19 107 71 120 228 138 136 138 181 110 197 75 65 51 66 90 92 200 118 120 157 25 13
223 138 24 97 116 198 201 88 2 89 94 92 22 176 134 46 134 228 218 190 193 177 97 192 145 247 136 181 206 87 150 254 43 117 191 148 174 52 82 142 222 41 87 7 99 176 71 3 40 86 64 128 112 168 240 74 151 95 205 144 107 226 45 89 77 117 132 238 44 44 56 196 103 108 104 146 24 122 127 175 133 61 131 20 75 8 215 19 184 220 142 44 159 141 249 78 88
60 0 127 90 38 73 1 202 114 1 84 54 93 123 180 138 101 225 52 242 0 84 174 109 139 96 64 46 71 140 252 122 118 57 38 134 152 145 30 134 159 43 7 224 14 68 102 167 207 110 154 134 88 61 222 42 180 73 160 83 151 79 35 66 128 209 81 125 168 92 254 147 14 248 42 137 117 113 236 103 153 221 33 81 167 234 59 56 21 195 209 103 74 6 203 142 86
237 187 124 192 181 87 134 43 10 95 128 101 80 115 245 24 133 172 99 172 121 248 235 91 114 87 76 16 71 34 63 104 80 144 149 121 138 196 112 116 65 247 60 231 220 117 71 87 60 116 193 125 133 231 92 229 107 114 205 187 14 219 103 89 252 48 69 145 166 117 121 185 77 9 212 28 104 205 176 178 31 75 47 194 87 73 18 66 140 97 65 77 86 62 71 138 130
94 18 90 151 14 17 5 59 102 70 154 17 50 7 122 218 73 11 66 18 87 85 11 4 231 158 221 48 68 137 111 50 156 140 200 225 170 181 12 218 15 12 83 91 225 119 38 194 196 252 133 252 239 10 137 71 71 193 247 9 189 172 84 134 213 209 42 49 115 43 172 92 117 250 133 189 229 73 181 108 129 221 33 125 30 10 148 203 42 37 107 90 216 235 241 3 251
40 123 101 235 110 38 112 212 101 112 220 184 132 177 129 228 124 33 82 212 128 104 207 143 84 43 91 153 214 91 233 58 115 253 96 91 127 9 31 22 197 169 113 161 4 100 167 47 100 47 174 207 129 113 203 77 93 119 206 21 106 127 55 86 204 126 138 83 95 206 122 73 228 54 203 182 189 103 83 79 53 126 199 217 144 113 199 71 247 45 86 155 64 228 113 243 67
8 48 112 118 33 234 117 159 105 194 132 92 192 28 74 125 111 103 86 99 40 23 211 67 76 37 158 196 161 124 79 111 90 51 243 128 183 200 179 219 206 237 30 164 250 114 123 118 120 115 87 42 57 116 242 111 34 7 1 237 58 127 190 223 187 192 163 113 25 27 147 203 211 224 132 83 105 72 209 134 138 207 55 78 57 246 132 90 69 159 107 70 56 23 211 127 164
81 140 61 59 110 184 10 245 112 203 175 108 30 240 229 250 209 125 135 74 167 236 101 38 102 138 70 105 92 39 139 191 248 63 223 28 207 201 66 40 58 119 191 74 90 174 157 89 180 105 170 39 158 73 120 116 182 215 148 158 133 187 35 56 57 100 24 210 68 141 90 172 160 189 55 70 113 246 88 58 48 243 75 157 188 94 88 130 14 105 67 53 138 127 177 64 238
67 52 200 175 13 52 16 127 171 21 56 9 141 144 35 48 197 150 249 237 18 227 221 7 138 216 83 141 108 96 83 91 62 121 1 183 103 255 63 92 125 182 244 128 127 149 214 218 137 184 237 233 188 105 249 61 40 26 161 223 24 31 55 41 161 206 205 195 162 84 217 46 65 226 61 4 26 88 180 179 222 3 23 180 51 111 63 20 79 178 116 75 250 62 86 120 96
228 128 114 0 114 76 180 248 51 173 183 176 87 39 54 1 54 130 184 103 32 17 255 108 25 16 152 4 144 157 225 42 87 6 79 223 21 118 234 205 130 152 185 9 148 62 7 92 113 69 108 65 242 219 87 122 233 51 210 40 155 67 95 49 231 168 76 106 171 176 153 14 55 14 83 221 29 76 75 73 108 128 127 4 144 203 57 56 182 179 172 166 63 190 53 79 171
71 90 24 223 25 162 222 162 38 237 63 81 10 103 101 48 34 218 221 111 117 131 61 147 183 21 67 19 178 208 255 180 103 234 104 188 72 6 27 209 49 144 244 1 45 101 53 185 182 165 139 248 179 142 7 140 206 133 121 40 109 191 239 148 88 3 25 93 182 119 85 149 237 77 135 113 45 46 234 77 177 1 227 135 91 166 120 7 186 24 167 60 59 118 44 31 196
18 228 12 42 158 82 221 62 103 176 154 70 116 218 239 59 77 19 250 95 117 162 113 192 32 77 167 130 245 199 78 82 104 146 233 114 47 8 148 105 204 183 55 139 84 120 28 86 156 148 66 74 254 161 130 144 79 196 122 66 91 65 60 83 139 47 57 140 94 70 214 139 56 238 105 196 160 192 21 136 108 114 104 141 181 229 127 7 138 14 3 116 71 146 106 226 151
62 231 46 41 106 209 38 102 47 79 119 33 207 53 178 188 160 61 212 122 49 67 91 191 135 215 92 34 225 144 6 222 163 139 82 75 105 242 121 28 133 216 171 95 20 63 143 93 232 209 38 226 86 226 90 184 82 26 11 24 85 150 133 102 78 133 96 140 114 145 229 205 86 132 43 41 41 167 59 228 132 239 113 65 148 38 73 20 140 62 83 116 37 136 12 156 242
246 48 186 38 199 53 58 145 98 3 12 144 80 236 149 153 189 100 130 88 81 103 104 93 79 128 17 18 228 85 179 180 3 121 207 104 200 84 111 126 211 157 240 129 213 190 101 223 163 223 97 30 90 48 78 20 161 50 84 224 144 58 111 121 91 59 85 101 51 131 227 209 58 113 93 176 15 40 8 209 135 191 247 172 13 108 183 154 64 167 85 44 62 97 51 143 157
40 166 84 87 21 78 244 238 115 77 88 95 58 232 19 91 98 81 254 141 32 105 19 150 45 127 237 35 95 108 85 175 63 216 212 23 70 31 126 160 111 79 82 46 200 142 69 40 82 56 50 29 163 107 6 40 135 63 175 48 98 156 91 112 44 73 126 71 110 177 53 204 216 156 233 209 127 132 153 52 3 243 47 84 239 135 91 169 14 140 227 89 217 133 10 15 62
76 98 143 146 237 2 32 50 188 44 125 111 17 130 173 246 45 223 136 202 149 236 39 191 87 46 67 110 164 115 64 147 118 101 56 15 28 194 44 251 82 86 239 53 97 202 145 83 187 111 161 69 116 101 27 244 160 236 118 125 191 85 57 62 237 94 125 117 72 30 238 62 9 61 244 130 117 192 102 219 51 40 11 103 93 164 167 152 212 79 251 92 28 135 174 233 72
234 63 42 246 242 254 115 17 71 217 84 127 107 202 47 69 241 40 57 203 8 106 43 135 123 188 51 70 118 142 228 42 81 222 213 57 8 95 100 94 63 186 196 20 87 47 11 138 204 120 116 118 62 255 164 226 45 60 144 185 119 11 67 116 118 82 91 124 38 57 137 253 236 183 53 82 93 75 188 159 138 240 179 122 181 150 134 89 103 239 235 181 97 26 109 83 246
121 76 229 69 98 135 241 76 12 137 147 166 57 117 43 26 220 8 62 152 125 158 49 149 117 241 163 118 252 129 182 122 198 186 14 230 175 39 247 232 145 212 16 138 66 201 25 64 93 69 138 36 29 85 51 220 241 11 175 1 158 111 92 158 104 120 123 89 110 112 72 241 89 159 151 43 178 112 205 216 7 224 64 118 71 94 203 214 228 233 107 44 228 153 70 94 43
228 64 137 67 163 43 78 24 62 126 120 8 85 26 171 105 138 17 184 233 139 119 107 2 74 59 22 189 87 246 210 127 199 31 6 90 158 159 187 33 129 61 53 17 75 34 191 75 127 140 75 82 112 99 237 91 164 140 83 156 83 250 210 49 109 42 172 189 56 143 110 60 156 11 56 119 31 47 198 105 220 26 80 15 24 79 248 119 103 171 7 122 108 78 1 141 227
71 63 72 51 238 121 103 63 126 21 65 19 129 88 85 60 66 45 86 216 79 114 182 69 59 196 122 165 240 92 111 16 221 73 236 231 42 63 75 119 127 156 128 135 198 129 0 119 202 228 208 54 38 44 172 128 46 132 189 82 82 132 111 19 112 40 236 86 89 47 39 4 78 216 110 186 133 115 80 241 213 175 125 60 58 111 109 35 84 128 5 161 55 88 163 138 128
183 145 4 117 199 137 114 205 40 125 35 50 41 57 134 62 157 204 81 79 182 165 142 1 223 78 172 28 141 112 143 145 232 116 44 113 197 161 36 146 248 124 93 63 47 74 142 136 103 103 201 191 183 92 161 130 120 5 88 233 223 202 226 44 77 72 58 142 75 200 196 184 186 126 102 80 52 231 229 247 160 62 235 131 63 120 126 21 34 113 77 35 102 172 163 66 48
58 246 202 73 163 111 118 187 97 192 63 15 132 236 229 80 4 251 7 36 58 248 106 231 179 104 223 82 174 201 232 125 56 67 23 67 252 144 112 198 77 113 78 100 77 177 120 185 19 164 136 103 37 205 171 135 148 121 41 145 45 217 89 135 6 111 129 80 96 68 55 22 126 203 82 49 62 192 144 22 42 171 62 87 125 103 140 77 77 115 104 46 209 136 42 162 138
88 84 209 224 169 144 133 152 140 229 128 142 72 87 15 108 111 99 125 200 160 131 148 117 198 165 154 122 74 0 143 59 99 16 151 141 16 69 196 80 14 118 74 52 95 22 100 91 135 16 42 201 187 233 122 70 227 169 71 142 102 194 227 67 82 55 130 122 46 221 116 50 219 140 235 37 37 115 64 53 136 117 70 238 86 225 58 83 46 136 50 113 214 205 83 58 81
55 138 4 40 112 43 157 99 163 70 114 180 113 40 107 241 207 111 180 244 207 73 223 165 9 74 150 42 163 35 44 69 213 126 151 163 81 124 37 156 74 190 227 203 79 148 115 57 5 158 177 10 221 50 39 166 233 234 70 144 213 230 116 147 237 22 49 158 108 1 182 41 133 152 60 32 27 176 172 123 226 44 229 117 90 186 124 125 53 249 26 167 251 45 110 169 20
189 187 57 127 46 37 141 232 56 176 56 123 72 86 131 50 241 200 106 170 43 20 98 177 192 212 171 56 102 188 139 229 52 133 43 60 98 122 229 209 120 47 91 207 141 85 120 21 36 154 171 78 185 217 141 150 178 189 78 146 69 221 116 155 179 99 91 68 182 46 162 110 93 59 14 254 3 129 113 211 113 203 47 13 76 236 87 30 26 164 9 57 117 200 193 191 39
54 236 161 53 163 92 11 110 6 230 166 1 176 51 10 92 88 112 10 128 158 88 121 213 215 155 88 137 181 32 217 194 117 99 114 51 224 65 11 129 237 212 224 81 241 50 51 159 92 86 121 162 45 234 15 45 174 112 74 75 208 150 153 75 216 183 174 41 174 94 208 21 75 155 236 204 131 169 139 163 139 88 163 129 180 144 138 201 188 87 38 79 225 98 75 122 80
164 226 21 125 218 104 5 43 243 72 85 141 165 141 234 239 237 197 89 49 121 5 72 19 220 116 132 252 249 109 210 172 223 59 190 0 86 56 95 17 211 211 160 69 160 121 22 54 88 23 55 103 102 63 248 198 99 174 57 31 255 49 137 33 126 232 145 113 32 206 47 106 23 59 103 15 79 111 233 70 156 58 236 83 175 246 40 156 40 134 126 180 240 244 232 42 4
73 126 238 92 216 49 42 211 2 36 5 207 239 187 66 78 125 214 101 71 34 56 21 12 174 111 145 47 149 146 62 188 68 26 52 196 123 229 8 170 141 140 13 33 27 79 98 216 116 140 221 26 248 40 3 237 191 77 182 204 107 128 116 35 40 20 243 67 86 2 91 120 249 163 3 86 87 79 91 160 119 95 184 249 83 139 95 236 142 40 210 117 121 226 32 186 171
103 4 113 48 165 205 122 113 125 188 106 17 137 24 78 106 129 105 25 108 91 56 76 14 63 219 78 25 101 31 113 242 26 206 200 127 207 183 62 237 21 73 211 107 71 77 71 166 100 104 251 211 118 150 141 98 75 0 112 71 181 13 192 169 225 57 254 134 18 81 93 146 205 11 19 8 28 143 212 225 1 48 56 219 31 187 99 196 93 150 102 176 113 102 123 132 58
238 0 128 166 171 18 113 113 69 60 53 106 216 139 246 160 125 88 238 226 143 213 247 129 81 98 87 124 182 183 107 39 248 217 162 52 153 102 250 87 240 134 52 224 21 171 147 198 133 88 38 8 117 137 241 148 62 68 85 173 67 142 143 40 131 33 5 133 93 165 55 219 86 33 144 2 167 121 119 83 203 145 0 94 68 211 215 98 133 64 138 65 105 96 133 78 110
205 16 18 243 59 62 137 41 111 127 219 65 129 188 151 161 208 21 102 136 126 90 130 105 172 102 120 28 185 39 143 211 110 57 166 155 95 252 14 60 163 14 220 68 143 62 88 237 39 97 55 213 93 247 202 126 135 82 121 14 228 193 105 76 251 51 161 222 165 29 24 199 83 109 130 82 111 224 125 51 105 173 181 82 104 251 230 96 38 84 114 241 126 119 81 191 57
201 155 193 52 98 161 49 218 70 214 237 46 200 189 206 215 92 234 99 40 246 247 10 101 76 71 57 116 175 136 45 92 133 19 247 97 221 7 155 72 66 83 14 191 125 83 83 57 10 67 187 54 138 26 189 171 65 106 96 188 198 203 220 149 71 129 5 107 95 124 184 44 84 47 190 57 185 71 11 122 198 71 136 94 217 181 19 218 173 93 42 68 165 124 201 63 243
76 49 58 245 34 100 179 36 93 204 251 55 123 52 160 72 125 102 161 228 75 77 38 91 207 40 127 138 190 12 104 88 44 60 247 236 254 137 176 152 242 124 118 168 200 88 125 78 92 81 72 177 135 130 81 239 145 102 248 103 82 125 57 101 85 79 222 130 213 195 218 100 12 144 54 156 46 28 133 69 134 150 119 38 216 104 168 11 204 43 246 3 21 239 192 33 238
212 73 78 91 155 57 127 97 189 52 62 200 100 82 118 198 250 11 128 103 131 99 68 235 235 42 230 129 200 22 19 61 163 171 3 22 2 144 169 249 123 30 177 70 65 235 111 48 39 119 67 129 120 112 246 141 127 252 242 16 219 83 34 167 117 160 167 96 112 78 131 17 24 29 35 75 213 19 92 239 117 173 226 132 106 245 132 131 76 142 23 200 86 118 175 76 40
104 6 189 41 84 221 215 99 53 135 47 56 150 124 70 137 217 77 225 38 152 208 138 233 220 38 97 42 137 115 56 185 158 206 224 121 140 10 9 19 124 239 215 176 230 87 13 80 224 47 126 23 196 70 33 104 42 160 37 49 16 55 129 2 51 177 117 8 89 105 98 30 81 197 140 161 67 87 79 205 13 22 36 0 169 130 137 116 170 74 132 130 28 197 135 92 67
55 234 1 49 71 188 128 74 112 208 62 230 107 188 191 29 14 254 205 46 118 109 230 69 104 77 187 79 87 236 42 187 255 5 57 78 50 93 62 119 161 239 188 47 220 125 170 78 77 6 178 188 40 14 183 123 95 227 39 225 218 57 196 139 4 87 231 130 192 29 55 99 22 62 131 211 96 117 121 101 175 152 176 223 104 233 171 65 229 68 117 250 128 201 129 171 244
236 85 4 201 59 1 122 133 56 99 150 125 129 33 18 54 201 227 95 182 158 38 93 208 110 15 14 230 188 86 81 178 239 122 111 74 116 86 144 171 206 154 42 219 237 85 166 203 112 208 63 131 97 100 65 237 59 92 193 3 232 67 76 116 40 239 106 187 42 6 185 114 232 42 255 106 43 127 142 196 96 199 225 131 24 66 11 77 168 34 229 14 88 232 82 51 223
145 167 68 40 94 36 146 229 171 237 115 175 102 143 30 31 53 6 218 47 139 164 231 44 121 43 48 91 126 136 9 107 81 28 239 159 188 38 85 78 57 130 40 70 97 56 132 54 2 66 254 131 180 92 10 133 165 152 183 55 106 134 78 225 39 165 59 40 105 41 133 85 171 100 86 205 175 175 111 245 181 81 116 182 121 17 128 141 254 0 193 97 225 242 35 198 48
42 251 38 140 20 35 221 106 161 232 76 158 111 133 124 192 136 68 255 76 130 122 61 59 13 85 49 221 211 105 72 109 48 43 90 248 108 86 229 195 5 210 203 86 141 61 189 89 47 220 115 147 222 189 218 183 46 115 45 104 206 238 99 93 57 71 129 93 43 98 203 251 138 154 114 160 85 135 78 4 56 237 144 128 7 254 29 232 21 234 109 108 199 160 57 67 79
216 241 147 119 102 229 131 123 190 58 202 128 50 188 253 163 178 66 5 50 100 87 218 169 69 99 17 114 166 135 169 185 75 64 227 222 158 2 106 172 127 165 216 80 50 137 84 191 60 21 209 130 80 236 61 65 42 118 181 188 163 155 182 168 58 93 97 74 1 181 63 74 127 211 191 249 57 1 218 88 136 1 148 87 101 156 113 91 43 68 190 19 80 248 116 168 203
227 105 9 114 37 95 111 104 81 1 87 93 156 111 46 216 112 192 128 91 143 79 195 89 248 97 98 129 194 23 214 171 51 150 161 77 210 173 144 103 78 101 28 62 200 152 17 43 87 233 120 134 75 4 36 247 144 85 23 124 231 70 242 29 170 164 77 171 182 132 93 130 45 254 193 93 48 158 121 187 227 6 24 153 148 138 68 86 123 187 27 245 185 87 93 32 221
247 222 192 130 183 183 71 212 50 127 104 93 101 98 51 99 82 140 226 115 16 234 94 179 184 53 20 145 225 52 82 139 243 147 118 143 155 120 147 22 192 141 246 53 200 67 57 252 175 78 239 189 130 187 133 91 242 245 216 181 57 67 158 62 104 153 0 216 106 103 175 140 116 164 154 100 42 116 164 174 182 211 233 125 0 51 25 65 166 65 206 206 42 211 56 113 150
230 224 60 76 174 66 76 206 42 134 171 135 79 18 12 69 218 112 255 72 227 207 159 212 65 8 181 77 113 38 146 198 81 59 190 207 210 129 132 246 238 74 173 63 52 209 119 1 182 83 104 200 73 141 232 215 113 135 234 94 88 83 82 160 89 66 76 115 140 26 50 239 70 88 167 237 119 225 21 86 54 32 135 80 160 129 20 138 121 135 11 50 1 162 51 158 0
238 104 75 86 88 48 65 137 77 226 38 93 91 40 135 78 13 160 114 110 153 83 50 61 116 229 138 69 47 138 190 21 126 175 50 249 248 173 249 121 153 30 59 130 143 77 106 7 5 60 125 180 127 7 114 215 74 54 233 150 66 43 15 106 159 237 255 9 132 144 131 31 38 183 117 206 185 184 194 77 218 45 251 65 14 182 239 203 85 101 213 175 27 61 16 237 21
134 113 24 132 228 65 95 119 23 98 75 84 146 22 123 229 64 43 182 189 74 214 132 98 94 43 41 27 91 142 59 216 200 43 172 249 93 91 250 26 140 26 53 73 19 71 101 102 161 238 220 128 72 114 95 145 127 27 67 57 129 225 134 223 42 97 185 231 126 69 209 83 1 99 72 217 99 250 96 55 86 195 218 1 216 134 63 254 98 30 132 204 70 222 21 158 150
128 183 206 118 136 192 39 40 197 248 121 228 77 219 202 119 98 230 20 115 236 95 198 222 223 131 105 166 205 127 233 39 129 15 53 138 226 236 15 119 209 253 39 213 190 50 22 219 70 250 35 229 99 49 242 166 76 213 145 103 197 177 122 115 44 197 193 131 216 41 130 239 199 36 105 146 19 230 232 107 246 77 135 190 122 41 57 107 80 117 103 170 49 23 40 116 197
107 30 86 55 102 91 133 85 137 255 123 98 160 250 76 91 148 180 86 67 116 217 139 119 112 200 225 224 126 130 122 238 251 183 218 91 154 20 150 4 38 79 148 86 0 90 77 110 147 52 60 53 14 138 185 24 43 237 41 240 72 21 143 220 34 49 219 176 165 153 211 129 241 104 154 94 88 22 107 249 201 224 45 85 213 226 47 53 42 238 213 37 250 101 18 85 168
133 237 31 93 32 14 107 46 202 43 111 174 232 104 204 145 125 53 96 76 186 132 86 255 240 132 120 54 106 63 95 124 29 66 15 96 71 139 53 227 16 213 139 170 246 195 18 47 68 93 195 119 62 188 195 220 249 133 247 42 195 46 208 111 116 125 78 243 203 209 237 118 229 92 64 32 184 24 170 158 74 59 90 128 157 44 56 212 83 15 27 47 77 171 163 28 47
8 248 77 84 51 100 246 65 48 0 244 208 212 2 97 73 172 128 125 236 120 193 26 123 44 58 6 117 181 76 153 82 89 119 36 174 249 79 62 93 159 250 85 136 82 111 118 2 43 125 69 44 134 186 107 18 236 47 84 118 193 20 172 99 157 69 139 91 215 1 82 102 205 220 228 141 100 192 70 15 59 79 114 115 156 82 186 94 184 52 57 46 35 120 43 230 0
11 204 105 116 50 88 211 204 216 39 222 187 94 176 141 159 92 65 83 193 41 113 95 76 88 122 61 142 146 232 192 178 68 231 40 137 44 84 203 142 31 54 70 253 85 71 180 113 94 51 93 2 253 176 204 71 4 108 232 202 16 3 1 178 41 160 116 35 160 189 17 118 50 117 187 159 90 254 55 8 87 143 157 47 91 44 179 62 123 144 62 217 33 122 35 207 3
102 159 111 103 82 213 36 182 255 184 200 109 196 135 224 172 134 145 56 69 81 217 60 32 99 252 195 39 127 97 92 198 8 245 72 232 221 236 101 18 226 150 94 134 66 17 117 200 136 218 178 223 38 206 80 44 91 56 115 135 63 52 242 82 80 142 135 145 225 198 246 112 93 115 244 18 134 54 189 135 144 40 99 210 45 162 41 136 86 74 63 49 69 108 20 95 75
246 159 108 84 254 180 63 87 208 210 55 174 148 11 222 42 94 176 109 102 84 138 138 206 52 168 80 52 4 112 159 30 72 62 166 217 201 106 11 249 235 204 90 30 163 50 24 40 251 55 91 243 183 173 59 104 236 10 124 218 201 118 116 82 184 32 25 131 27 119 232 42 139 50 13 157 96 66 244 95 218 6 221 195 138 93 59 93 226 54 114 166 51 142 73 43 114
244 16 245 108 180 215 106 227 139 103 72 163 67 177 71 97 65 56 254 213 187 191 38 211 58 167 66 157 109 51 9 171 59 48 191 93 124 11 64 181 49 47 218 134 84 10 228 225 171 117 176 73 19 95 33 76 48 212 68 122 112 128 2 174 160 235 130 244 135 1 29 93 126 129 142 184 14 121 40 134 240 32 110 127 152 117 181 203 78 246 253 222 74 190 115 173 169
134 231 1 26 212 47 52 182 115 88 79 181 101 88 39 55 135 164 189 68 40 47 233 204 176 189 68 55 158 50 165 163 68 10 48 100 135 77 125 94 180 73 76 10 116 133 113 190 115 230 36 16 193 93 60 160 13 136 47 108 95 10 187 148 117 137 160 33 199 238 142 59 96 15 176 110 22 60 45 176 147 34 75 21 69 16 78 6 125 25 100 196 15 123 12 122 49
90 77 190 38 229 120 29 116 52 183 240 123 47 221 189 228 68 120 88 134 106 212 56 245 247 126 58 239 119 64 233 247 114 106 241 142 82 61 85 107 114 190 50 21 44 58 81 225 238 212 61 139 83 106 116 60 90 146 149 235 139 19 183 61 141 240 29 33 138 140 208 93 117 227 234 190 106 23 166 31 26 179 215 249 221 22 142 134 21 4 0 196 202 59 124 97 41
55 235 138 31 231 255 81 189 179 192 145 62 78 224 137 66 49 203 59 211 191 102 0 221 84 162 235 127 63 171 132 70 3 111 110 79 184 56 176 40 96 161 67 146 79 131 244 88 100 150 8 118 64 67 113 15 73 132 47 124 51 233 118 145 160 61 94 116 50 254 1 117 140 67 199 177 130 58 86 125 56 135 255 189 216 157 96 197 39 200 91 223 104 49 147 84 242
111 237 242 136 135 132 59 170 51 144 24 213 64 45 148 71 0 225 35 82 70 212 46 1 163 156 67 83 68 109 5 125 59 94 119 143 48 157 251 163 141 203 76 39 131 18 76 128 9 154 240 118 53 125 97 185 233 9 226 247 111 21 98 172 251 120 50 90 1 51 124 50 52 118 220 165 8 67 48 71 151 89 88 42 140 125 187 229 34 53 63 88 143 250 40 120 193
23 205 129 130 139 137 247 27 247 79 217 145 141 113 120 253 136 210 175 118 161 65 252 58 197 117 172 21 61 186 125 51 71 116 107 106 31 169 199 255 254 59 62 58 67 133 163 62 47 30 107 11 152 23 198 29 74 250 234 245 116 115 108 111 82 128 43 132 85 82 41 118 178 100 117 230 44 174 0 19 115 110 248 155 247 137 177 90 63 226 255 10 122 102 39 14 146
113 212 43 226 127 234 52 240 119 220 102 70 171 208 214 50 103 43 94 38 35 136 88 102 62 84 20 39 48 44 231 129 211 194 229 150 119 198 92 203 15 71 119 119 162 94 184 88 251 230 136 55 199 162 63 136 139 238 125 143 9 104 156 125 170 104 4 151 10 87 20 141 148 176 128 83 155 165 197 136 100 196 22 106 152 115 152 116 1 100 154 207 50 161 225 154 51
236 226 186 236 119 231 91 183 137 82 143 69 123 34 96 20 101 241 254 31 195 134 129 91 134 30 146 68 120 164 242 113 96 6 48 187 244 118 83 198 51 32 229 122 46 133 72 70 233 203 165 56 226 124 78 149 236 172 171 153 140 137 89 44 139 152 199 136 22 80 123 115 80 31 53 67 9 171 235 159 202 7 59 106 112 105 148 243 102 77 211 30 96 103 56 55 126
141 250 101 124 200 174 240 152 244 199 167 82 120 178 60 80 36 191 220 228 113 71 139 18 59 111 214 140 108 19 229 80 47 243 127 87 161 224 210 61 123 53 148 110 211 81 111 135 204 51 146 119 137 76 196 82 47 14 221 44 84 141 141 125 41 98 96 119 91 18 112 163 39 152 81 54 150 27 43 172 37 255 96 73 20 38 253 192 162 111 181 45 89 194 82 186 13
127 22 45 168 30 109 223 125 134 239 97 232 39 161 135 71 104 24 235 219 98 101 62 22 22 26 168 133 146 209 54 91 164 204 93 115 73 226 143 105 231 177 33 129 109 89 155 226 248 34 147 57 38 182 104 62 98 251 165 19 129 51 177 234 129 226 85 64 125 95 183 24 125 166 177 67 213 115 79 141 183 221 116 50 72 80 148 14 133 159 175 90 23 40 115 134 213
54 150 111 210 196 39 62 134 162 174 108 120 141 84 197 87 161 245 46 45 203 241 34 248 219 18 56 0 252 234 37 169 183 81 223 179 132 244 217 87 117 119 148 81 78 102 137 122 121 60 245 143 199 137 143 227 91 234 83 41 111 29 92 135 143 251 240 102 48 160 134 251 46 135 13 130 59 27 111 232 94 170 190 129 231 52 177 120 21 42 239 75 224 84 133 60 212
182 194 36 108 26 180 89 215 207 81 190 94 121 89 27 99 136 184 190 111 232 39 71 27 208 59 163 45 142 125 82 159 94 73 140 45 152 14 13 67 71 72 95 1 184 13 145 51 122 247 88 96 81 95 142 232 78 229 167 127 127 74 53 251 191 99 44 128 94 68 151 81 77 5 221 28 64 183 141 147 99 26 184 44 50 133 203 234 131 38 183 8 63 137 125 46 128
81 211 48 76 78 146 1 173 57 118 111 67 159 55 82 128 138 0 61 99 218 213 164 164 76 224 82 170 108 82 166 200 222 5 224 79 21 122 150 7 169 44 92 112 3 19 228 141 37 137 70 55 58 27 27 82 52 175 56 35 46 215 51 76 183 66 144 220 140 86 252 203 205 217 215 89 91 81 24 16 139 65 158 105 164 151 230 144 202 149 117 140 175 43 36 108 157
241 199 88 143 147 31 78 112 74 109 105 48 143 58 96 91 158 19 136 114 147 236 209 206 220 237 193 222 128 125 18 193 222 242 10 169 178 60 43 74 45 141 93 50 243 3 71 136 53 219 123 69 34 114 170 11 253 26 251 245 135 85 122 212 62 94 197 114 183 110 57 210 119 32 83 118 181 86 104 136 163 5 127 22 54 91 119 71 86 167 119 126 112 130 138 43 134
225 254 86 176 205 192 85 38 117 146 112 127 154 204 54 95 109 140 162 211 135 238 123 183 101 122 98 30 138 196 127 67 85 163 66 153 198 25 104 237 38 198 60 11 186 187 251 162 106 60 81 143 112 60 59 67 54 40 62 30 182 111 74 127 104 103 41 45 208 84 57 58 140 234 255 19 110 208 93 147 72 166 215 117 213 116 149 83 43 74 156 224 139 107 190 254 72
10 23 236 226 188 43 168 100 50 67 41 90 72 178 189 162 117 58 139 40 142 191 161 135 105 234 73 89 165 19 38 221 54 211 118 168 246 95 119 131 103 213 51 59 100 187 121 96 139 146 110 187 74 103 227 19 135 122 180 128 88 224 237 187 13 188 222 80 236 189 242 189 236 124 245 174 97 236 252 124 171 243 211 91 110 84 35 39 121 121 218 202 187 239 194 249 8
80 54 93 32 162 160 229 191 127 95 14 230 200 69 114 7 219 121 97 58 70 153 65 246 84 59 157 116 141 15 84 208 101 44 127 180 141 0 232 209 231 63 69 167 14 142 175 224 70 115 30 69 18 42 105 106 252 74 179 193 89 149 26 97 47 131 25 61 71 128 178 118 193 35 131 194 118 114 140 145 106 37 199 116 29 138 189 34 143 64 189 241 161 99 200 244 122