91 8 32 4
87
191 45 114 188 96 236 84 226
0 26 105 5 136 139 27 51
39 101 14 6 39 90 0 165
3 0 81 184 84 86 82 18
0 204 22 73 83 28 52 52
41 246 253 100 19 250 208 132
214 62 45 65 22 32 107 87
152 176 133 87 175 65 65 95
177 87 138 173 64 53 88 80
60 237 90 89 84 180 35 243
161 10 36 125 154 72 104 169
0 217 92 40 107 30 200 7
149 221 21 239 225 174 90 0
135 94 0 210 191 134 108 45
88 14 48 12 57 252 79 50
137 90 183 182 0 175 9 200
196 45 20 117 254 0 100 0
197 162 52 73 4 232 33 25
102 76 24 249 184 44 84 0
216 152 60 0 156 0 113 3
104 206 132 227 117 47 191 181
42 0 93 33 44 52 27 218
96 133 26 164 0 212 96 77
243 79 235 58 0 0 21 170
15 88 206 164 211 87 227 0
150 66 58 167 30 189 148 155
39 28 58 63 199 184 0 137
198 16 204 203 94 252 39 39
81 24 241 216 208 243 25 145
170 17 12 86 57 0 32 0
80 0 7 79 71 101 142 20
111 29 0 16 20 0 0 40
55 0 25 42 0 232 23 95
249 0 35 179 31 0 0 0
48 13 35 61 42 0 0 16
0 88 95 80 65 120 7 20
4 158 161 75 248 233 3 74
20 169 92 110 199 229 223 220
170 112 230 119 76 17 54 59
214 150 186 180 62 195 6 48
0 92 0 77 70 141 89 71
104 0 229 10 253 129 95 242
102 31 0 22 214 111 15 76
168 206 40 101 54 78 75 162
36 68 138 29 0 80 64 5
18 143 0 41 98 79 4 126
211 195 64 185 184 0 6 95
138 3 197 174 126 45 216 133
42 62 66 6 8 43 232 0
171 45 84 140 36 83 220 156
226 49 51 232 73 113 22 109
212 9 8 25 147 64 15 167
22 0 207 3 122 209 243 18
69 95 255 95 213 12 188 154
33 191 136 29 118 209 206 178
61 0 173 0 82 55 228 0
45 143 196 72 96 85 111 143
0 132 97 58 70 151 174 53
0 26 26 160 29 7 100 196
71 184 0 0 28 227 141 113
127 162 231 115 212 244 30 78
0 0 46 41 137 49 218 72
41 220 0 18 94 63 31 19
72 98 33 41 111 195 141 168
165 92 186 108 7 1 37 22
52 112 215 58 98 163 8 23
178 0 56 139 61 240 85 102
39 99 249 109 144 231 19 175
131 250 200 211 48 232 153 168
0 32 101 252 13 100 147 164
100 79 23 48 255 43 65 189
59 3 65 225 118 73 160 113
162 112 248 102 42 76 182 235
10 103 115 120 0 221 25 14
186 76 192 106 151 0 19 166
7 108 177 16 134 84 96 0
85 10 53 142 110 135 43 244
64 72 240 123 214 90 10 3
18 188 255 201 209 222 240 81
138 0 251 84 92 33 169 215
107 28 50 141 70 71 252 28
234 172 224 179 97 225 74 152
129 188 205 238 18 139 206 76
143 97 211 149 202 195 38 226
82 100 201 71 233 152 206 158
82 148 2 72 12 38 225 251
26 166 17 181 21 157 227 30
112 0 64 252 236 179 163 164
79 115 53 150 176 88 142 2
146 224 115 18 168 189 17 0
104 60 21 70 91 141 58 220