36 20 3 15
3
127 56 103 17 53 157 178 143 143 141 141 140 20 146 141 145 144 146 142 182
141 17 3 224 143 143 140 141 143 143 144 143 143 143 187 143 142 143 144 141
141 225 255 140 143 90 95 144 141 146 145 143 141 146 143 143 145 143 145 143
21 48 147 185 51 210 169 143 17 143 94 143 146 143 144 146 145 140 145 142
210 171 146 242 111 145 143 143 148 145 145 143 140 140 143 223 146 140 143 143
94 252 79 143 73 179 241 143 141 144 145 140 68 144 145 145 140 179 144 140
221 125 247 230 143 253 160 145 142 31 144 144 142 144 143 140 141 142 141 143
49 248 108 140 80 92 143 144 142 143 144 143 141 142 144 142 140 144 143 146
3 255 246 56 145 83 187 146 142 142 141 140 146 143 144 140 140 146 142 143
98 92 119 178 168 143 180 143 146 143 62 146 144 145 143 237 145 143 142 145
161 190 89 190 146 78 5 144 144 146 143 146 145 141 144 146 140 46 143 142
87 243 154 143 212 245 144 144 143 143 140 143 140 142 146 146 143 141 142 143
94 142 82 102 200 140 23 94 193 132 220 145 171 228 159 140 222 116 84 217
235 145 67 216 0 229 47 7 130 142 77 245 74 32 140 32 141 147 158 145
119 92 234 119 55 17 141 207 46 29 53 78 74 140 146 8 146 217 252 237
213 217 144 143 162 89 242 33 167 242 145 194 183 146 243 164 143 144 146 146
143 235 146 77 212 62 95 142 8 153 159 71 253 232 224 146 117 104 56 159
239 195 145 79 143 143 110 125 64 155 37 177 136 141 141 33 117 170 142 111
143 144 142 232 230 245 146 151 202 180 142 145 63 67 89 17 141 250 144 141
109 32 149 141 127 111 117 159 222 182 106 87 110 240 27 78 133 197 166 159
7 102 105 88 74 195 143 142 1 56 84 178 72 154 145 102 143 255 141 231
101 196 144 49 147 253 4 142 142 242 145 183 150 77 251 196 111 142 146 227
194 67 87 99 245 72 144 144 249 255 246 13 125 146 79 173 112 141 145 82
146 140 60 143 143 174 63 155 69 88 34 215 42 146 146 163 115 82 145 6
41 246 146 245 143 90 186 107 156 250 159 144 169 146 143 117 51 218 141 155
11 144 246 194 20 173 143 142 91 151 50 155 170 62 11 177 203 205 203 234
248 140 57 133 21 103 244 19 3 43 202 225 207 91 134 60 158 247 140 146
192 7 122 92 92 143 154 150 146 176 241 176 47 169 31 145 140 55 173 141
184 140 180 141 219 214 217 207 146 14 181 248 0 145 108 57 221 161 233 143
159 236 144 56 242 236 158 146 107 142 206 96 105 114 13 114 30 213 253 97
1 216 60 83 38 11 16 142 142 214 47 153 73 155 56 66 233 22 59 68
219 121 143 145 121 140 227 231 31 75 122 11 233 104 91 161 225 145 191 140
26 36 30 205 87 246 145 79 143 14 144 6 126 140 34 243 246 8 144 243
149 142 209 90 16 163 203 72 233 160 20 52 146 94 251 242 34 220 172 43
127 167 103 122 185 222 186 54 60 196 225 11 57 251 200 142 174 68 126 142
143 181 9 147 144 210 28 84 136 228 203 143 248 129 8 146 142 143 180 243