83 2 27 2
76
253 199
217 0
37 142
244 0
202 120
237 3
118 179
164 168
113 131
0 0
68 5
52 37
0 67
143 69
208 158
0 0
0 10
86 0
78 48
28 36
75 0
23 29
29 0
0 2
0 0
5 223
0 10
89 202
26 52
0 21
0 42
0 0
3 69
23 32
0 128
68 209
30 4
52 43
11 81
115 12
8 0
156 115
208 178
19 26
4 226
228 0
170 120
68 219
110 209
60 61
162 200
53 0
217 160
194 255
87 20
60 9
73 144
106 0
13 0
83 10
152 0
187 212
168 105
13 35
0 219
0 55
37 230
79 95
3 39
24 28
116 123
59 123
22 188
52 253
210 70
199 151
74 14
0 83
5 14
41 205
88 85
1 116
46 112