23 22 9 8
89
6 253 0 57 217 54 79 92 147 0 110 59 204 19 12 150 184 39 32 137 93 22
62 251 43 161 186 0 36 108 187 94 219 13 153 254 32 227 45 1 18 105 9 37
14 40 64 129 100 155 37 49 180 210 15 0 0 180 208 227 116 250 92 243 133 207
47 204 86 76 16 157 134 158 253 217 150 209 28 155 253 226 241 210 167 152 238 211
39 211 58 45 246 225 212 44 229 155 253 66 172 90 25 142 48 226 0 107 200 184
179 79 164 28 74 56 49 223 11 104 0 185 59 91 146 101 89 242 19 164 205 189
54 162 134 108 47 0 231 66 41 98 110 15 203 172 89 75 45 223 60 70 187 219
227 8 161 154 239 38 7 117 91 65 45 0 238 19 38 48 0 6 21 6 108 155
182 18 119 46 246 37 21 32 0 117 16 44 7 18 244 60 100 111 2 124 83 25
27 66 112 222 70 166 0 44 19 98 21 173 80 161 127 14 0 12 95 106 82 225
215 9 228 127 195 33 90 41 0 111 37 109 21 95 162 34 16 21 116 89 83 101
191 42 190 0 65 67 33 0 0 69 90 9 124 254 33 106 214 29 58 0 158 77
13 162 50 42 222 0 0 17 0 102 71 73 0 0 112 114 111 65 232 105 196 201
0 0 93 10 52 19 191 0 130 91 60 97 130 56 197 98 118 5 201 151 153 88
82 203 255 122 78 38 16 30 203 6 167 89 53 65 33 66 16 165 92 81 231 40
103 139 238 36 62 146 31 76 18 69 203 156 96 33 4 102 0 23 247 9 202 25
232 163 36 109 148 138 97 64 64 0 0 69 0 96 12 48 169 0 143 118 247 95
54 21 189 121 96 149 115 250 71 201 182 101 50 156 91 16 140 20 0 30 0 172
210 175 27 28 0 243 237 6 201 200 166 79 94 132 89 82 80 224 182 36 72 123
95 10 79 169 191 57 9 23 0 36 210 226 106 64 6 99 0 39 0 214 0 96
21 126 94 14 0 168 28 240 23 138 77 76 39 38 12 45 148 18 156 27 93 1
149 104 216 0 0 241 16 71 247 65 0 49 3 132 66 21 38 74 203 252 247 63
40 109 135 23 0 194 14 89 104 225 4 0 129 202 114 231 107 160 95 49 174 241