14 62 1 45
123
167 9 218 80 241 148 25 168 112 73 214 168 145 159 248 85 32 117 132 150 198 224 81 114 142 107 166 237 241 133 4 153 123 100 48 209 239 67 103 37 212 134 153 172 134 125 131 13 191 72 200 136 86 129 123 67 98 44 38 65 183 3
181 6 168 211 35 228 243 48 218 53 78 121 152 224 192 186 109 32 115 56 95 255 183 139 131 233 91 22 26 154 53 76 168 99 67 53 2 77 32 37 143 252 237 57 173 222 105 169 230 151 244 254 222 69 173 161 26 113 243 28 135 170
143 16 129 238 110 188 40 106 38 232 9 1 149 255 180 110 25 170 199 163 141 187 136 3 115 214 162 40 146 175 18 82 103 201 239 29 41 51 100 165 138 56 107 5 212 207 60 248 165 123 62 235 51 162 23 197 147 250 100 75 215 23
85 151 142 48 254 103 232 104 15 213 144 156 145 147 51 87 250 84 38 240 228 171 244 135 193 143 53 47 56 237 147 139 238 241 115 35 246 226 204 167 36 52 183 134 248 13 104 246 238 71 224 12 129 98 157 137 255 225 112 151 46 251
129 96 34 53 150 19 142 225 161 73 1 218 202 150 238 84 48 50 79 77 192 217 133 183 63 224 63 77 5 11 99 124 238 183 208 33 22 150 175 26 111 247 170 140 71 99 235 67 213 38 140 206 175 11 78 236 4 99 253 76 38 153
78 160 56 233 82 60 188 60 34 112 47 245 155 227 244 196 29 238 6 110 191 247 240 216 88 190 203 132 147 209 248 198 237 254 145 147 120 134 231 148 75 255 96 248 184 219 228 52 128 94 56 13 50 16 66 87 232 205 92 106 121 22
98 79 238 135 120 146 18 124 16 11 247 41 187 7 54 194 255 36 203 58 213 145 50 196 173 164 177 190 230 74 185 55 220 132 211 105 203 177 56 133 211 170 213 27 231 170 176 236 51 83 50 249 80 32 1 26 135 163 27 234 104 146
131 235 255 126 161 238 110 203 237 68 59 79 237 101 184 17 1 143 206 41 46 11 146 24 60 184 173 45 113 8 62 41 132 63 174 159 93 227 32 178 38 162 35 32 28 63 148 161 125 187 151 160 214 233 165 189 176 165 135 110 30 212
97 82 215 220 214 63 1 175 85 43 79 232 4 49 148 182 55 181 128 171 227 87 108 20 60 55 3 144 102 96 174 3 69 154 175 253 180 164 131 131 215 64 167 253 149 214 38 47 101 31 154 201 31 244 62 149 104 42 56 116 65 161
246 165 41 14 248 249 112 204 21 13 211 7 244 180 1 218 232 47 73 151 192 195 33 207 154 31 114 12 174 20 237 64 102 156 44 192 225 232 182 193 242 130 36 193 171 113 166 219 157 170 188 164 17 110 66 128 38 221 90 196 52 241
165 183 95 203 53 222 48 113 73 85 220 65 143 107 210 202 100 68 158 22 117 250 185 25 247 18 197 221 231 38 136 207 40 156 115 15 128 28 98 162 245 239 86 207 217 160 157 26 34 213 94 162 152 0 79 180 31 16 73 18 166 236
159 130 27 220 149 160 7 246 237 10 80 63 50 186 96 149 83 188 231 178 195 4 94 49 17 19 180 33 84 16 148 76 68 201 23 3 221 1 100 4 28 0 142 88 67 214 219 32 92 6 155 17 208 83 185 70 100 232 72 191 188 31
69 196 217 23 157 234 128 175 39 114 67 52 174 190 189 135 249 182 45 171 221 165 185 23 213 41 19 20 165 84 46 134 222 187 83 65 150 179 156 62 196 169 38 215 100 223 10 101 72 134 85 234 18 86 15 16 158 192 186 241 182 112
150 55 50 230 154 25 170 186 228 21 90 39 100 201 180 26 73 159 237 129 185 217 69 236 146 206 148 213 112 224 50 94 211 65 2 34 158 75 143 16 28 6 16 238 87 183 85 105 15 123 43 134 85 183 32 26 63 199 82 37 85 246