45 8 13 7
17
178 108 177 82 21 199 179 194
76 170 26 105 96 175 34 254
248 246 54 114 185 187 86 187
93 54 167 44 66 190 21 190
217 159 220 247 174 128 11 178
151 247 99 47 171 144 178 151
27 61 162 139 29 185 186 44
181 191 165 13 106 98 159 213
144 4 160 250 185 167 175 182
102 42 95 237 186 184 189 175
178 66 177 169 129 189 171 181
176 138 159 175 192 188 177 173
166 56 176 165 188 43 175 191
50 29 185 223 188 162 169 181
162 160 192 177 174 160 161 179
161 64 190 163 168 167 179 191
40 29 189 175 189 171 175 187
214 233 164 186 166 177 160 191
255 138 174 173 169 242 189 207
80 199 159 159 175 141 187 243
167 203 250 239 188 242 179 178
213 238 174 200 111 214 187 162
100 191 255 185 19 11 190 182
181 191 52 81 104 23 107 116
13 219 88 8 18 163 178 124
95 237 227 181 176 240 184 22
28 9 169 77 119 92 172 181
171 167 28 25 11 189 158 167
76 150 158 184 131 133 133 248
7 164 135 206 27 45 237 25
74 51 61 11 177 162 73 67
78 49 23 238 230 18 172 113
159 178 169 21 163 187 18 63
115 144 152 198 229 180 73 129
214 37 240 112 145 212 94 167
171 181 250 103 79 184 97 127
169 128 86 183 192 136 203 193
68 99 75 54 88 103 159 151
71 190 41 169 185 188 238 49
189 26 86 225 226 174 157 138
155 169 158 13 179 121 158 170
224 182 1 189 185 252 129 61
122 232 42 26 163 26 127 142
33 233 61 25 158 222 161 171
46 139 25 201 199 4 160 19