29 52 8 29
79
106 79 172 131 145 167 253 70 86 243 250 169 208 87 215 230 230 218 255 255 188 224 196 97 196 249 255 255 249 227 204 172 184 255 227 255 255 203 255 255 191 255 63 203 161 255 184 3 193 176 65 165
110 255 173 156 253 33 131 9 190 189 170 107 176 252 156 156 169 43 255 228 201 255 196 233 219 255 234 198 239 255 255 179 177 179 205 138 255 255 255 200 222 205 255 153 255 179 224 209 13 104 5 44
38 68 173 159 25 236 201 23 65 255 80 38 255 131 9 16 245 255 252 255 255 220 255 255 217 255 197 23 169 255 221 255 255 255 176 235 255 255 255 255 230 255 175 92 105 227 218 54 72 104 164 50
188 200 25 43 215 242 237 19 135 138 230 255 211 135 115 144 255 134 255 255 211 255 201 177 255 228 255 200 255 207 243 255 255 254 255 255 215 243 242 221 226 255 194 49 143 219 33 54 78 131 39 47
96 54 84 199 195 99 255 83 6 148 180 228 94 114 82 255 255 177 90 59 255 255 255 93 255 226 255 186 248 210 255 200 214 221 255 241 175 255 46 145 255 255 247 146 73 28 255 145 255 255 234 244
253 130 226 66 208 228 165 181 186 255 112 255 88 113 168 137 255 178 255 255 213 239 255 207 180 185 247 255 255 222 255 255 220 255 255 255 255 249 255 255 255 255 255 255 173 255 233 143 162 78 235 226
82 21 210 66 25 137 207 160 255 170 245 163 201 255 34 97 219 255 242 206 255 247 236 255 177 177 162 95 255 47 255 255 255 251 255 252 255 217 255 230 255 30 230 100 15 163 56 202 35 56 65 255
195 107 181 161 156 129 162 239 201 187 166 73 168 179 186 79 255 190 255 237 211 212 255 255 255 250 198 255 247 255 214 68 232 198 255 255 255 255 255 218 255 249 255 18 221 184 65 11 52 198 210 228
186 33 53 142 213 217 255 255 52 166 56 241 255 169 97 190 255 199 89 255 208 255 148 184 238 207 219 255 211 232 170 227 174 255 213 234 190 255 55 255 195 184 215 100 152 65 180 115 57 121 6 10
220 109 153 49 93 81 159 41 110 191 31 17 190 34 177 219 255 255 255 255 224 255 255 173 255 176 176 174 255 223 200 255 203 247 252 255 255 203 255 255 255 196 238 255 120 2 235 13 239 39 204 83
137 74 64 176 226 115 44 179 38 223 184 61 31 54 137 93 207 206 255 255 255 218 254 220 255 201 255 195 255 213 215 255 255 247 255 232 178 255 255 255 195 168 211 255 211 255 221 189 255 38 0 255
255 16 13 60 168 0 156 77 29 114 98 70 4 81 46 94 203 174 255 255 200 173 208 5 255 255 233 173 78 231 184 255 255 255 255 255 40 255 154 216 255 255 255 132 21 255 227 187 219 138 224 175
203 28 44 98 176 149 107 169 252 166 209 76 185 73 50 200 216 231 24 255 194 238 255 255 192 198 255 242 17 178 252 255 255 255 253 185 53 255 51 255 172 255 255 194 251 10 208 4 255 88 22 112
140 188 215 239 238 128 6 255 70 255 123 92 93 219 1 86 226 7 220 255 255 255 255 255 242 123 255 255 208 255 204 232 198 255 149 240 255 206 255 255 222 232 255 152 255 63 14 80 197 93 80 79
109 32 46 198 184 62 0 100 150 160 125 182 124 234 108 253 175 255 218 255 232 245 220 255 192 255 180 255 206 255 203 23 255 237 250 187 169 246 214 186 255 255 255 195 126 92 9 210 2 101 186 89
159 4 51 20 62 208 30 255 255 113 97 169 131 41 153 159 200 202 255 255 182 247 182 246 177 255 187 129 201 255 227 255 255 255 187 179 255 190 255 255 255 249 202 255 139 68 57 255 220 51 198 101
244 88 223 142 184 255 227 177 255 180 233 134 151 190 214 24 255 255 255 246 255 255 255 251 255 222 217 255 174 185 168 8 219 255 215 255 94 214 247 221 255 245 76 174 199 4 218 129 35 53 17 74
185 78 185 87 59 108 195 248 54 94 251 30 227 222 240 227 121 255 255 255 244 174 184 255 240 111 239 12 255 255 223 255 255 241 255 180 255 179 220 181 246 255 232 5 190 119 191 64 255 117 221 186
28 255 57 121 192 78 255 116 108 63 20 208 4 33 1 74 230 255 171 227 247 171 184 168 255 211 255 208 255 255 186 255 242 255 255 255 150 221 204 255 255 181 255 37 142 153 84 70 140 10 242 184
237 118 121 130 188 26 126 236 38 73 215 244 211 36 255 27 255 231 214 255 250 255 174 232 255 207 215 172 198 255 214 255 255 197 255 255 255 197 255 255 205 228 255 62 22 242 31 1 2 86 240 217
188 252 181 16 65 16 145 112 79 95 233 24 153 194 37 243 255 255 255 255 237 255 247 194 187 198 219 176 128 255 181 255 183 236 240 255 255 255 255 185 216 236 221 58 246 171 81 121 192 176 35 16
255 254 114 67 205 170 208 95 176 118 97 19 255 218 95 214 212 251 241 249 250 255 220 176 255 120 255 234 255 255 183 255 255 255 169 232 255 225 226 177 255 255 245 102 254 237 255 92 77 162 21 197
163 250 197 86 185 23 176 73 11 70 199 126 255 219 181 67 148 203 27 171 168 16 153 255 200 255 130 73 166 112 255 77 111 62 25 232 255 177 143 75 61 2 255 217 207 213 9 58 243 66 255 74
169 203 37 20 177 255 95 187 187 237 126 117 62 210 76 34 0 181 238 60 23 206 255 237 136 189 201 142 237 199 255 199 255 237 170 172 232 31 101 212 189 5 40 204 98 242 117 232 255 95 3 38
158 175 190 204 255 183 161 87 23 255 142 134 255 47 144 191 255 149 177 66 179 105 218 161 238 90 32 171 240 255 131 143 135 76 255 132 175 172 87 255 191 67 155 153 187 167 229 62 13 62 255 168
146 225 237 250 255 174 112 21 114 134 255 209 204 255 68 16 190 147 206 255 255 114 3 255 20 0 88 22 45 115 210 51 34 106 134 41 249 58 40 255 155 229 80 117 80 184 141 53 147 117 218 117
116 236 160 173 229 176 144 183 33 86 203 198 111 65 220 255 222 67 78 7 243 191 8 248 217 13 124 171 114 64 181 154 255 181 255 87 165 130 86 231 253 116 181 93 195 182 228 243 92 164 149 251
192 20 253 208 58 198 100 140 190 254 145 183 124 157 33 176 107 49 255 2 211 117 214 141 208 45 47 144 104 5 49 248 12 10 255 203 188 149 50 157 208 110 250 194 78 239 124 209 48 105 231 94
255 4 197 144 182 37 171 59 21 255 255 136 186 255 29 14 93 168 144 255 110 173 24 170 146 49 82 212 169 122 188 5 255 202 16 213 62 245 190 62 235 53 16 23 52 185 176 17 97 41 255 127