17
6 15 203
0 1 42
0 2 20
0 3 31
0 4 29
0 5 33
1 2 58
1 3 45
1 4 68
1 5 47
2 3 28
2 4 32
2 5 51
3 4 57
3 5 61
4 5 34
5 9 159
0 1 18
0 2 20
0 3 70
0 4 80
1 2 15
1 4 35
2 3 36
2 4 60
3 4 50
6 11 150
0 1 15
0 2 20
0 4 61
0 5 60
1 2 16
1 3 18
2 3 10
2 4 25
3 4 30
3 5 32
4 5 40
5 10 81
0 1 25
0 2 40
0 3 31
0 4 27
1 2 17
1 3 30
1 4 24
2 3 6
2 4 1
3 4 7
4 6 79
0 1 25
0 2 40
0 3 31
1 2 17
1 3 30
2 3 6
5 10 196
0 1 25
0 2 50
0 3 51
0 4 30
1 2 40
1 3 41
1 4 45
2 3 35
2 4 65
3 4 80
5 10 25
0 1 2
0 2 1
0 3 3
0 4 6
1 2 4
1 3 13
1 4 5
2 3 7
2 4 23
3 4 33
5 10 40
0 1 12
0 2 7
0 3 9
0 4 8
1 2 11
1 3 7
1 4 6
2 3 12
2 4 13
3 4 8
6 15 2011
0 1 353
0 2 582
0 3 372
0 4 641
0 5 559
1 2 231
1 3 99
1 4 426
1 5 502
2 3 331
2 4 326
2 5 750
3 4 269
3 5 403
4 5 424
5 10 676
0 1 185
0 2 119
0 3 152
0 4 133
1 2 121
1 3 150
1 4 200
2 3 174
2 4 120
3 4 199
7 21 20100
0 1 7500
0 2 5000
0 3 2800
0 4 3500
0 5 1500
0 6 2200
1 2 3000
1 3 6000
1 4 8000
1 5 6500
1 6 5000
2 3 4000
2 4 4800
2 5 3500
2 6 2800
3 4 2000
3 5 3000
3 6 2900
4 5 4000
4 6 3200
5 6 1300
10 45 1914
0 1 185
0 2 119
0 3 152
0 4 133
0 5 321
0 6 297
0 7 277
0 8 412
0 9 381
1 2 121
1 3 150
1 4 200
1 5 404
1 6 458
1 7 492
1 8 379
1 9 427
2 3 174
2 4 120
2 5 332
2 6 439
2 7 348
2 8 245
2 9 443
3 4 199
3 5 495
3 6 480
3 7 500
3 8 454
3 9 489
4 5 315
4 6 463
4 7 204
4 8 396
4 9 487
5 6 356
5 7 211
5 8 369
5 9 222
6 7 471
6 8 241
6 9 235
7 8 283
7 9 478
8 9 304
6 15 35
0 1 10
0 2 12
0 3 2
0 4 14
0 5 9
1 2 11
1 3 15
1 4 4
1 5 8
2 3 16
2 4 17
2 5 6
3 4 3
3 5 7
4 5 5
5 10 66
0 1 15
0 2 30
0 3 12
0 4 11
1 2 14
1 3 40
1 4 13
2 3 16
2 4 23
3 4 22
7 21 3900
0 1 1748
0 2 1804
0 3 941
0 4 1088
0 5 561
0 6 1141
1 2 243
1 3 819
1 4 660
1 5 1204
1 6 630
2 3 928
2 4 769
2 5 1313
2 6 779
3 4 168
3 5 388
3 6 263
4 5 553
4 6 299
5 6 588
6 15 124
0 1 31
0 2 91
0 3 11
0 4 30
0 5 10
1 2 80
1 3 41
1 4 21
1 5 20
2 3 40
2 4 22
2 5 32
3 4 60
3 5 12
4 5 90
15 105 17393
0 1 2079
0 2 1578
0 3 6000
0 4 1737
0 5 2764
0 6 2773
0 7 2595
0 8 2892
0 9 1183
0 10 1849
0 11 611
0 12 294
0 13 5130
0 14 788
1 2 2824
1 3 6083
1 4 2120
1 5 2942
1 6 2941
1 7 3193
1 8 3500
1 9 1571
1 10 2017
1 11 2161
1 12 2173
1 13 5298
1 14 2108
2 3 4736
2 4 716
2 5 1453
2 6 1594
2 7 1004
2 8 1301
2 9 2528
2 10 906
2 11 2171
2 12 1854
2 13 3951
2 14 2348
3 4 4275
3 5 3836
3 6 3142
3 7 4821
3 8 5128
3 9 6548
3 10 4076
3 11 6508
3 12 6191
3 13 785
3 14 6685
4 5 1134
4 6 1133
4 7 1366
4 8 1673
4 9 2285
4 10 209
4 11 2330
4 12 2013
4 13 3490
4 14 2507
5 6 694
5 7 991
5 8 1298
5 9 3407
5 10 935
5 11 3357
5 12 3040
5 13 3051
5 14 3534
6 7 1679
6 8 1986
6 9 3406
6 10 934
6 11 3366
6 12 3049
6 13 2357
6 14 3543
7 8 300
7 9 3541
7 10 1186
7 11 3188
7 12 2875
7 13 4036
7 14 3365
8 9 3838
8 10 1493
8 11 3485
8 12 3168
8 13 4343
8 14 3662
9 10 2482
9 11 688
9 12 1075
9 13 5763
9 14 537
10 11 2442
10 12 2125
10 13 3291
10 14 2619
11 12 395
11 13 5723
11 14 185
12 13 5406
12 14 572
13 14 5900
