8
3 3
1 2 3
4 5 6
7 8 9
1 0
2 1
4 2
5 12
25 18 32 38 49
64 92 62 52 67
1 39 83 62 43
99 88 89 74 45
33 89 87 73 13
69 77 62 7 15
9 46 15 77 87
3 57 77 95 48
86 70 93 78 95
22 53 49 49 55
60 97 26 65 73
32 95 63 13 100
13 14
18 20
21 14
6 25
16 16
3 3
99 100 37
1 29 55
32 47 68
5 2
6 1
3 4
20 12
82 48 40 26 43 85 2 2 7 88 44 62 15 87 6 43 41 42 45 49
69 90 81 30 8 52 30 57 70 41 92 29 8 71 78 85 48 85 13 21
28 2 98 80 45 11 67 77 15 74 57 96 11 17 42 48 9 29 100 74
18 3 89 90 30 7 64 80 46 98 46 91 44 77 56 3 40 39 57 64
14 55 46 17 41 47 0 3 83 32 25 28 65 37 83 36 58 1 26 55
89 20 12 18 46 4 43 92 30 0 57 14 92 84 74 88 63 36 58 12
24 20 52 80 44 17 54 14 82 83 84 60 55 100 27 89 49 48 33 71
84 10 72 57 87 38 93 27 19 52 17 50 9 81 88 14 65 83 16 75
77 15 67 45 36 94 48 82 26 16 63 51 32 49 57 26 97 94 32 43
24 41 24 48 19 24 6 92 49 0 99 20 30 43 37 29 78 9 38 78
54 55 17 3 62 68 48 70 73 60 21 36 41 12 9 25 55 50 29 29
42 22 46 24 80 87 60 100 51 41 80 94 54 99 83 48 16 40 95 1
8 4
7 25
24 6
3 24
16 19
13 2
0 5
14 3
12 1
7 11
3 4
23 22
17 3
12 9
9 13
24 24
10 3
1 12
9 24
22 6
20 12
0 0 0 0 0 0 0 0 0 0 0 0 0 0 0 0 0 0 0 0
0 0 0 0 0 0 0 0 0 0 0 0 0 0 0 0 0 0 0 0
0 0 0 0 0 0 0 0 0 0 0 0 0 0 0 0 0 0 0 0
0 0 0 0 0 0 0 0 0 0 0 0 0 0 0 0 0 0 0 0
0 0 0 0 0 0 0 0 0 0 0 0 0 0 0 0 0 0 0 0
0 0 0 0 0 0 0 0 0 0 0 0 0 0 0 0 0 0 0 0
0 0 0 0 0 0 0 0 0 0 0 0 0 0 0 0 0 0 0 0
0 0 0 0 0 0 0 0 0 0 0 0 0 0 0 0 0 0 0 0
0 0 0 0 0 0 0 0 0 0 0 0 0 0 0 0 0 0 0 0
0 0 0 0 0 0 0 0 0 0 0 0 0 0 0 0 0 0 0 0
0 0 0 0 0 0 0 0 0 0 0 0 0 0 0 0 0 0 0 0
0 0 0 0 0 0 0 0 0 0 0 0 0 0 0 0 0 0 0 0
1 2
1 2
1 2
1 2
1 2
1 2
1 2
1 2
1 2
1 2
1 2
1 2
1 2
1 2
1 2
1 2
1 2
1 2
1 2
1 2
20 12
13 0 74 50 11 68 46 0 72 94 54 77 64 23 78 94 88 21 74 57
56 54 75 50 0 72 70 96 5 62 42 27 83 44 21 88 11 32 14 59
54 99 65 11 79 77 59 83 18 22 97 60 60 10 17 58 4 30 47 97
58 61 73 94 62 10 22 22 50 54 22 32 50 9 10 42 73 51 90 93
32 70 35 100 24 16 12 13 60 16 1 90 44 38 95 5 28 20 7 24
1 91 1 23 18 60 77 26 66 7 94 94 9 28 3 17 0 83 29 44
94 58 52 19 59 82 49 61 92 85 78 98 25 74 43 27 86 56 30 4
21 38 18 62 0 21 49 95 100 77 26 35 85 2 31 13 2 41 34 65
23 51 54 76 38 20 46 59 96 74 19 97 99 28 75 25 94 45 61 27
92 31 87 81 18 1 90 63 100 20 49 80 47 50 3 64 68 0 13 85
64 96 27 58 6 6 26 27 39 22 88 10 75 28 32 5 19 1 32 78
46 52 72 36 51 26 27 35 55 94 21 66 49 92 52 33 32 57 77 85
13 17
25 22
9 6
8 22
21 24
22 17
9 19
15 12
18 19
9 7
1 5
21 22
25 0
7 12
15 24
11 22
16 18
4 15
16 25
21 8
1 10
37
36
86
15
13
7
4
57
43
5
10 3
1 1
1
3 2
