27
30 01 58 S 51 13 48 W
27 35 49 S 48 32 56 W
25 25 47 S 49 16 19 W
23 32 52 S 46 38 09 W
22 54 10 S 43 12 28 W
19 49 01 S 43 57 21 W
20 19 08 S 40 20 16 W
20 26 34 S 54 38 45 W
15 35 45 S 56 05 49 W
15 47 38 S 47 52 58 W
16 40 00 S 49 15 00 W
10 11 04 S 48 20 01 W
08 45 43 S 63 54 14 W
09 59 30 S 67 48 36 W
00 00 12 S 60 40 19 W
00 02 18 S 51 03 59 W
03 06 00 S 60 01 00 W
01 27 21 S 48 30 14 W
12 58 16 S 38 30 39 W
10 54 36 S 37 04 12 W
09 39 57 S 35 44 06 W
08 03 14 S 34 52 51 W
02 31 48 S 44 18 10 W
05 05 20 S 42 48 07 W
03 43 06 S 38 32 34 W
05 47 42 S 35 12 32 W
07 05 00 S 34 50 00 W
