100
22 49 59 S 47 36 28 W
23 48 6 S 48 44 9 W
23 49 0 S 47 43 7 W
22 47 58 S 47 48 5 W
22 46 22 S 48 31 47 W
22 48 58 S 47 42 11 W
22 46 43 S 48 41 54 W
23 50 37 S 48 42 17 W
22 47 43 S 47 34 40 W
22 46 52 S 47 45 0 W
22 46 5 S 47 49 49 W
23 46 14 S 47 44 44 W
23 49 12 S 47 48 33 W
23 46 4 S 48 41 42 W
22 46 12 S 48 40 36 W
23 47 51 S 48 36 29 W
23 49 47 S 47 32 2 W
22 49 59 S 48 50 54 W
22 50 38 S 47 41 48 W
23 47 42 S 47 36 23 W
22 45 41 S 47 44 9 W
22 48 28 S 47 46 49 W
23 46 49 S 48 38 24 W
22 49 39 S 47 36 51 W
23 47 42 S 48 33 57 W
23 46 5 S 48 47 44 W
23 47 52 S 47 41 7 W
22 50 25 S 47 48 35 W
23 45 59 S 47 32 45 W
23 48 29 S 48 37 46 W
22 46 6 S 47 38 12 W
23 50 9 S 47 30 25 W
23 50 42 S 48 49 2 W
22 49 11 S 48 32 43 W
23 49 19 S 48 39 5 W
22 48 53 S 47 31 30 W
22 45 35 S 47 39 28 W
22 49 24 S 48 33 25 W
22 49 18 S 47 48 59 W
23 47 53 S 48 41 5 W
23 45 39 S 47 37 40 W
23 45 2 S 48 48 42 W
23 47 56 S 48 49 26 W
23 47 32 S 47 37 2 W
22 47 47 S 48 40 33 W
22 46 38 S 48 33 9 W
22 49 55 S 48 50 22 W
23 47 48 S 48 33 49 W
22 48 27 S 47 40 24 W
22 50 11 S 47 34 12 W
22 46 18 S 48 38 6 W
22 48 5 S 48 34 44 W
23 50 30 S 48 34 58 W
23 46 6 S 48 35 16 W
23 48 35 S 48 42 0 W
22 50 19 S 47 42 16 W
22 47 3 S 47 35 23 W
22 45 38 S 47 45 6 W
22 45 20 S 48 38 35 W
23 47 52 S 48 49 34 W
22 46 35 S 47 50 52 W
22 50 58 S 47 34 56 W
23 50 53 S 48 48 56 W
22 46 54 S 48 37 10 W
23 46 17 S 47 43 47 W
23 45 43 S 47 32 26 W
22 50 41 S 47 31 3 W
23 45 49 S 47 40 43 W
22 49 30 S 48 43 35 W
23 45 4 S 48 45 41 W
22 47 57 S 47 37 13 W
23 47 50 S 48 48 7 W
22 45 39 S 47 36 52 W
23 48 20 S 47 45 5 W
23 49 8 S 48 41 3 W
23 47 59 S 47 44 50 W
23 50 33 S 48 34 39 W
22 50 49 S 47 44 59 W
23 48 52 S 48 48 19 W
23 49 41 S 48 38 16 W
22 45 11 S 48 46 18 W
23 45 55 S 48 31 48 W
23 46 6 S 48 42 26 W
23 47 24 S 48 33 55 W
22 50 36 S 47 39 56 W
23 48 28 S 48 30 49 W
22 46 0 S 47 48 20 W
22 46 35 S 48 44 41 W
22 49 44 S 48 31 29 W
22 49 16 S 48 36 7 W
23 48 46 S 48 45 22 W
22 50 23 S 48 35 46 W
22 47 19 S 47 43 36 W
23 46 13 S 48 44 27 W
22 49 57 S 47 38 31 W
22 49 44 S 48 50 33 W
22 49 52 S 48 30 40 W
22 50 18 S 48 46 4 W
23 46 51 S 48 47 2 W
22 46 52 S 47 44 14 W
