1000
2732
765
3303
8304
7787
6904
6137
2762
7948
9181
2787
372
7230
3529
8794
8574
2529
3426
5503
7295
3306
3360
8095
1985
7997
5693
7257
2294
8417
5452
7922
6926
6937
2536
9833
4118
3606
6462
8500
7589
4593
3390
3806
5197
5136
6185
6626
7369
9438
3552
1789
3106
309
9758
987
1190
3715
7048
2858
3908
9052
1393
693
2927
119
1783
4709
6195
4274
6175
7569
1857
3490
6210
552
7266
2875
1526
775
6011
7573
1589
925
1131
4357
6886
1786
390
6012
1007
3093
7393
9914
3940
1083
8593
8904
1874
6593
4166
4912
4190
8462
5310
1433
7615
7455
1733
8784
1167
2506
613
6081
7773
4637
259
434
7762
2722
3433
4777
8186
968
9332
4599
3791
9456
5089
3554
6756
9248
2562
6436
4723
1958
5781
9190
9582
5779
8325
157
7214
7659
567
7985
5744
251
8049
4836
1247
2180
4920
4478
826
4768
7685
1198
6731
7807
8718
9513
7412
5763
498
4271
4382
189
1849
4477
4710
6817
3001
3194
3204
1426
377
9433
2967
4145
5153
6607
2045
9297
5254
303
4461
4692
6698
7058
4938
222
7905
5729
7484
4898
1811
1820
6292
2132
3265
1825
227
2036
6227
3395
9121
1961
6550
5045
4285
3485
8980
8003
9548
8163
5590
1635
119
365
5079
9684
8434
6662
3769
6722
6860
9155
9066
5812
7968
6660
5145
235
2593
3520
1322
6759
1136
6649
6531
3690
6126
6569
4340
8695
8628
4968
2211
5509
8551
1086
1498
4667
1025
1634
4032
8668
9514
8532
1631
7130
9162
1419
6487
8844
8893
7609
8286
5403
822
3934
9322
5341
6930
460
9281
873
5876
5439
2234
238
119
8245
1096
4819
6458
4986
9431
1862
3506
3060
7086
1821
4763
2188
7445
8665
3133
8708
818
5788
3806
3463
4142
8673
8808
7782
4539
8293
7621
7599
4251
378
1279
2653
5878
7041
5197
3431
5927
9566
9350
2860
8398
9522
9094
9707
9987
2907
2791
3309
9290
945
1718
763
8434
8223
4824
4570
8513
9144
6550
9847
9822
5108
1300
7629
7974
1632
6111
216
530
7708
6944
3913
5859
131
1080
578
4590
6656
6794
2975
8703
3311
7205
952
1864
4108
5552
7933
3414
553
4468
5875
4428
8895
177
6643
3994
7957
4164
5517
1808
3848
6765
4863
2491
87
1784
4489
9754
7487
9021
4506
5910
667
7708
5180
9971
6607
3212
7499
1986
5461
1809
3579
1506
6655
7749
5550
2126
9039
1224
6990
2696
4304
3914
2566
5168
7801
7974
2227
6966
4083
3974
7113
2715
7535
5995
194
2415
2902
6251
5779
665
5533
7668
9595
960
9248
4919
5816
7523
164
9165
6751
3644
1329
6484
4723
2998
1640
3833
7909
7243
5260
5316
7124
9268
7415
6539
1259
1476
2195
6612
8323
7690
6625
853
2829
4557
4932
2095
531
4778
89
7718
7738
4068
7907
2662
8276
5252
8505
1424
9731
2673
4145
4148
423
2052
216
2228
4519
5318
7281
2231
9393
7700
2728
9992
2857
4135
1868
4794
7391
3245
2578
5075
6554
703
4377
4926
9126
179
2459
9129
3120
4469
3163
1126
846
6759
5820
7479
487
2323
4001
1405
5248
9484
3841
3684
6428
6904
5454
5165
1883
5910
585
1630
4468
9675
1722
2270
4755
5992
6484
8521
1227
9880
1033
5991
9313
4231
7290
5346
8697
7054
9960
9178
1269
1590
7104
8409
1563
5481
7201
3087
5266
7024
9156
409
3093
2225
9796
8446
9149
5585
9597
9231
2699
3987
3784
6556
3094
9225
5451
8802
8367
7203
9556
7367
904
1721
8287
9059
4401
6036
6159
7461
1526
7360
4310
4495
7054
404
9664
4089
6223
2764
9848
7050
2821
4911
484
5249
3488
8279
9597
9102
7210
5881
8831
6966
9787
8120
507
7589
9827
8372
7364
2607
6268
4779
9346
6053
3022
4182
4339
4422
7327
356
5866
7901
6494
8404
831
6372
9454
1365
9489
7190
9500
8836
8034
9565
8070
8981
6026
435
5704
9146
1857
843
5906
4005
2247
6100
3490
8711
2075
3197
7388
230
7955
7089
7134
3259
1775
1486
9422
7181
2319
5361
1745
3404
6963
7613
3540
1178
2658
8803
1591
1320
2576
4691
2915
202
3456
9691
9024
322
7079
5339
4777
1240
1413
952
7473
3474
732
1468
7648
9502
2184
5583
7051
2732
2172
2129
2974
1942
629
6338
2162
2930
4835
8394
8566
9548
9505
5824
7432
510
3614
7242
6469
9931
3062
6629
3430
7462
903
1940
8958
4782
7646
9300
2362
5484
9969
3738
737
6978
8282
7653
3045
6770
2592
8057
7471
2951
3290
8940
4783
7077
7389
2023
5411
9097
8098
4034
6747
4120
1240
6202
2769
6745
4623
9474
4341
4247
9869
6465
2566
2725
1079
6829
2416
5489
3358
7732
640
5470
7242
4523
5506
6055
2857
7570
8399
5830
5881
2433
2315
7401
8003
7041
6102
7091
5767
5700
7702
2978
5058
5189
6059
2201
114
2464
3515
7534
3353
5736
3498
7693
337
1869
6746
7092
6431
5907
6047
4022
3374
8204
8247
7764
3911
2535
4232
3746
6118
3512
14
8908
3910
740
4422
1052
4354
8247
9327
6949
9026
410
5353
3902
9118
7675
7843
8150
5309
2158
5937
8439
8751
1396
9618
6170
5955
5524
7974
9920
1132
7812
8164
8157
3698
7875
8632
8541
8137
919
1146
5434
7574
6049
2793
6248
259
8948
6323
7071
4718
141
5068
3362
3793
2271
6190
4969
1190
659
1012
3381
7239
7040
3175
5898
2995
9318
7548
6955
3661
6954
1677
360
4399
6707
5804
8505
9497
4498
418
3382
5914
1173
7604
3274
1110
7
4150
9427
9821
443
6494
4281
4713
5649
5173
7429
9331
6901
5705
5043
6427
4461
3397
558
7737
8117
6502
8196
2587
5040
4138
3748
1310
5848
4129
2913
1819
2762
3406
1684
3108
7811
5941
7630
7559
8730
8356
4447
3864
8396
3828
9685
7718
8854
3564
3700
7007
6000
1179
9400
1293
4778
533
8732
538
3700
5260
9020
7506
7427
7151
6090